scen_number;sensitivity;n_iter;walltime;PrimalResidual_EOM;DualResidual_EOM;rho_EOM
1;ref;400;1.20983966;9.741417755531023;12.185368496484783
1;ref;40;0.1417785066666667;92.41892413867133;112.76399695951167
1;ref;400;1.2649451600000001;10.324673895724514;5.212095575298068
1;ref;400;1.2465556883333335;9.741417755531023;12.185368496484783
1;ref;400;1.2703720516666668;9.365234866369386;4.792960275444817
1;ref;500;1.7001927000000001;9.521506291499312;6.248046194340151
1;ref;1000;3.4037776600000003;9.16383429838961;1.2634768386808868
1;ref;500;1.601477536666667;9.483359889785097;6.039439033807751
1;ref;500;1.5550463616666668;9.475886918369424;5.907897521906127
1;ref;500;1.4062304283333336;9.637054005515564;9.76107220095886
1;ref;500;1.5705746783333334;9.605019166731708;9.93801773923903
1;ref;600;1.966412175;9.605019166731708;9.93801773923903
1;ref;600;2.2886815866666668;9.247637952425748;6.262051299934614
1;ref;600;1.6444090250000003;9.605019166731708;9.93801773923903
1;ref;600;2.1457566766666667;9.247637952425748;6.262051299934614
1;ref;600;1.6679154816666668;9.605019166731708;9.93801773923903
1;ref;600;1.557140535;9.605019166731708;9.93801773923903
1;ref;600;1.3825161150000003;9.997348156039484;8.455410087082377
1;ref;600;1.9249514766666669;9.348876005372128;5.047230342843617
1;ref;600;1.8566430066666666;9.24340945144669;6.07583327961251
1;ref;600;1.9545077083333335;10.210446674258082;6.461078720324049
1;ref;600;2.0872365433333337;10.218230316502638;8.321386235909227
1;ref;600;2.060408755;10.212769420273382;7.345766436605337
1;ref;600;1.8341508483333335;10.202360642873465;6.1426939285977085
1;ref;600;2.027315468333333;10.200642265742758;5.70347612239025
1;ref;600;1.9645574600000002;10.210446674258082;6.461078720324049;5
1;ref;600;2.2553514183333334;10.211721502697843;6.5879843620106024;8
1;ref;600;1.9555903350000001;10.211755056599564;6.876731164259571;9
1;ref;600;2.2687391750000003;10.207412994840396;6.285873279336125;10
1;ref;600;1.9713069383333335;10.195927436480233;5.6006538588447885;20
1;ref;600;1.8867095;42.09800076225626;77.93398432691826;20
1;ref;600;1.9712148866666668;10.149413668377393;0.0034924362357985402;20
1;ref;600;2.0112396083333333;65.07050081320408;34.04785070582456;20
1;ref;600;1.9577563833333333;10.149413668377028;0.0028970480405857116;1
1;ref;600;2.0355366233333334;10.149413668377028;0.0028970480405857116;1
1;ref;600;2.0968072033333334;10.149413668376308;0.0002865765025103923;1
1;ref;600;2.077377113333333;10.149413669174471;10.216744951869677;1
1;ref;400;1.2378884116666669;10.275232547056797;0.059566521116920325;1
1;ref;400;1.3132221400000001;10.1494136686042;10.976962068292897;0.1
1;ref;400;1.25719724;6.06079856644983;0.055799461595559395;1
1;ref;400;1.3943316533333332;5.699433256564524;0.07343908228660381;1
1;ref;200;0.6400010166666666;5.723643179766143;3.3064345343429906;0.1
1;ref;300;1.0039259866666668;5.699882180325046;2.1344266661935825;0.01
1;ref;300;1.007111545;5.6994353713051185;2.4301249746990026;4
1;ref;300;1.0303577683333334;7.235203767899127;5.36724531219439;1000
1;ref;300;0.9894686916666667;10.149413676271383;0.3173847911221838;1
1;ref;300;0.9156814483333334;12.976526477347027;8.668566022532765;1
4;ref;300;1.1661175633333334;12.976526477614412;8.668565967506318;1
4;ref;300;1.0897865833333333;12.976526477614412;8.668565967506318;1
4;ref;300;1.0597952816666667;12.976526477614412;8.668565967506318;1
4;ref;300;1.5119529833333334;12.976526477614412;8.668565967506318;1
4;ref;50;0.22759484666666668;103.49847239808767;129.86062835890868;1
4;ref;50;0.21823291500000003;103.49847239808767;129.86062835890868;1
4;ref;50;0.23158855000000003;103.49847239808767;129.86062835890868;1
4;ref;50;0.27712073333333337;74.3135076594153;29.987383867884756;1
4;ref;50;0.2988364766666667;74.31350764842092;29.98738342397812;1
4;ref;50;0.302352785;74.31350764842092;29.98738342397812;1
4;ref;50;0.40130944333333335;74.31350764842092;29.98738342397812;1
4;ref;50;0.25665667833333333;74.31350764842092;29.98738342397812;1
4;ref;100;0.5262464950000001;43.328571786957326;80.97596779113357;1
4;ref;100;0.54235662;43.328571786957326;80.97596779113357;1
4;ref;100;0.4696245233333334;62.31287294406659;117.99355282473236;1
4;ref;100;0.5712928883333334;62.30070548463592;118.01746971178247;1
4;ref;100;0.4551291983333334;62.31287294406659;117.99355282473236;1
4;ref;100;0.46560064;84.44737650745229;20.7454211357429;1
4;ref;100;0.450166765;42.82224752339305;77.59480217584783;1
4;ref;100;0.4834630066666667;62.29959261054721;118.01975409783026;1
4;ref;100;0.4553608666666667;62.29959257683832;118.01975345476424;1
4;ref;100;0.49216004500000005;62.29959257683832;118.01975345476424;1
4;ref;400;1.6585816850000001;11.332574058328548;5.349817066746574;1
4;ref;400;1.7324259483333333;11.332574058328548;5.349817066746574;1
4;ref;400;1.700019185;11.332574058328548;5.349817066746574;1
4;ref;400;1.6694518900000002;11.332574058333506;5.349817068895415;1
4;ref;400;1.6403212183333336;11.33257405833291;5.349817069008089;1
4;ref;400;1.6962385783333334;11.332574062089755;5.349816868712718;1
4;ref;400;1.659649336666667;11.332574062089755;5.349816868712718;1
4;ref;400;1.757257875;11.33257405833291;5.349817069008089;1
4;ref;400;1.7453240500000002;11.332574058333552;5.349817068897066;1
4;ref;400;1.7282969316666668;11.33257405833291;5.349817069008089;1
4;ref;400;1.8746421416666668;11.33257405833291;5.349817069008089;1
4;ref;400;1.7848890566666669;11.33257405833291;5.349817069008089;1
4;ref;40;0.2713922483333333;154.62381978312592;161.75817631029696;1
4;ref;40;0.20129279000000003;154.62381978312592;161.75817631029696;1
4;ref;40;0.22310145166666667;154.62381978265222;161.75817631193286;1
4;ref;40;0.35231275833333336;154.62381978312595;161.758176310297;1
4;ref;40;0.3495326266666667;154.62381977571988;161.7581763670394;1
4;ref;40;0.35893365;154.62381977808;161.75817637251316;1
4;ref;40;0.360639655;154.62381977571988;161.7581763670394;1
1;ref;40;0.20397094666666668;154.62381978215643;161.75817631314627;1
1;ref;40;0.13420342000000002;154.62381978215643;161.75817631314627;1
1;ref;40;0.17375476333333334;133.64322113619934;3.825556571889583;0.01
1;ref;40;0.14679108;154.62381978215643;161.75817631314627;1
1;ref;40;0.16327758333333336;154.62381978215643;161.75817631314627;1
4;ref;40;0.20939293333333336;154.62381977571988;161.7581763670394;1
4;ref;400;1.63110327;11.332574058328456;5.349817066375471;1
4;ref;400;1.71083011;11.332574058328209;5.349817066946677;1
4;ref;400;1.7263853283333335;11.332574058328209;5.349817066946677;1
4;ref;100;0.4590533916666667;62.29959261068586;118.01975410151859;1
1;ref;100;0.339498485;62.24149853188555;118.01975203668118;1
4;ref;100;0.4487156383333334;62.241498554443645;118.01975237832045;1
4;ref;100;0.47214684333333334;62.241498532709144;118.01975203343066;1
4;ref;100;0.46374269;62.241498557288025;118.01975235940611;1
4;ref;100;0.46073793;62.24149855731419;118.01975237674623;1
4;ref;200;0.8558347466666667;19.540305173044786;28.000103394166057;1
1;ref;40;10.078472998333334;2.984348366295121;0.00018593682146124187;1
1;ref;40;0.13948870833333335;2.9194166542394466;1.937442828570742;1
1;ref;200;0.5286106766666667;2.9844033507012733;6.380118180311782e-9;100
1;ref;200;0.6245099116666667;24.832670952561877;25.66019777767101;1
1;ref;200;0.6523707833333334;17.038748616439204;0.23140068803140532;0.01
1;ref;40;0.301950875;3.148179224754747;6.390333031557894e-6;1
1;ref;400;1.2620931766666668;1.1037777048825181;1.6072975275148114;1
1;ref;200;0.8602726700000001;24.832670952561877;25.66019777767101;1
1;ref;500;2.1048800283333335;17.14202035931022;10.02919759580091;1
1;ref;500;1.9668325250000003;6.016428463710357;5.505719250873496;1
1;ref;500;2.260077468333334;6.0164281298978235;5.505718270520826;1
1;ref;5;1.7543534333333333;280.5684150382482;0.8878830821665759;1
1;ref;5;6.928569081666667;280.5684150382482;0.8878830821665759;1
1;ref;5;9.481373806666666;280.56839943192205;0.8879784128995477;1
1;ref;5;7.88301265;230.82981987623268;0.12896571557881628;1
1;ref;5;0.17030140833333332;230.82982572352296;0.12896578368218609;1
1;ref;500;1.6190669083333336;1.9510622118926972;3.594475354315478;1
1;ref;500;1.5296199616666668;1.9510622118926972;3.594475354315478;1
1;ref;1000;3.0853099133333335;1.9331524192689615;3.6807462346188973;1
1;ref;1000;3.1273221333333336;1.9331524192689615;3.6807462346188973;1
1;ref;1000;4.2685629416666675;1.9331524192689615;3.6807462346188973;1
1;ref;10;0.08740139333333334;150.85063732521436;63.09374255610429;1
1;ref;10;0.061580105;150.85063732521436;63.09374255610429;1
1;ref;10;0.055286220000000004;150.85063732521436;63.09374255610429;1
1;ref;10;0.05615449833333334;150.85063732521436;63.09374255610429;1
1;ref;10;0.05781484666666667;150.85063732521436;63.09374255610429;1
1;ref;10;0.055799023333333336;150.85063732521436;63.09374255610429;1
1;ref;500;1.6519501483333334;1.9510622118926972;3.594475354315478;1
1;ref;500;1.6707785083333335;1.9510622118926972;3.594475354315478;1
1;ref;500;1.6982242533333334;1.9510622118926972;3.594475354315478;1
1;ref;500;1.682295305;1.9331524211139663;3.4840291413577886;1
1;ref;500;1.6400649383333332;3.3022760386669625;2.3371366244236085;1
1;ref;500;1.772643695;1.9510622118926972;3.594475354315478;1
1;ref;1000;0.5538891016666666;8.989376636081914;9.959833454981187;1
1;ref;1000;3.7524318150000004;1.9331524193134302;2.780466657327421;10
1;ref;400;1.37523701;10.149712239643135;10.978855432041257;10
1;ref;400;1.7897006083333336;10.149712239643135;10.978855432041257;10
1;ref;400;1.41975548;10.15051268428854;4.717203910560199;1
1;ref;400;1.2396428566666666;10.15051268428854;4.717203910560199;1
1;ref;600;2.0705904750000004;10.149413574687749;0.0032405343955946076;4
1;ref;600;2.1842043983333337;10.219049497938375;7.959323374690718;1
1;ref;600;2.1260864450000003;2.690996383666192;3.0522952088695248;1
1;ref;600;2.0027197516666666;1.9351726439736625;3.4390711841702233;1
1;ref;1000;1.5347995033333333;0.9939779546536623;0.943995154418995;1
1;ref;1000;1.4526139550000001;0.9994242138238135;0.9773153240059099;0.1
1;ref;1000;3.29512792;0.4889627299239078;0.21649076911109297;1
1;ref;1000;2.3417604050000005;0.07962111325216419;0.09524500226789823;1
1;ref;1000;2.2940250066666668;0.07961985326343969;0.0952557002223031;1
1;ref;1000;2.6538762316666666;0.07961930897968954;0.0952255672071364;1
1;ref;1000;2.1946093633333335;0.07961981970449948;0.09524354728214852;1
1;ref;1000;2.358596771666667;0.07961930888344797;0.0952257352839659;1
1;ref;1000;2.13176172;0.0796193073964919;0.09522546216283978;1
1;ref;1000;2.3526797333333334;0.07962093021973803;0.09520589456890889;1
1;ref;1000;2.2907157650000003;0.09692681276493627;0.09145864389681899;1
1;ref;1000;1.9829382983333335;0.0751156044656289;0.09590567255282165;1
1;ref;1000;3.0208784950000003;0.6377773531947089;1.1226633756783115;1
1;ref;1000;3.256516131666667;0.2989621431728404;0.20918575554972577;1
1;ref;1000;2.9126018133333336;0.2989621431728404;0.20918575554972577;1
1;ref;1000;1.9630336483333335;0.09176418628915346;0.09470922138830774;1
1;ref;1000;1.8656291233333335;0.09176418104891243;0.09470934189741384;1
4;ref;100;0.5135591733333333;13.34710396186169;19.277386651525614;1
1;ref;100;2.4859981583333335;22.88711079656435;39.59093228947127;1
1;ref;1000;29.811752883333334;0.7617475321359365;0.6993450366380027;1
1;ref;1000;11.286603751666666;0.2224768283616105;0.41808160458478655;1
1;ref;1000;1.7619513133333335;0.09730967344764613;0.08645948354261491;0.001
1;ref;1000;1.8380255266666667;0.06334864491606904;0.08052790016331028;0.001
1;ref;1000;1.7704570550000003;0.06334864491606904;0.08052790016331028;0.001
1;ref;1000;0.3612688766666667;0.09552211256626483;0.0801343561125773;0.001
1;ref;10;0.04333996666666667;288.37947128143486;5.46424787254884e-9;0.001
1;ref;10;0.05496224833333333;288.37947128143486;5.46424787254884e-9;0.001
1;ref;10;0.042684563333333335;288.37947128143486;5.46424787254884e-9;0.001
1;ref;10;0.052842405;288.37947128143486;5.46424787254884e-9;0.001
1;ref;10;0.04300151333333334;288.37947128143486;5.46424787254884e-9;0.001
1;ref;10;0.050616525;288.37947128143486;5.46424787254884e-9;0.001
1;ref;300;1.908921026666667;0.06334864491606904;0.08052790016331028;0.001
1;ref;300;9.026515226666668;0.7628634943845232;0.5334491569480598;0.001
1;ref;300;9.650540941666668;0.7908314894574683;0.307810484054645;0.001
1;ref;300;11.121691686666669;0.7908314894574683;0.307810484054645;0.001
4;ref;300;8.714584446666667;0.5220296598177911;0.7994498666683371;0.001
4;ref;300;9.063358893333335;0.5220296598177911;0.7994498666683371;0.001
1;ref;300;9.679319433333335;0.7908314894574683;0.307810484054645;0.001
4;ref;300;8.988580070000001;0.5220296598177911;0.7994498666683371;0.001
4;ref;300;1.6134978066666668;0.2323668783207829;0.15276582806428718;0.001
4;ref;50;9.251474923333335;152.78852882953962;0.150810804885483;0.001
1;ref;50;17.108675036666668;42.6935538516264;0.6302808377204209;0.001
4;ref;50;10.442098493333335;148.65566203971886;0.3206188154616042;0.001
4;ref;50;6.551204225000001;153.31392732796166;0.2302939084412294;0.001
4;ref;50;1.2589359933333335;153.5305939653703;0.09474914458749291;0.001
4;ref;50;1.2582064466666667;47.93480851359831;0.6217891739766618;0.001
4;ref;500;3.1926963466666667;0.08145957175028455;0.09061200724071695;0.001
4;ref;500;3.2668292033333333;0.08145957175028455;0.09061200724071695;0.001
4;ref;500;12.493891606666667;384.83966155598;0.00013160960368428632;0.001
4;ref;500;11.833426295;383.39208529961996;4813.551340932619;0.001
4;ref;500;13.052159223333335;383.39208529962053;4813.551340931103;0.001
1;ref;500;2.4612176083333335;0.07240474412695269;0.09302279805355568;0.001
4;ref;500;13.529096353333333;384.83966147283235;0.00032978079238691856;0.001
4;ref;500;14.218221483333334;384.8396614859017;0.0002977661033432196;0.001
4;ref;500;10.772560878333334;384.8396614859017;0.0002977661033432196;0.001
4;ref;500;8.416671755000001;0.00011612262173767966;8.695281177513256e-5;0.001
4;ref;500;10.909903895000001;384.8396614859017;0.0002977661033432196;0.001
4;ref;500;11.148323426666668;384.8396615771567;0.0001667839062094244;0.001
4;ref;50;1.1117896250000001;384.83966163079674;6.159974157921032e-8;0.001
1;ref;50;0.14613027833333334;40.825014791770236;0.5909974923765966;0.001
1;ref;50;0.13792748000000002;40.825014791770236;0.5909974923765966;0.001
1;ref;500;0.9782311133333333;8.706691058185014e-7;8.428156410093675e-7;0.001
4;ref;500;1.8550734483333333;8.708170549889609e-7;8.429483307769478e-7;0.001
4;ref;500;1.8228481333333335;8.708170549889609e-7;8.429483307769478e-7;0.001
4;ref;500;2.5266474983333334;0.06612631836900758;0.07808285534913983;0.001
4;ref;500;2.6070864866666668;0.4555739921322142;0.327040409529305;0.001
4;ref;500;2.7619797416666665;3.2178485945535495;6.540225217992426;0.001
4;ref;500;11.56307849;5.5956583825821244;6.914604063930354;0.001
4;ref;250;5.952550226666667;7.174282434815545;5.460861823959973;0.001
4;ref;250;4.846391008333334;0.0002255145529156114;0.0003404255456278756;0.001
4;ref;250;4.926185086666667;0.0005649961762236368;0.00014011198508220775;0.001
4;ref;250;4.880953570000001;0.0005649961762236368;0.00014011198508220775;0.001
4;ref;250;5.751131396666667;3.794781681191106;7.933274766276457;0.001
4;ref;250;0.6813862850000001;0.0005649961714071015;0.00014011198433751924;0.001
4;ref;250;0.660583905;0.007898533765034617;0.006340235803437253;0.1
4;ref;250;0.6766689066666667;0.007898533765034617;0.006340235803437253;0.1
4;ref;250;0.6532267633333333;0.007898538403784402;0.0063402439277066335;0.1
4;ref;250;0.6485437033333333;0.007898538403784402;0.0063402439277066335;0.1
4;ref;250;0.6393512016666667;0.007898538403784402;0.0063402439277066335;0.1
4;ref;250;0.6564207833333333;0.007898533765034617;0.006340235803437253;0.1
4;ref;250;0.947484385;1.1356736066023965;0.5690117535608878;0.1
4;ref;250;0.6689735450000001;0.007898533765034617;0.006340235803437253;0.1
4;ref;250;0.65064554;0.007898533765034617;0.006340235803437253;0.1
4;ref;250;0.9425938183333334;0.6813784532716293;0.8687587885376626;0.001
4;ref;250;0.6744126883333333;0.000564996171642466;0.00014011198437628052;0.001
1;ref;250;0.602421045;0.0005649584424497926;0.00014011940137011414;0.001
4;ref;250;0.65899481;0.0005649961759815621;0.00014011198502872314;0.001
4;ref;250;0.9035302216666667;20.123369996782102;9.435061201893355;0.001
4;ref;250;0.6780186666666667;0.0005649963780832406;0.00014011202749031326;0.001
4;ref;250;0.6635594466666668;0.0005649963780835639;0.00014011202748867682;0.001
4;ref;250;0.6960885933333334;0.0005649963780835639;0.00014011202748867682;0.001
4;ref;250;0.67295366;0.0005649963780835639;0.00014011202748867682;0.001
4;ref;250;0.6674419033333334;0.0005649963780835639;0.00014011202748867682;0.001
4;ref;250;0.6961449533333334;0.0005649963780835639;0.00014011202748867682;0.001
4;ref;250;0.6842378950000001;0.0005649963780835639;0.00014011202748867682;0.001
4;ref;250;0.6789118416666667;0.0005649963780835639;0.00014011202748867682;0.001
4;ref;250;0.9375769366666666;3.875009603119287;2.4622288455624615;0.001
4;ref;600;2.1403440483333336;1.7868744687713305;1.7524856239612692;0.001
4;ref;600;1.9332221833333336;27.452846880034496;11.768465087862184;0.001
4;ref;600;1.0428527483333334;8.70735443497335e-7;8.428724544483756e-7;0.001
4;ref;600;1.2212646166666667;9.83393506731742e-7;6.346002902321364e-7;0.1
4;ref;600;1.2410123283333334;9.83393506731742e-7;6.346002902321364e-7;0.1
4;ref;600;1.53400293;9.83393506731742e-7;6.346002902321364e-7;0.1
4;ref;600;1.3887570766666668;9.83393506731742e-7;6.346002902321364e-7;0.1
4;ref;10;0.06954933833333335;27.839424269522503;1.3054921289165682;0.1
4;ref;10;0.06705587666666667;27.839424269522503;1.3054921289165682;0.1
4;ref;10;0.06575213666666667;27.839424269522503;1.3054921289165682;0.1
4;ref;10;0.06803097500000001;27.839424269522503;1.3054921289165682;0.1
4;ref;10;0.07473940666666667;27.839424269522503;1.3054921289165682;0.1
4;ref;10;0.09732300333333335;27.839424269522503;1.3054921289165682;0.1
4;ref;10;0.08290417;148.74807101352232;4.7815251344880165;0.1
4;ref;10;0.07680093000000002;148.74807101352232;4.7815251344880165;0.1
4;ref;10;0.07879122666666667;148.74807101352232;4.7815251344880165;0.1
4;ref;10;0.07619094333333334;148.74807101352232;4.7815251344880165;0.1
4;ref;10;0.08429628166666667;148.74807101352232;4.7815251344880165;0.1
4;ref;10;0.07711783833333334;148.74807101352232;4.7815251344880165;0.1
4;ref;10;0.08472454833333334;68.36489841468149;0.9295635449954218;0.1
4;ref;10;0.082250735;68.36489841468149;0.9295635449954218;0.1
4;ref;10;0.08039243666666666;68.36489841468149;0.9295635449954218;0.1
4;ref;10;0.08182684166666668;68.36489841468149;0.9295635449954218;0.1
4;ref;10;0.08182765833333333;68.36489841468149;0.9295635449954218;0.1
4;ref;10;0.08193987000000001;154.19323712504965;1.1124175860066555e-8;0.001
4;ref;10;0.07883791666666667;384.8396610739491;3.4209084297411605e-9;0.001
4;ref;10;0.07688982333333333;384.8403637919464;5.486891517942346e-7;0.001
4;ref;10;0.06871125;230.8327853313798;9.390298350269847e-7;0.001
4;ref;10;0.11177086000000001;230.8327853313798;9.390298350269847e-7;0.001
4;ref;100;0.28933932666666673;0.5563425277767613;0.11340929472591375;0.001
4;ref;100;0.37615915333333333;384.8396636577132;2.6531422706136008e-5;0.001
4;ref;300;1.096860255;384.83966157759954;0.0032338289520661458;0.001
4;ref;300;1.1257382266666667;384.83966157759954;0.003233757017324752;0.001
4;ref;300;1.08002429;384.83966157759954;0.003233757017324752;0.001
4;ref;300;0.7964823200000001;2.1133838106852334e-5;2.059327528590936e-5;0.001
4;ref;300;1.1011123616666667;14.661718537098741;11.608452956769945;0.001
4;ref;100;0.2774310933333333;0.5563425277767613;0.11340929472591375;0.001
4;ref;100;0.3354533;0.5724776120106908;0.15587900924512219;0.001
4;ref;100;0.3723727616666667;15.558581235135136;7.626345405323286;0.001
4;ref;500;1.4706235333333335;0.49871839856827344;0.3012101955827358;0.001
4;ref;500;1.5305184416666668;0.5740293230435789;0.5749840380753128;0.001
4;ref;500;1.5531693266666666;0.6271499404453971;0.5732090507475345;0.01
4;ref;200;0.71262747;9.312174042231312;4.761449219366727;0.001
4;ref;200;0.7222444400000001;9.312174042231312;4.761449219366727;0.001
4;ref;200;0.7331077666666667;9.312174042231312;4.761449219366727;0.001
4;ref;200;0.7283056366666667;8.586118769170461;4.682114194379648;0.01
4;ref;200;0.7350857983333334;8.220138545977408;4.736279057504643;0.1
4;ref;700;2.6722178866666666;4.669263527582955;3.9320319347057593;0.1
4;ref;700;2.0995158750000003;0.028241448635338912;0.04441989628176964;0.1
4;ref;700;2.170837151666667;0.028241448635338912;0.04441989628176964;0.1
4;ref;5;0.04917183666666667;384.8396592479935;5.912308894780522e-8;0.1
4;ref;5;0.04695924666666667;82.03979028889013;2.43536184672322;0.1
4;ref;5;0.04817305833333333;81.98384427979455;2.44292628980528;0.1
4;ref;20;0.08359950833333334;2.851196177677208;0.7618398018824405;0.1
4;ref;20;0.09037148;2.851196177677208;0.7618398018824405;0.1
4;ref;200;0.5336100083333334;0.07199202018388647;0.05768110978423652;0.1
4;ref;200;0.7844001566666667;15641.211435473595;2.0417089494822936e6;0.1
4;ref;500;1.6702369000000001;16215.915059941948;9.807354391595181e-6;0.1
1;ref;500;0.5886538166666667;0.0004215482630696619;0.0007969652450832009;0.001
1;ref;500;0.557341695;0.0004215482630696619;0.0007969652450832009;0.001
1;ref;500;0.5780755450000001;0.0004215482630696619;0.0007969652450832009;0.001
1;ref;500;0.9717285383333334;0.0004215482630696619;0.0007969652450832009;0.001
1;ref;500;0.8423857533333334;0.0002492498220844942;0.0004615178750292274;0.01
1;ref;500;0.9339503400000001;0.0002492498220844942;0.0004615178750292274;0.01
1;ref;500;10.889500925;0.4414321647261516;0.339219882120759;0.01
1;ref;500;1.3959248033333334;0.9766248730102446;0.9552362868894072;0.01
1;ref;500;0.17502483;0.9357468483585366;0.6040043032373873;0.01
1;ref;500;0.18868084333333332;0.9357468483585366;0.6040043032373873;0.01
1;ref;500;0.18882841166666667;0.9357468483585366;0.6040043032373873;0.01
1;ref;500;1.1392921150000002;0.9731261912377245;0.6827747949252327;0.01
1;ref;500;1.1355324866666667;0.8582169215557688;0.4385100142583419;0.01
1;ref;500;1.1073443233333333;0.9208061091562891;0.8743403296566787;0.01
1;ref;500;2.2245024583333333;0.9939824500871703;0.643316976179123;0.01
1;ref;500;14.940103478333334;0.4307141182446588;0.14371283252276842;0.01
1;ref;500;15.580495363333334;0.43779151958602197;0.24503943278278004;0.01
1;ref;500;3.506445483333333;0.30853324016393285;0.26132608234074745;0.01
1;ref;500;3.042762365;0.49455490373584365;0.3774891680407575;0.01
1;ref;500;3.697735911666667;0.49236507698407517;0.9846786945617076;0.01
1;ref;500;3.8716293683333336;0.752891292244231;0.6099396252963469;0.01
1;ref;500;3.8219097900000003;0.9939824500871703;0.643316976179123;0.01
1;ref;500;24.208943918333333;0.9939824500871703;0.643316976179123;0.01
1;ref;500;24.594713855000002;0.0823507696486797;0.09284306268335094;0.01
1;ref;500;12.455344550000001;0.9766248730102446;0.9552362868894072;0.01
1;ref;500;22.151936191666667;0.9901137933019271;0.5529524967927187;0.01
1;ref;500;26.12776046;0.9837844792105164;0.6235102249657788;0.01
1;ref;500;18.155944123333335;0.49236507698407517;0.9846786945617076;0.01
1;ref;500;13.822816408333333;0.9939824500871703;0.643316976179123;0.01
1;ref;500;13.98698753;0.8353955504246003;0.6990957590884854;0.01
1;ref;500;16.346904765;0.49236507698407517;0.9846786945617076;0.01
1;ref;500;13.580848395;0.8353955504246003;0.6990957590884854;0.01
1;ref;5;1.033092705;204.64791473400228;0.2158127980642668;0.01
1;ref;5;3.8827578283333337;322.7933925600188;0.32518974007634743;0.01
1;ref;5;4.471467733333333;322.7933925600188;0.32518974007634743;0.01
2; High gas prices;5;3.9847578;322.9737134274633;0.32469489289522185;0.01
2; High gas prices;5;3.8114291550000003;322.9737134274633;0.32469489289522185;0.01
2; High gas prices;5;3.7317811283333335;322.9737134274633;0.32469489289522185;0.01
2; High gas prices;500;8.449639171666668;0.854820941437454;0.8542920215078351;0.01
2; High gas prices;500;22.16939414666667;0.009904065795254957;0.009165922813506991;0.01
2; High gas prices;600;21.632453055;0.009904065795254957;0.009165922813506991;0.01
1;ref;600;2.7922078949999998;0.009904093558065869;0.009165876534321394;0.01
2; High gas prices;600;2.7624868333333334;0.009903954722228313;0.009166107745271731;0.01
2; High gas prices;600;2.8701341583333337;0.009903565627396319;0.009166755318181936;0.01
3; High gas prices;600;2.7286189300000006;0.009845322536816838;0.006975722817440263;0.01
3; High gas prices;10;0.1763569;548.3181107380543;0.0002211132491494571;0.01
3; High gas prices;10;0.228920325;548.3181107380543;0.0002211132491494571;0.01
3; High gas prices;10;0.2573200483333334;548.3181107380543;0.0002211132491494571;0.01
3; High gas prices;10;0.18519246833333333;548.3181107380543;0.0002211132491494571;0.01
3; High gas prices;10;0.2526992816666667;548.3181107380543;0.0002211132491494571;0.01
3; High gas prices;10;0.1844519666666667;548.3181107380543;0.0002211132491494571;0.01
3; High gas prices;10;0.203324625;548.3181107380543;0.0002211132491494571;0.01
3; High gas prices;10;0.17961991833333332;548.3181107380543;0.0002211132491494571;0.01
3; High gas prices;10;0.20274559500000003;548.3181107380543;0.0002211132491494571;0.01
3; High gas prices;5;0.15219756333333334;548.3846257968561;8.526891123233342e-5;0.01
3; High gas prices;5;0.09843836166666667;548.3846257968561;8.526891123233342e-5;0.01
3; High gas prices;5;0.10336331333333335;548.3846257968561;8.526891123233342e-5;0.01
3; High gas prices;5;0.10973258166666668;548.3846257968561;8.526891123233342e-5;0.01
3; High gas prices;5;0.11256038500000001;548.3846257968561;8.526891123233342e-5;0.01
3; High gas prices;5;0.10582696500000001;548.3846257968561;8.526891123233342e-5;0.01
3; High gas prices;5;0.10668162166666667;548.3846257968561;8.526891123233342e-5;0.01
3; High gas prices;5;0.10313246333333334;548.3846257968561;8.526891123233342e-5;0.01
3; High gas prices;5;0.10572365833333335;548.3846257968561;8.526891123233342e-5;0.01
3; High gas prices;5;0.10973155333333334;548.3846257968561;8.526891123233342e-5;0.01
3; High gas prices;5;0.10951282333333334;548.3846257968561;8.526891123233342e-5;0.01
3; High gas prices;5;0.09937693166666667;548.3846257968561;8.526891123233342e-5;0.01
3; High gas prices;5;0.11975980166666668;548.3846257968561;8.526891123233342e-5;0.01
3; High gas prices;5;0.11074186833333334;548.3846257968561;8.526891123233342e-5;0.01
3; High gas prices;5;0.11286995833333334;548.3846257968561;8.526891123233342e-5;0.01
3; High gas prices;5;0.10977803333333334;548.3846257968561;8.526891123233342e-5;0.01
3; High gas prices;5;0.09927303666666668;548.3846257968561;8.526891123233342e-5;0.01
3; High gas prices;5;0.10857476333333334;548.3846257968561;8.526891123233342e-5;0.01
3; High gas prices;5;0.11684607666666667;548.3846257968561;8.526891123233342e-5;0.01
3; High gas prices;5;0.09666280666666667;548.3846257968561;8.526891123233342e-5;0.01
3; High gas prices;5;0.12088116333333333;548.3846257968561;8.526891123233342e-5;0.01
3; High gas prices;5;0.11056122500000001;548.3846257968561;8.526891123233342e-5;0.01
3; High gas prices;5;0.11246988166666667;548.3846257968561;8.526891123233342e-5;0.01
3; High gas prices;5;0.10442479666666668;548.3846257968561;8.526891123233342e-5;0.01
3; High gas prices;5;0.10823073000000001;548.3846257968561;8.526891123233342e-5;0.01
3; High gas prices;5;0.11656203000000001;548.3846257968561;8.526891123233342e-5;0.01
3; High gas prices;5;0.10704805166666667;548.3846257968561;8.526891123233342e-5;0.01
3; High gas prices;5;0.10526918500000002;548.3846257968561;8.526891123233342e-5;0.01
3; High gas prices;5;0.11247146333333334;548.3846257968561;8.526891123233342e-5;0.01
3; High gas prices;5;0.5312155416666667;548.3846257968561;8.526891123233342e-5;0.01
3; High gas prices;5;0.41714524333333336;548.3846257968561;8.526891123233342e-5;0.01
3; High gas prices;5;0.4356714066666667;548.3846257968561;8.526891123233342e-5;0.01
3; High gas prices;5;0.42476432333333336;548.3846257968561;8.526891123233342e-5;0.01
3; High gas prices;5;0.4105792616666667;548.3846257968561;8.526891123233342e-5;0.01
3; High gas prices;5;0.39494607333333337;548.3846257968561;8.526891123233342e-5;0.01
3; High gas prices;5;0.3858968766666667;548.3846257968561;8.526891123233342e-5;0.01
3; High gas prices;5;0.3573221866666667;548.3846257968561;8.526891123233342e-5;0.01
3; High gas prices;5;0.6975607916666667;548.3846257968561;8.526891123233342e-5;0.01
3; High gas prices;5;0.5686551666666666;548.3846257953326;8.526895843434743e-5;0.01
3; High gas prices;5;0.6045047550000001;548.3846257953326;8.526895843434743e-5;0.01
3; High gas prices;5;0.9395128206666666;548.384625750347;8.526882693740303e-5;0.01
3; High gas prices;150;7.039883997616667;0.24666014035277456;0.2758113738157058;0.1
3; High gas prices;150;8.035639564566667;0.20518013967034865;0.2758377244645359;0.1
3; High gas prices;100;4.63424690835;0.17521773579280417;0.35877758999430387;0.1
3; High gas prices;200;8.918215132933334;0.21659018637671645;0.16513206181943432;0.1
3; High gas prices;150;6.1783544183500005;0.20518216670464276;0.2758377497700077;0.1
3; High gas prices;300;4.877301355;0.008247228846248823;0.015117570252957869;0.1
3; High gas prices;300;4.614630348333334;0.008247228846248823;0.015117570252957869;0.1
3; High gas prices;300;4.828469888333333;0.008261752630739142;0.015116726008031194;0.1
3; High gas prices;300;4.617995961666667;0.008261752630739142;0.015116726008031194;0.1
3; High gas prices;30;0.5106639216666667;7.006421703456197;0.7022846889902667;0.1
3; High gas prices;300;4.382364563333334;0.008261752630739142;0.015116726008031194;0.1
3; High gas prices;30;0.5158205283333334;6.979337986954298;1.4169642072858;0.1
3; High gas prices;30;0.4737053466666667;5.314112517946126;0.8302592644974613;0.1
3; High gas prices;60;1.0245440833333335;1.381244203523042;0.7514175390591502;0.1
3; High gas prices;60;1.01209466;1.4773537419196643;0.7891456449423316;0.01
3; High gas prices;60;1.0212878233333333;1.4773537419196643;0.7891456449423316;0.01
3; High gas prices;100;1.74454639;0.2150297739992621;0.27157248989320193;0.01
3; High gas prices;100;1.651859086666667;0.2146430099693082;0.2724194319059773;0.01
3; High gas prices;100;1.7246658733333333;0.2146430099693082;0.2724194319059773;0.01
3; High gas prices;300;5.585330793333333;0.7674340916096106;0.3054683259737154;0.01
3; High gas prices;300;5.255601583333333;0.7674340916096106;0.3054683259737154;0.01
3; High gas prices;300;5.268328146666667;0.7674340916096106;0.3054683259737154;0.01
3; High gas prices;300;2.920894835;0.009937735146272325;0.006961629243239289;0.01
3; High gas prices;200;2.7461151183333334;0.009812932763373217;0.00896658240584222;0.01
3; High gas prices;200;3.5591158666666667;0.23347772818474297;0.23077035783026464;0.01
3; High gas prices;200;3.0425258083333335;0.009739925730746075;0.006089030606933605;0.01
3; High gas prices;200;2.823879175;0.009691074871392745;0.008106585445141942;0.01
3; High gas prices;200;3.7242552300000002;0.5992167946311645;0.5297530659859456;0.01
3; High gas prices;500;10.131010253333333;0.329171644398737;0.487441633036736;0.01
3; High gas prices;500;8.873447148333334;0.329171644398737;0.487441633036736;0.01
3; High gas prices;500;8.764243216666667;0.329171644398737;0.487441633036736;0.01
3; High gas prices;500;2.65494036;0.009812932763373217;0.00896658240584222;0.01
3; High gas prices;500;20.323944638333334;0.329171644398737;0.487441633036736;0.01
3; High gas prices;500;10.735808406666669;0.329171644398737;0.487441633036736;0.01
3; High gas prices;500;10.094906281666669;0.6207243542900682;0.37738040943285134;0.01
3; High gas prices;500;10.146753200000001;0.22691333883002957;0.15044351347486767;0.01
3; High gas prices;500;9.345536541666666;0.2244723652549246;0.1528318721444419;0.01
3; High gas prices;500;10.137333186666668;0.2244723652549246;0.1528318721444419;0.01
3; High gas prices;500;10.161484056666668;0.2244723652549246;0.1528318721444419;0.01
3; High gas prices;500;3.7463344566666668;0.009736604091618844;0.005338363453944741;0.01
3; High gas prices;600;3.0202220933333335;0.009460400948313897;0.008052606119980705;0.01
3; High gas prices;100;1.7299102966666668;0.12668334117182187;0.19262270280265834;0.01
3; High gas prices;100;1.7996540100000002;0.12668334117182187;0.19262270280265834;0.01
3;ref;400;3.781424556666667;0.009773456387548554;0.009067839216855882;0.01
1;ref;400;1.115561145;0.8548205867121806;0.8542928911298111;0.01
1;ref;49;86.89224126166667;4.60603165104597;1.2657921417364426;0.01
1;ref;49;73.90563163333334;29.006583638717945;3.7182302753074135;0.01
1;ref;500;106.38736153833334;0.9582196602117857;0.8261500211107005;0.01
1;ref;500;90.29807575166667;0.96829137537488;0.5064892631305434;0.01
1;ref;500;81.65260723333334;0.96829137537488;0.5064892631305434;0.01
3;ref;500;1.40065173;0.8969680999364241;0.9795927320635098;0.01
3;ref;24;0.3811459266666667;111.65735588675189;0.9051929050722589;0.01
3;ref;23;0.3687908816666667;120.80914495480316;0.8682737128060609;0.01
3;ref;23;0.3812067916666667;120.80914495480316;0.8682737128060609;0.01
3;ref;500;8.701330988333334;4.166057288588994e-6;2.392693842018498e-6;0.01
3;ref;500;26.11432024666667;0.009916253735616434;0.005202749780260057;0.01
3;ref;500;68.21674648166668;4.166057288588994e-6;2.392693842018498e-6;0.01
1;ref;500;25.289065376666667;0.009916253735616434;0.005202749780260057;0.01
3;ref;500;64.928795855;4.166057288588994e-6;2.392693842018498e-6;0.01
3;ref;500;63.71180700833334;4.166057288588994e-6;2.392693842018498e-6;0.01
3;ref;500;64.62546958;4.166057288588994e-6;2.392693842018498e-6;0.01
3;ref;500;63.489083755;4.166057288588994e-6;2.392693842018498e-6;0.01
3;ref;500;67.86592512166666;4.166057288588994e-6;2.392693842018498e-6;0.01
3;ref;500;66.20106273333334;4.166057288588994e-6;2.392693842018498e-6;0.01
3;ref;500;67.80689176666667;4.166057288588994e-6;2.392693842018498e-6;0.01
3;ref;500;72.271666615;4.166057288588994e-6;2.392693842018498e-6;0.01
3;ref;500;66.87509765333333;4.166057288588994e-6;2.392693842018498e-6;0.01
3;ref;500;63.77371510833334;4.166057288588994e-6;2.392693842018498e-6;0.01
3;ref;10;1.2713202333333335;233.4237313486298;0.35412731623525495;0.01
3;ref;10;1.2182226766666668;233.4237313486298;0.35412731623525495;0.01
3;ref;10;1.2246001766666668;233.4237313486298;0.35412731623525495;0.01
3;ref;10;1.1926645033333334;233.4237313486298;0.35412731623525495;0.01
3;ref;300;39.55161423166667;0.00031956367394175454;0.00016329322755966145;0.01
3;ref;300;42.834342265000004;0.0003196068158939055;0.00016330611055141587;0.01
3;ref;300;45.296258971666674;0.00031957694108758543;0.0001633204340643837;0.01
3;ref;30;4.476699045;75.99415954854213;0.9858796051400951;0.01
3;ref;300;37.90940651333334;0.00031957694108758543;0.0001633204340643837;0.01
3;ref;300;39.51734682000001;0.0003208697363690002;0.00016170530604632283;0.01
3;ref;300;29.301655755000002;0.009916253735616434;0.005202749780260057;0.01
3;ref;300;67.12513191500001;0.0003195985311705442;0.00016330549681806454;0.01
3;ref;10;1.9077845133333333;233.4237313486298;0.35412731623525495;0.01
3;ref;150;36.67597416833334;0.0448484803718815;0.046950746819648614;0.01
3;ref;150;55.83911435666667;0.04484852419629402;0.046950813781403505;0.01
3;ref;150;22.680265270000003;0.044848831187012585;0.046965426476671984;0.01
3;ref;150;4.183908583333333;0.044848831187012585;0.046965426476671984;0.01
3;ref;150;4.549774826666667;0.04484689835401894;0.046937490314219586;0.01
3;ref;200;24.377791375;0.008626465098191273;0.004641419408102137;0.01
3;ref;100;1.9734784716666667;0.6247543481325764;0.2922773472512385;0.01
3;ref;150;3.8799196733333337;0.044848541500722365;0.04695084664204768;0.01
3;ref;130;2.9228486200000003;0.10377770141655544;0.08476009146168806;0.01
3;ref;130;4.631346135;0.10377770141655544;0.08476009146168806;0.01
3;ref;130;2.1064048300000002;0.10370802064549738;0.08470895206686373;0.01
3;ref;200;5.991898000000001;0.008725994649701594;0.004278985403622863;0.01
3;ref;130;2.3208851066666667;0.10370802064549738;0.08470895206686373;0.01
3;ref;130;2.2788201716666667;70.13379538825838;0.013435195571626446;0.01
3;ref;130;2.193963136666667;70.13379538825838;0.013435195571626446;0.01
3;ref;130;2.1630371483333333;70.13379538825838;0.013435195571626446;0.01
3;ref;3;0.08134001666666667;383.85231277674023;0.39892216398035996;0.01
3;ref;3;0.06759218000000002;383.85231277674023;0.39892216398035996;0.01
3;ref;3;0.08692618333333334;383.85231277674023;0.39892216398035996;0.01
3;ref;30;0.49721499;209.44384258675163;0.02497570053070576;0.01
3;ref;30;0.4808188016666667;209.44384258675163;0.02497570053070576;0.01
3;ref;100;1.6516627250000002;82.91250169945327;0.02649197532780205;0.01
3;ref;100;1.79478395;82.91250169945327;0.02649197532780205;0.01
3;ref;100;2.037627146666667;82.91250169945327;0.02649197532780205;0.01
3;ref;100;2.0178694883333335;82.91250169945327;0.02649197532780205;0.01
3;ref;100;2.294858935;82.91250169945327;0.02649197532780205;0.01
3;ref;100;2.638107286666667;82.91250169945327;0.02649197532780205;0.01
3;ref;100;2.2463956383333334;82.91250169945327;0.02649197532780205;0.01
3;ref;100;2.4162813716666665;82.91250169945327;0.02649197532780205;0.01
3;ref;100;2.3771244333333335;82.91250169945327;0.02649197532780205;0.01
3;ref;200;4.776444765;64.91415870162965;0.0038870826983454167;0.01
3;ref;200;4.3959346733333335;64.91415870162965;0.0038870826983454167;0.01
3;ref;200;4.365296055;64.91415870162965;0.0038870826983454167;0.01
3;ref;100;2.133541801666667;82.91250169945327;0.02649197532780205;0.01
3;ref;100;2.0945387650000002;82.91250169945327;0.02649197532780205;0.01
3;ref;100;1.8983429566666667;82.91250169945327;0.02649197532780205;0.01
3;ref;100;1.9127506216666668;82.91250169945327;0.02649197532780205;0.01
3;ref;100;1.9215703433333333;82.91250169945327;0.02649197532780205;0.01
3;ref;100;2.2475359700000004;82.91250169945327;0.02649197532780205;0.01
3;ref;100;2.441990505;82.91250169945327;0.02649197532780205;0.01
3;ref;100;2.1783877333333335;82.91250169945327;0.02649197532780205;0.01
3;ref;100;1.9461019833333333;82.91250169945327;0.02649197532780205;0.01
3;ref;100;2.1117113350000003;82.91250169945327;0.02649197532780205;0.01
3;ref;100;3.711518743333334;82.91250169945327;0.02649197532780205;0.01
3;ref;100;2.10924917;82.91250169945327;0.02649197532780205;0.01
3;ref;100;1.919587701666667;82.91250169945327;0.02649197532780205;0.01
3;ref;100;2.0016227333333334;82.91250169945327;0.02649197532780205;0.01
3;ref;100;2.1549015116666665;359.87754493059947;2.5223944735654435e-5;0.01
3;ref;100;1.9688367883333335;230.48598318464875;0.010540105728125368;0.01
3;ref;100;1.9615620983333335;230.48598318464875;0.010540105728125368;0.01
3;ref;100;2.02227493;2.4081243021530088;1.179435103596791;0.01
3;ref;100;2.1133550000000003;2.4081243021530088;1.179435103596791;0.01
3;ref;100;1.9958472766666668;2.4081243021530088;1.179435103596791;0.01
3;ref;100;2.0104593716666668;2.4081243021530088;1.179435103596791;0.01
3;ref;100;1.9945652150000002;230.48598318464875;0.010540105728125368;0.01
3;ref;100;2.0468593100000003;230.48598318464875;0.010540105728125368;0.01
3;ref;150;3.2372131600000005;216.53320784266046;0.005442750902006739;0.01
3;ref;400;8.143432835;191.75109261720308;0.006234102988563774;0.01
3;ref;400;8.287571548333334;191.75109261720308;0.006234102988563774;0.01
3;ref;400;8.283225861666667;53.67354421660661;0.007839578908575642;0.01
3;ref;400;7.733492961666667;191.75109261720308;0.006234102988563774;0.01
3;ref;100;2.04843352;230.48598318464875;0.010540105728125368;0.01
3;ref;100;2.069690805;230.48598318464875;0.010540105728125368;0.01
3;ref;200;6.203444375000001;64.91415870162965;0.0038870826983454167;0.01
1;ref;10;1.017772375;316.97304021273953;207.66001064523647;1
1;ref;10;1.9551451;303.815663841601;194.28021470812354;1
1;ref;10;1.68308346;316.97304021273953;207.66001064523647;1
1;ref;50;6.38228355;340.39912184418404;233.13120581049327;1
1;ref;500;9.720829508333335;0.00668942052070599;0.012342008587309779;1
1;ref;5;0.09521801166666669;46.56042645650184;31.277845883679102;1
1;ref;5;0.10248241333333334;46.56042645650184;31.277845883679102;1
1;ref;5;0.169700805;46.56042645650184;31.277845883679102;1
1;ref;5;0.24339807000000002;46.56042645650184;31.277845883679102;1
1;ref;5;0.14557816166666668;46.56042645650184;31.277845883679102;1
1;ref;5;0.1565351266666667;46.56042645650184;31.277845883679102;1
1;ref;5;0.18886428500000002;46.56042645650184;31.277845883679102;1
1;ref;5;0.17315283500000003;46.56042645650184;31.277845883679102;1
1;ref;5;0.15170624666666666;46.56042645650184;31.277845883679102;1
1;ref;5;0.1543394766666667;46.56042645650184;31.277845883679102;1
1;ref;5;0.16397778500000001;46.56042645650184;31.277845883679102;1
1;ref;5;0.15838975;46.56042645650184;31.277845883679102;1
1;ref;5;0.164550255;46.56042645650184;31.277845883679102;1
3;ref;5;0.11955676333333334;46.56042645650184;31.277845883679102;1
3;ref;5;0.11400268833333334;46.56042645650184;31.277845883679102;1
3;ref;5;0.11983883166666667;46.56042645650184;31.277845883679102;1
3;ref;5;0.11455218666666668;46.56042645650184;31.277845883679102;1
3;ref;5;0.16743169333333335;46.56042645650184;31.277845883679102;1
1;ref;5;0.09547470833333334;46.56042645650184;31.277845883679102;1
1;ref;600;97.72701502333334;0.091865698108315;0.08928840412854251;1
1;ref;600;111.83651106833334;0.138989210521103;0.09816530031124522;1
1;ref;600;8.99095411;0.009375867755140899;0.00906815541417706;1
3;ref;600;60.208305216666666;0.06149339117337797;0.05815745782170718;1
3;ref;600;65.36929513666668;0.024838128904571214;0.0370596953026477;0.1
3;ref;400;78.57224815000001;0.10080725518621604;0.07691775088335015;0.1
3;ref;100;16.76190524;0.6105498858746292;0.7878560787687913;0.01
3;ref;100;26.031821575;0.31512426869273424;0.5251240074601194;0.1
3;ref;200;34.22769208500001;0.151439574863048;0.21971023482406218;0.1
3;ref;500;70.83877206500001;0.03332935889182367;0.05608633782582792;0.1
3;ref;250;56.83866431333333;0.12714318581473752;0.20678950984350505;0.1
3;ref;230;23.75760449166667;0.12313926964865424;0.19653281701347095;0.1
3;ref;600;164.33654518666668;0.04106192947638788;0.04654955556864631;0.1
3;ref;250;43.333505475;0.2145976781988257;0.3024175357237832;0.5
3;ref;250;50.59810659166667;0.024309905848856346;0.02395582372982731;0.01
3;ref;250;19.133445665000004;0.09589260605754336;0.08008314036290139;0.01
3;ref;250;28.536344155000002;0.0321569358326144;0.033307612843356066;0.01
3;ref;250;30.85207961166667;0.013999521683177366;0.03688071027436503;0.01
3;ref;250;24.396536710000003;0.04673129733764974;0.028651048324129947;0.01
3;ref;250;24.482956593333334;0.017800381106286633;0.01805961410920917;0.01
3;ref;100;9.80139096;0.6830129295783436;0.5857434540683142;0.01
3;ref;150;14.521104221666667;0.09703739064980003;0.07792989209783516;0.01
3;ref;150;14.506857718333334;0.0883370693667421;0.07267064191723986;0.01
3;ref;150;14.506181223333334;0.08831584482949027;0.17067708956985342;0.01
3;ref;200;19.426616423333332;0.041181507825919096;0.03941152845723644;0.01
3;ref;200;19.29255352166667;0.024898876323390683;0.0396864821727992;0.01
3;ref;200;19.307463611666666;0.027368659223132547;0.04258785816301297;0.01
3;ref;200;19.463407115000003;0.024693593993128916;0.024528780387937422;0.01
3;ref;200;19.471877393333333;0.0279307627960781;0.021623125965987557;0.01
3;ref;200;23.600877031666666;0.1378028833228163;0.23292803092393047;0.1
3;ref;250;30.390776600000002;0.10742733335909121;0.16717640586565452;0.1
3;ref;200;23.945758710000003;0.14756897853813644;0.16678082977004066;0.1
3;ref;400;49.85865988666667;0.09961328084301793;0.07874625562861305;0.1
3;ref;4;0.5787148233333334;403.1071828870868;2.86763141401192;0.1
3;ref;40;5.456243011666667;393.3051585039393;15.133039015987297;0.1
3;ref;500;63.89170979166667;0.026230973475269568;0.049319862541195615;0.1
3;ref;1000;65.94711464166667;0.009077726097454159;0.009891897168053238;0.1
3;ref;900;107.70014403333334;0.1261397435137875;0.07976154145447947;0.1
3;ref;500;45.15709375166667;0.07572165327363953;0.08836148325505153;0.1
3;ref;500;2.8630039450000004;8.353349036967733;4.58127105157454;0.1
3;ref;34;2.896408795;8.353349036967733;3.129069770899897;0.1
3;ref;455;43.072115945;0.07572165327363953;0.08836148325505153;0.1
3;ref;455;43.818362045;0.07572165327363953;0.08836148325505153;0.1
3;ref;1;0.15975098666666668;351.09757036811123;8.265078085908437;0.1
3;ref;1;0.36803081;139.88625071224797;4.215845805350649;0.1
3;ref;1;0.36381188833333333;139.88625071224797;4.215845805350649;0.1
3;ref;5;0.368480225;139.88625071224797;4.215845805350649;0.1
3;ref;455;43.87642090666667;0.07572165327363953;0.08836148325505153;0.1
3;ref;612;49.67533126;0.09065190549611453;0.07794486016941185;0.1
3;ref;226;19.11662955166667;0.11628095968371806;0.14914730957852532;0.1
3;ref;4;0.4121395133333333;204.14364455729486;4.96280702834691;0.1
3;ref;4;0.6021747633333334;204.14364455729486;4.96280702834691;0.1
3;ref;4;0.6816053816666667;204.14364455729486;4.96280702834691;0.1
3;ref;4;0.6480010416666667;204.14364455729486;4.96280702834691;0.1
3;ref;4;0.6195569283333333;204.14364455729486;4.96280702834691;0.1
3;ref;4;0.6293742366666667;203.99420175294122;4.959477365089523;0.1
3;ref;50;8.143004396666667;3.1246460351347225;1.292745213118163;0.1
3;ref;5;0.8685618433333334;155.8078218407527;4.38342814377633;0.1
3;ref;5;0.9318034816666667;155.79471775725565;4.384889976482475;0.1
3;ref;5;1.0755008933333334;155.79135452710406;4.384801190301812;0.1
3;ref;5;0.8983461933333334;155.7982474235077;4.384887738864033;0.1
3;ref;664;87.93115645333334;0.009522254336648385;0.009654270997621336;0.1
3;ref;400;54.29714126500001;0.14721428460872288;0.0938539548104217;0.1
3;ref;100;12.866615148333333;0.27141057283152914;0.513259453748214;0.1
3;ref;200;28.209721178333336;0.22735600564495206;0.19533623940382758;0.1
3;ref;300;39.931397790000005;0.1294201215006155;0.11202954061173666;0.1
3;ref;500;74.69424089166667;0.011754244781434334;0.011710066043590893;0.1
3;ref;652;92.77683520166667;0.0075949147587646695;0.005850487908438772;0.1
3;ref;644;99.13285509666667;0.00867447284247283;0.008344148179237523;0.1
3;ref;595;91.46489421666666;0.008582163579795975;0.009445842869928509;0.1
3;ref;500;62.93623917833334;0.005032757763545494;0.005496215948379687;0.1
3;ref;338;16.541547193333333;0.008086256251555015;0.00951082559725845;0.1
1;ref;338;14.559725433333334;0.008090859441647865;0.009509484285885616;0.1
1;ref;4;0.255928555;204.76291898442844;5.0180404666827965;0.1
1;ref;338;14.200823560000002;0.008090859441647865;0.009509484285885616;0.1
1;ref;690;92.29270168166667;0.007750795631418408;0.0075525699045700025;0.1
1;ref;522;72.65876193666668;0.009997107904217461;0.006452364667474321;0.1
1;ref;595;87.67892935666667;0.00908836023272367;0.008706992531134923;0.1
1;ref;589;57.73662995666667;0.00960458034840618;0.005706057534790858;0.1
1;ref;734;60.68179766166667;0.008956915286964535;0.009854356542589496;0.1
1;ref;1000;158.34422457333332;0.03276140946942304;0.02301637989046863;0.1
1;ref;837;34.34762935333333;0.005012283416750265;0.009674641724907986;0.1
1;ref;322;47.571473583333336;0.00911861676880096;0.003909299738685942;0.01
3;ref;1;0.11170802;551.0468202813616;0.0;0.01
3;ref;351;97.05541147500001;0.005586603469037289;0.004956771767559283;0.01
3;ref;477;64.82777185166667;0.00872891977551664;0.003641979855062891;0.01
3;ref;344;50.33122200166667;0.009303545213139192;0.0052396290010377515;0.01
3;ref;320;46.934641930000005;0.00846607393247381;0.008912230700610093;0.01
3;ref;296;45.52573941166667;0.006812684848267339;0.001552851016728252;0.01
3;ref;436;63.06319071166667;0.00947074732858683;0.0027413305362449275;0.01
3;ref;518;83.84844999666667;0.006318498593713033;0.0023956866798742565;0.01
1;ref;287;56.58973756166667;0.00958465931755886;0.007969336373903829;0.01
3;ref;296;64.37987906333333;0.009649362168482986;0.009197353903155151;0.01
3;ref;334;51.618381766666666;0.009361714642539749;0.005979103817169999;0.01
3;ref;314;75.41831296333334;0.005630315197201567;0.009000452471652442;0.01
3;ref;338;76.90031203833334;0.006697431140791456;0.003572121999372399;0.01
3;ref;270;40.231112771666666;0.007267642305926493;0.007830714691844437;0.01
1;ref;205;5.207488491666667;0.009891793602782414;0.007904638804070375;0.01
1;ref;206;9.544484686666667;0.009810982161682231;0.005614133086347644;0.01
1;ref;207;19.30157008;0.00921907719033725;0.006172794957399225;0.01
1;ref;227;33.965890085;0.009659460322733446;0.0030534753605663692;0.01
1;ref;232;31.463570873333335;0.009347476579422363;0.0031280984080874325;0.01
1;ref;309;53.57405480333333;0.007997028639165205;0.004860021067888981;0.01
3;ref;228;9.927311458333334;0.005298967659647455;0.009404619892649242;0.01
3;ref;220;23.283765688333336;0.008243645009366399;0.004437268310050638;0.01
3;ref;278;38.41096506;0.0074898759139833725;0.007365827501788571;0.01
3;ref;237;62.199687538333336;0.009554003028289456;0.00762600686804749;0.01
3;ref;382;99.31144273166667;0.00834014003322393;0.007931183256217769;0.01
3;ref;315;58.32001153833334;0.008664518887290328;0.004335042902406034;0.01
3;ref;458;63.17370590166667;0.007376759178714598;0.009730427979755962;0.01
3;ref;314;82.94730906833334;0.009688335624776764;0.0029663571724790894;0.01
3;ref;500;148.00003740166667;0.007516709537288558;0.00806578388865224;0.01
