timestamp;generation
2022-01-01T00:00:00.0;-0.2284286290209397
2022-01-01T01:00:00.0;-0.21593473107013486
2022-01-01T02:00:00.0;-0.20650186624717115
2022-01-01T03:00:00.0;-0.19785621018941818
2022-01-01T04:00:00.0;-0.19052424285264472
2022-01-01T05:00:00.0;-0.18578254757050083
2022-01-01T06:00:00.0;-0.1864433792389528
2022-01-01T07:00:00.0;-0.18957473290891025
2022-01-01T08:00:00.0;-0.19399013100678017
2022-01-01T09:00:00.0;-0.1898648015391932
2022-01-01T10:00:00.0;-0.1772655543553368
2022-01-01T11:00:00.0;-0.1690434437987289
2022-01-01T12:00:00.0;-0.16955733848043106
2022-01-01T13:00:00.0;-0.1741857070813622
2022-01-01T14:00:00.0;-0.1845655788703728
2022-01-01T15:00:00.0;-0.19856418656430572
2022-01-01T16:00:00.0;-0.21985421792070833
2022-01-01T17:00:00.0;-0.24754207905412934
2022-01-01T18:00:00.0;-0.2553268837986995
2022-01-01T19:00:00.0;-0.2590744700808486
2022-01-01T20:00:00.0;-0.2609460126519898
2022-01-01T21:00:00.0;-0.25860998092271686
2022-01-01T22:00:00.0;-0.25198583187589396
2022-01-01T23:00:00.0;-0.24224149941653456
2022-01-02T00:00:00.0;-0.22515901684341408
2022-01-02T01:00:00.0;-0.21319942898511676
2022-01-02T02:00:00.0;-0.20371636284751904
2022-01-02T03:00:00.0;-0.1949575226456935
2022-01-02T04:00:00.0;-0.18821898355102953
2022-01-02T05:00:00.0;-0.18453111562787053
2022-01-02T06:00:00.0;-0.18758768224122138
2022-01-02T07:00:00.0;-0.19216004169814732
2022-01-02T08:00:00.0;-0.19674292921909087
2022-01-02T09:00:00.0;-0.18985617279811712
2022-01-02T10:00:00.0;-0.17374044792420962
2022-01-02T11:00:00.0;-0.1636508520783517
2022-01-02T12:00:00.0;-0.16312394799107993
2022-01-02T13:00:00.0;-0.16831808765831113
2022-01-02T14:00:00.0;-0.1804322436941329
2022-01-02T15:00:00.0;-0.19633109574141389
2022-01-02T16:00:00.0;-0.21935114541888642
2022-01-02T17:00:00.0;-0.24910285260026302
2022-01-02T18:00:00.0;-0.25594683803839263
2022-01-02T19:00:00.0;-0.2586946246641574
2022-01-02T20:00:00.0;-0.25892627827589576
2022-01-02T21:00:00.0;-0.25601640410040305
2022-01-02T22:00:00.0;-0.24941868220841143
2022-01-02T23:00:00.0;-0.24020856296874682
2022-01-03T00:00:00.0;-0.231070913932523
2022-01-03T01:00:00.0;-0.21925858457411684
2022-01-03T02:00:00.0;-0.20971116318091096
2022-01-03T03:00:00.0;-0.20092315797606408
2022-01-03T04:00:00.0;-0.19420938589907466
2022-01-03T05:00:00.0;-0.19120853251055522
2022-01-03T06:00:00.0;-0.1958624306267342
2022-01-03T07:00:00.0;-0.2028807436985562
2022-01-03T08:00:00.0;-0.20820894595286352
2022-01-03T09:00:00.0;-0.2017752675951683
2022-01-03T10:00:00.0;-0.18663736501099593
2022-01-03T11:00:00.0;-0.17701411770810302
2022-01-03T12:00:00.0;-0.17562485704965233
2022-01-03T13:00:00.0;-0.1792184029126891
2022-01-03T14:00:00.0;-0.18890673604692948
2022-01-03T15:00:00.0;-0.2033678822937998
2022-01-03T16:00:00.0;-0.22466918658521798
2022-01-03T17:00:00.0;-0.25426763996062113
2022-01-03T18:00:00.0;-0.26242657976539774
2022-01-03T19:00:00.0;-0.2655379880519702
2022-01-03T20:00:00.0;-0.26535280527490307
2022-01-03T21:00:00.0;-0.2618925497741574
2022-01-03T22:00:00.0;-0.2546303376852145
2022-01-03T23:00:00.0;-0.24519584348422233
2022-01-04T00:00:00.0;-0.23297636277592212
2022-01-04T01:00:00.0;-0.2196865285070804
2022-01-04T02:00:00.0;-0.21036922960084853
2022-01-04T03:00:00.0;-0.20191156567501098
2022-01-04T04:00:00.0;-0.1934692853649661
2022-01-04T05:00:00.0;-0.18676238934595507
2022-01-04T06:00:00.0;-0.183103674349827
2022-01-04T07:00:00.0;-0.18331903101331587
2022-01-04T08:00:00.0;-0.1864513056968388
2022-01-04T09:00:00.0;-0.18636353411920661
2022-01-04T10:00:00.0;-0.17985268386062336
2022-01-04T11:00:00.0;-0.17508753714233302
2022-01-04T12:00:00.0;-0.17729871259252797
2022-01-04T13:00:00.0;-0.18095729771648456
2022-01-04T14:00:00.0;-0.18867211779639573
2022-01-04T15:00:00.0;-0.20008211101725434
2022-01-04T16:00:00.0;-0.2191204015104703
2022-01-04T17:00:00.0;-0.24311978026961562
2022-01-04T18:00:00.0;-0.25282101212664165
2022-01-04T19:00:00.0;-0.2582950848901108
2022-01-04T20:00:00.0;-0.2628476915739733
2022-01-04T21:00:00.0;-0.2614940544364835
2022-01-04T22:00:00.0;-0.2547241875510935
2022-01-04T23:00:00.0;-0.2441584924591526
2022-01-05T00:00:00.0;-0.23703215510696532
2022-01-05T01:00:00.0;-0.22539533470265574
2022-01-05T02:00:00.0;-0.21580581404271587
2022-01-05T03:00:00.0;-0.2069962042999376
2022-01-05T04:00:00.0;-0.20017293543098696
2022-01-05T05:00:00.0;-0.1976672355733468
2022-01-05T06:00:00.0;-0.2035870544424418
2022-01-05T07:00:00.0;-0.21272922668549696
2022-01-05T08:00:00.0;-0.21814225695318845
2022-01-05T09:00:00.0;-0.21204247355900982
2022-01-05T10:00:00.0;-0.19841188131764562
2022-01-05T11:00:00.0;-0.1896874136656877
2022-01-05T12:00:00.0;-0.18744472201307286
2022-01-05T13:00:00.0;-0.1892648656130847
2022-01-05T14:00:00.0;-0.1963727335689048
2022-01-05T15:00:00.0;-0.2095358477987125
2022-01-05T16:00:00.0;-0.2292913932331668
2022-01-05T17:00:00.0;-0.258373674597676
2022-01-05T18:00:00.0;-0.26825701453593354
2022-01-05T19:00:00.0;-0.27188503367280237
2022-01-05T20:00:00.0;-0.271363394221686
2022-01-05T21:00:00.0;-0.2673850181729164
2022-01-05T22:00:00.0;-0.2593422054289257
2022-01-05T23:00:00.0;-0.2496695887466326
2022-01-06T00:00:00.0;-0.230159500422982
2022-01-06T01:00:00.0;-0.21736266842085733
2022-01-06T02:00:00.0;-0.20797378808579242
2022-01-06T03:00:00.0;-0.19939968199610303
2022-01-06T04:00:00.0;-0.19164512858101793
2022-01-06T05:00:00.0;-0.1861554761980579
2022-01-06T06:00:00.0;-0.18517228466854022
2022-01-06T07:00:00.0;-0.18719380735480834
2022-01-06T08:00:00.0;-0.1911208475709728
2022-01-06T09:00:00.0;-0.1885322161297456
2022-01-06T10:00:00.0;-0.17825021808355138
2022-01-06T11:00:00.0;-0.17134383095489825
2022-01-06T12:00:00.0;-0.17250371216563853
2022-01-06T13:00:00.0;-0.17676298033614146
2022-01-06T14:00:00.0;-0.18612853113876945
2022-01-06T15:00:00.0;-0.19914190992448771
2022-01-06T16:00:00.0;-0.21957492676007526
2022-01-06T17:00:00.0;-0.24585894831044
2022-01-06T18:00:00.0;-0.25437314687217505
2022-01-06T19:00:00.0;-0.25877783540293464
2022-01-06T20:00:00.0;-0.261669793295133
2022-01-06T21:00:00.0;-0.2597076617974963
2022-01-06T22:00:00.0;-0.2530280524152335
2022-01-06T23:00:00.0;-0.2429711086272392
2022-01-07T00:00:00.0;-0.2295372370321565
2022-01-07T01:00:00.0;-0.2171528014336002
2022-01-07T02:00:00.0;-0.20769990579671674
2022-01-07T03:00:00.0;-0.19903333819826902
2022-01-07T04:00:00.0;-0.19176584099051813
2022-01-07T05:00:00.0;-0.18730980467524358
2022-01-07T06:00:00.0;-0.18864273329853326
2022-01-07T07:00:00.0;-0.19254384780330772
2022-01-07T08:00:00.0;-0.19708638046781776
2022-01-07T09:00:00.0;-0.192710605052598
2022-01-07T10:00:00.0;-0.17998364987791393
2022-01-07T11:00:00.0;-0.17169971828088185
2022-01-07T12:00:00.0;-0.17186087888922372
2022-01-07T13:00:00.0;-0.17612779576447596
2022-01-07T14:00:00.0;-0.1860853218801233
2022-01-07T15:00:00.0;-0.1999745935086405
2022-01-07T16:00:00.0;-0.22106577229421234
2022-01-07T17:00:00.0;-0.24892985169029325
2022-01-07T18:00:00.0;-0.25698569438086843
2022-01-07T19:00:00.0;-0.2607192729921293
2022-01-07T20:00:00.0;-0.26228552691789936
2022-01-07T21:00:00.0;-0.25973931750666374
2022-01-07T22:00:00.0;-0.25293283877785755
2022-01-07T23:00:00.0;-0.24319707549000316
2022-01-08T00:00:00.0;-0.2341964220362782
2022-01-08T01:00:00.0;-0.22195651497634566
2022-01-08T02:00:00.0;-0.212469547339416
2022-01-08T03:00:00.0;-0.20378447682618164
2022-01-08T04:00:00.0;-0.19643952026625333
2022-01-08T05:00:00.0;-0.19238901696700392
2022-01-08T06:00:00.0;-0.19475316657392852
2022-01-08T07:00:00.0;-0.20035012489490547
2022-01-08T08:00:00.0;-0.20496961787138712
2022-01-08T09:00:00.0;-0.20082488837248902
2022-01-08T10:00:00.0;-0.18923695627068018
2022-01-08T11:00:00.0;-0.18163357353085963
2022-01-08T12:00:00.0;-0.18110913599353734
2022-01-08T13:00:00.0;-0.18398696750129895
2022-01-08T14:00:00.0;-0.19193316294517151
2022-01-08T15:00:00.0;-0.20482056109380292
2022-01-08T16:00:00.0;-0.22471208894232297
2022-01-08T17:00:00.0;-0.2521987976008827
2022-01-08T18:00:00.0;-0.26159764362121934
2022-01-08T19:00:00.0;-0.2657244566348045
2022-01-08T20:00:00.0;-0.26700450735852727
2022-01-08T21:00:00.0;-0.26404244911302155
2022-01-08T22:00:00.0;-0.2566223112445798
2022-01-08T23:00:00.0;-0.24670549586936277
2022-01-09T00:00:00.0;-0.224608038109855
2022-01-09T01:00:00.0;-0.21257595640360102
2022-01-09T02:00:00.0;-0.20322534057216854
2022-01-09T03:00:00.0;-0.19454158163991872
2022-01-09T04:00:00.0;-0.18702534380160446
2022-01-09T05:00:00.0;-0.18197651906617143
2022-01-09T06:00:00.0;-0.18239529395061735
2022-01-09T07:00:00.0;-0.18440189692619338
2022-01-09T08:00:00.0;-0.18577783832061198
2022-01-09T09:00:00.0;-0.1790315905128198
2022-01-09T10:00:00.0;-0.16601172682436244
2022-01-09T11:00:00.0;-0.1582551251516238
2022-01-09T12:00:00.0;-0.15832183375209666
2022-01-09T13:00:00.0;-0.16304802714701533
2022-01-09T14:00:00.0;-0.17467558873973554
2022-01-09T15:00:00.0;-0.19106241054343293
2022-01-09T16:00:00.0;-0.2148501310261906
2022-01-09T17:00:00.0;-0.24243009300302484
2022-01-09T18:00:00.0;-0.25098805229659865
2022-01-09T19:00:00.0;-0.25460200983431663
2022-01-09T20:00:00.0;-0.25578996728549613
2022-01-09T21:00:00.0;-0.2533509445624898
2022-01-09T22:00:00.0;-0.2464220089813929
2022-01-09T23:00:00.0;-0.23706063508154274
2022-01-10T00:00:00.0;-0.23035365323685547
2022-01-10T01:00:00.0;-0.21825824004405553
2022-01-10T02:00:00.0;-0.2092904199289615
2022-01-10T03:00:00.0;-0.2002102459821375
2022-01-10T04:00:00.0;-0.19284378824034334
2022-01-10T05:00:00.0;-0.19078318728518168
2022-01-10T06:00:00.0;-0.1922336718527555
2022-01-10T07:00:00.0;-0.18818329117476826
2022-01-10T08:00:00.0;-0.17828614428955433
2022-01-10T09:00:00.0;-0.16991763789879166
2022-01-10T10:00:00.0;-0.16301090124169648
2022-01-10T11:00:00.0;-0.16119726092256062
2022-01-10T12:00:00.0;-0.16547400661970402
2022-01-10T13:00:00.0;-0.17125705975944625
2022-01-10T14:00:00.0;-0.1803914897530647
2022-01-10T15:00:00.0;-0.19328911449784883
2022-01-10T16:00:00.0;-0.21553333002701416
2022-01-10T17:00:00.0;-0.23673527500836972
2022-01-10T18:00:00.0;-0.2525117528190002
2022-01-10T19:00:00.0;-0.2603393803290488
2022-01-10T20:00:00.0;-0.2628422123568198
2022-01-10T21:00:00.0;-0.2588044613964427
2022-01-10T22:00:00.0;-0.25044200917730564
2022-01-10T23:00:00.0;-0.23919267346875114
2022-01-11T00:00:00.0;-0.23304912294986985
2022-01-11T01:00:00.0;-0.22015793885499307
2022-01-11T02:00:00.0;-0.2110752713416074
2022-01-11T03:00:00.0;-0.20233302955738147
2022-01-11T04:00:00.0;-0.19411660370021647
2022-01-11T05:00:00.0;-0.18934342123669431
2022-01-11T06:00:00.0;-0.1870801629185887
2022-01-11T07:00:00.0;-0.18392186465091906
2022-01-11T08:00:00.0;-0.17933096101009513
2022-01-11T09:00:00.0;-0.17597808164624346
2022-01-11T10:00:00.0;-0.17130736860246099
2022-01-11T11:00:00.0;-0.16936386919493693
2022-01-11T12:00:00.0;-0.17330524873647607
2022-01-11T13:00:00.0;-0.17782388863967638
2022-01-11T14:00:00.0;-0.1854304274651739
2022-01-11T15:00:00.0;-0.19679607340909303
2022-01-11T16:00:00.0;-0.21686530440274115
2022-01-11T17:00:00.0;-0.23805082986343432
2022-01-11T18:00:00.0;-0.25179949616015534
2022-01-11T19:00:00.0;-0.2591747618080112
2022-01-11T20:00:00.0;-0.26348855561005274
2022-01-11T21:00:00.0;-0.26096606635472236
2022-01-11T22:00:00.0;-0.2532559606558001
2022-01-11T23:00:00.0;-0.24202971258024567
2022-01-12T00:00:00.0;-0.2343187096015829
2022-01-12T01:00:00.0;-0.2210527113842471
2022-01-12T02:00:00.0;-0.2119159498763524
2022-01-12T03:00:00.0;-0.20333287670038336
2022-01-12T04:00:00.0;-0.19471610942278006
2022-01-12T05:00:00.0;-0.18866528052232323
2022-01-12T06:00:00.0;-0.18465282117525103
2022-01-12T07:00:00.0;-0.18191470047993505
2022-01-12T08:00:00.0;-0.1798230775994527
2022-01-12T09:00:00.0;-0.17883259655623224
2022-01-12T10:00:00.0;-0.1752150675711207
2022-01-12T11:00:00.0;-0.17321040354934583
2022-01-12T12:00:00.0;-0.17699382309135847
2022-01-12T13:00:00.0;-0.18091691478282698
2022-01-12T14:00:00.0;-0.1878038052951007
2022-01-12T15:00:00.0;-0.19844787761981172
2022-01-12T16:00:00.0;-0.21749267442277215
2022-01-12T17:00:00.0;-0.2386704661648634
2022-01-12T18:00:00.0;-0.2514640178788387
2022-01-12T19:00:00.0;-0.2586262176631788
2022-01-12T20:00:00.0;-0.2637929881780639
2022-01-12T21:00:00.0;-0.2619841986631873
2022-01-12T22:00:00.0;-0.2545813531164965
2022-01-12T23:00:00.0;-0.2433659794909628
2022-01-13T00:00:00.0;-0.23339036114459466
2022-01-13T01:00:00.0;-0.22039843489530667
2022-01-13T02:00:00.0;-0.211301228053702
2022-01-13T03:00:00.0;-0.20260176744432945
2022-01-13T04:00:00.0;-0.1942777382318522
2022-01-13T05:00:00.0;-0.18916115127282132
2022-01-13T06:00:00.0;-0.1864277445008627
2022-01-13T07:00:00.0;-0.18338238112901944
2022-01-13T08:00:00.0;-0.17946323160093658
2022-01-13T09:00:00.0;-0.17674531522843753
2022-01-13T10:00:00.0;-0.17235767591294993
2022-01-13T11:00:00.0;-0.17039773674330344
2022-01-13T12:00:00.0;-0.17429665995860094
2022-01-13T13:00:00.0;-0.17865522902585732
2022-01-13T14:00:00.0;-0.18606834151774473
2022-01-13T15:00:00.0;-0.19724004364629105
2022-01-13T16:00:00.0;-0.21703392827159718
2022-01-13T17:00:00.0;-0.23821737507135715
2022-01-13T18:00:00.0;-0.25170932665267715
2022-01-13T19:00:00.0;-0.259027324676834
2022-01-13T20:00:00.0;-0.26357038068263317
2022-01-13T21:00:00.0;-0.26123971890964076
2022-01-13T22:00:00.0;-0.253612198278478
2022-01-13T23:00:00.0;-0.24238887302641793
2022-01-14T00:00:00.0;-0.23286417100684761
2022-01-14T01:00:00.0;-0.22002758940808834
2022-01-14T02:00:00.0;-0.2109528022464508
2022-01-14T03:00:00.0;-0.2021873729599575
2022-01-14T04:00:00.0;-0.1940292683867178
2022-01-14T05:00:00.0;-0.18944221200658481
2022-01-14T06:00:00.0;-0.18743377530983707
2022-01-14T07:00:00.0;-0.18421426605013605
2022-01-14T08:00:00.0;-0.17925927002368444
2022-01-14T09:00:00.0;-0.17556223915272323
2022-01-14T10:00:00.0;-0.17073809945015508
2022-01-14T11:00:00.0;-0.16880351043424127
2022-01-14T12:00:00.0;-0.17276790140929918
2022-01-14T13:00:00.0;-0.17737330010031013
2022-01-14T14:00:00.0;-0.18508467647560692
2022-01-14T15:00:00.0;-0.1965554404457167
2022-01-14T16:00:00.0;-0.21677390985000064
2022-01-14T17:00:00.0;-0.2379605619500455
2022-01-14T18:00:00.0;-0.2518483682555634
2022-01-14T19:00:00.0;-0.25925467309668404
2022-01-14T20:00:00.0;-0.2634442062189364
2022-01-14T21:00:00.0;-0.260817745995139
2022-01-14T22:00:00.0;-0.2530628789858392
2022-01-14T23:00:00.0;-0.24183504673274328
2022-01-15T00:00:00.0;-0.2343787611884408
2022-01-15T01:00:00.0;-0.22109503422230312
2022-01-15T02:00:00.0;-0.21195571406257843
2022-01-15T03:00:00.0;-0.20338016957911012
2022-01-15T04:00:00.0;-0.19474446610873114
2022-01-15T05:00:00.0;-0.1886332043926979
2022-01-15T06:00:00.0;-0.18453800764650358
2022-01-15T07:00:00.0;-0.18181976139610864
2022-01-15T08:00:00.0;-0.1798463547677107
2022-01-15T09:00:00.0;-0.17896761542227266
2022-01-15T10:00:00.0;-0.17539990215780632
2022-01-15T11:00:00.0;-0.17339234504311782
2022-01-15T12:00:00.0;-0.17716829305995427
2022-01-15T13:00:00.0;-0.1810632152561649
2022-01-15T14:00:00.0;-0.18791606632486826
2022-01-15T15:00:00.0;-0.19852600813882623
2022-01-15T16:00:00.0;-0.2175223490930273
2022-01-15T17:00:00.0;-0.23869977502938663
2022-01-15T18:00:00.0;-0.2514481497196057
2022-01-15T19:00:00.0;-0.25860027146540304
2022-01-15T20:00:00.0;-0.2638073878716773
2022-01-15T21:00:00.0;-0.26203235643223133
2022-01-15T22:00:00.0;-0.25464404432419535
2022-01-15T23:00:00.0;-0.2434291850613317
2022-01-16T00:00:00.0;-0.23333638100117138
2022-01-16T01:00:00.0;-0.2199589002793785
2022-01-16T02:00:00.0;-0.21067210914375664
2022-01-16T03:00:00.0;-0.20224359938410322
2022-01-16T04:00:00.0;-0.19358038047507498
2022-01-16T05:00:00.0;-0.18648469907366197
2022-01-16T06:00:00.0;-0.18202299950317027
2022-01-16T07:00:00.0;-0.18158178877039458
2022-01-16T08:00:00.0;-0.18412210010644692
2022-01-16T09:00:00.0;-0.18444579358944807
2022-01-16T10:00:00.0;-0.17897601931046592
2022-01-16T11:00:00.0;-0.17488587699722655
2022-01-16T12:00:00.0;-0.17734798164368057
2022-01-16T13:00:00.0;-0.18084441169476842
2022-01-16T14:00:00.0;-0.18823019743501843
2022-01-16T15:00:00.0;-0.19946069224677648
2022-01-16T16:00:00.0;-0.2183928978205138
2022-01-16T17:00:00.0;-0.24171837048954725
2022-01-16T18:00:00.0;-0.25185515015562115
2022-01-16T19:00:00.0;-0.2576227311652877
2022-01-16T20:00:00.0;-0.2625744269673023
2022-01-16T21:00:00.0;-0.2613845897896434
2022-01-16T22:00:00.0;-0.2545523069834281
2022-01-16T23:00:00.0;-0.2438850165263777
2022-01-17T00:00:00.0;-0.23339175961024095
2022-01-17T01:00:00.0;-0.2200929977268216
2022-01-17T02:00:00.0;-0.21082234160819868
2022-01-17T03:00:00.0;-0.20233726654796672
2022-01-17T04:00:00.0;-0.1938313352689429
2022-01-17T05:00:00.0;-0.18724958074702272
2022-01-17T06:00:00.0;-0.18342335450130468
2022-01-17T07:00:00.0;-0.18285659514588534
2022-01-17T08:00:00.0;-0.18467757322227307
2022-01-17T09:00:00.0;-0.18444241455000251
2022-01-17T10:00:00.0;-0.1787578519237297
2022-01-17T11:00:00.0;-0.17473731787514168
2022-01-17T12:00:00.0;-0.17736753866483387
2022-01-17T13:00:00.0;-0.18107327660762754
2022-01-17T14:00:00.0;-0.18853449070586104
2022-01-17T15:00:00.0;-0.19970758154274343
2022-01-17T16:00:00.0;-0.2187055998867633
2022-01-17T17:00:00.0;-0.24194100120897816
2022-01-17T18:00:00.0;-0.2524399779402414
2022-01-17T19:00:00.0;-0.25836219863633825
2022-01-17T20:00:00.0;-0.2631160263223963
2022-01-17T21:00:00.0;-0.2616684860599943
2022-01-17T22:00:00.0;-0.2547399110865435
2022-01-17T23:00:00.0;-0.2439988272383208
2022-01-18T00:00:00.0;-0.2357673393446044
2022-01-18T01:00:00.0;-0.22207366895131583
2022-01-18T02:00:00.0;-0.21287518485894147
2022-01-18T03:00:00.0;-0.2044737269982919
2022-01-18T04:00:00.0;-0.1954001602669232
2022-01-18T05:00:00.0;-0.18789150520933748
2022-01-18T06:00:00.0;-0.18188316426279694
2022-01-18T07:00:00.0;-0.1796244765607633
2022-01-18T08:00:00.0;-0.18038459478885896
2022-01-18T09:00:00.0;-0.1820896686079338
2022-01-18T10:00:00.0;-0.1796738486595455
2022-01-18T11:00:00.0;-0.1775993943014398
2022-01-18T12:00:00.0;-0.1812025775805609
2022-01-18T13:00:00.0;-0.18444613404554144
2022-01-18T14:00:00.0;-0.1905118880488226
2022-01-18T15:00:00.0;-0.20033262704283575
2022-01-18T16:00:00.0;-0.2182085191188948
2022-01-18T17:00:00.0;-0.2393774864969493
2022-01-18T18:00:00.0;-0.25108122886967793
2022-01-18T19:00:00.0;-0.258000315238565
2022-01-18T20:00:00.0;-0.26414035326115637
2022-01-18T21:00:00.0;-0.26314591278674343
2022-01-18T22:00:00.0;-0.2560936586666143
2022-01-18T23:00:00.0;-0.24489069305727854
2022-01-19T00:00:00.0;-0.2369408614992896
2022-01-19T01:00:00.0;-0.2239515347901565
2022-01-19T02:00:00.0;-0.21457704760025326
2022-01-19T03:00:00.0;-0.20606460023595083
2022-01-19T04:00:00.0;-0.19775244839919456
2022-01-19T05:00:00.0;-0.19183794869659768
2022-01-19T06:00:00.0;-0.19006579816969524
2022-01-19T07:00:00.0;-0.19259023517949408
2022-01-19T08:00:00.0;-0.19604533212341926
2022-01-19T09:00:00.0;-0.1954319170996311
2022-01-19T10:00:00.0;-0.1889473757167031
2022-01-19T11:00:00.0;-0.18423219551297096
2022-01-19T12:00:00.0;-0.18541163556012585
2022-01-19T13:00:00.0;-0.18781510175629773
2022-01-19T14:00:00.0;-0.19395145284677895
2022-01-19T15:00:00.0;-0.2048141216196746
2022-01-19T16:00:00.0;-0.22303639865115887
2022-01-19T17:00:00.0;-0.24734371624370424
2022-01-19T18:00:00.0;-0.2580729798976986
2022-01-19T19:00:00.0;-0.26362727153732374
2022-01-19T20:00:00.0;-0.2673754577405758
2022-01-19T21:00:00.0;-0.26540494425469885
2022-01-19T22:00:00.0;-0.25802703864220183
2022-01-19T23:00:00.0;-0.24742942210619862
2022-01-20T00:00:00.0;-0.2392497718605096
2022-01-20T01:00:00.0;-0.22767824181866186
2022-01-20T02:00:00.0;-0.21807305998406235
2022-01-20T03:00:00.0;-0.2092554132261949
2022-01-20T04:00:00.0;-0.20239141090707727
2022-01-20T05:00:00.0;-0.20006991107314395
2022-01-20T06:00:00.0;-0.20646065990265758
2022-01-20T07:00:00.0;-0.2163929202402002
2022-01-20T08:00:00.0;-0.2218375070274395
2022-01-20T09:00:00.0;-0.21586193452212626
2022-01-20T10:00:00.0;-0.2027920705873659
2022-01-20T11:00:00.0;-0.19440195424805132
2022-01-20T12:00:00.0;-0.1918417812496445
2022-01-20T13:00:00.0;-0.19300220878480087
2022-01-20T14:00:00.0;-0.1991501285277997
2022-01-20T15:00:00.0;-0.21183036721819523
2022-01-20T16:00:00.0;-0.23101088127280214
2022-01-20T17:00:00.0;-0.2599011436155048
2022-01-20T18:00:00.0;-0.27042597053842193
2022-01-20T19:00:00.0;-0.27424617194793416
2022-01-20T20:00:00.0;-0.273599368636578
2022-01-20T21:00:00.0;-0.2694282486987372
2022-01-20T22:00:00.0;-0.2610950479231595
2022-01-20T23:00:00.0;-0.2513338482782793
2022-01-21T00:00:00.0;-0.23262797693988238
2022-01-21T01:00:00.0;-0.21983812798771998
2022-01-21T02:00:00.0;-0.2105985554560185
2022-01-21T03:00:00.0;-0.20192670115923148
2022-01-21T04:00:00.0;-0.19394264676745573
2022-01-21T05:00:00.0;-0.1889751987025863
2022-01-21T06:00:00.0;-0.18767937561448145
2022-01-21T07:00:00.0;-0.18746036276057948
2022-01-21T08:00:00.0;-0.18697825963184442
2022-01-21T09:00:00.0;-0.1839284896095599
2022-01-21T10:00:00.0;-0.17667922644968442
2022-01-21T11:00:00.0;-0.1724327027841027
2022-01-21T12:00:00.0;-0.17484219667274659
2022-01-21T13:00:00.0;-0.17894280156834297
2022-01-21T14:00:00.0;-0.18699490564830673
2022-01-21T15:00:00.0;-0.19898547636822597
2022-01-21T16:00:00.0;-0.2190133542427894
2022-01-21T17:00:00.0;-0.2426411020467464
2022-01-21T18:00:00.0;-0.2541569533818398
2022-01-21T19:00:00.0;-0.2601650638627552
2022-01-21T20:00:00.0;-0.26366571089818974
2022-01-21T21:00:00.0;-0.2612887701844348
2022-01-21T22:00:00.0;-0.2539310046819008
2022-01-21T23:00:00.0;-0.24324150082125512
2022-01-22T00:00:00.0;-0.23462986990271623
2022-01-22T01:00:00.0;-0.22121321799778362
2022-01-22T02:00:00.0;-0.2120299315863274
2022-01-22T03:00:00.0;-0.2035269677906953
2022-01-22T04:00:00.0;-0.1947772659575594
2022-01-22T05:00:00.0;-0.1881324595117315
2022-01-22T06:00:00.0;-0.1834819899010786
2022-01-22T07:00:00.0;-0.18132231402004398
2022-01-22T08:00:00.0;-0.180944026278161
2022-01-22T09:00:00.0;-0.18100839128609783
2022-01-22T10:00:00.0;-0.17739993036339544
2022-01-22T11:00:00.0;-0.17498493599740875
2022-01-22T12:00:00.0;-0.17848625738765148
2022-01-22T13:00:00.0;-0.1821382589495424
2022-01-22T14:00:00.0;-0.18885815340631135
2022-01-22T15:00:00.0;-0.19932579572176687
2022-01-22T16:00:00.0;-0.21796703508104026
2022-01-22T17:00:00.0;-0.2395366278145207
2022-01-22T18:00:00.0;-0.25152205229636854
2022-01-22T19:00:00.0;-0.2583642787835311
2022-01-22T20:00:00.0;-0.2637803626381691
2022-01-22T21:00:00.0;-0.262315780067432
2022-01-22T22:00:00.0;-0.255122277354935
2022-01-22T23:00:00.0;-0.24400209106164367
2022-01-23T00:00:00.0;-0.2340063504113119
2022-01-23T01:00:00.0;-0.22083256853512576
2022-01-23T02:00:00.0;-0.2117091158914197
2022-01-23T03:00:00.0;-0.20308688211343537
2022-01-23T04:00:00.0;-0.1945686117141281
2022-01-23T05:00:00.0;-0.18883212497058907
2022-01-23T06:00:00.0;-0.1852500253916288
2022-01-23T07:00:00.0;-0.18240852748602682
2022-01-23T08:00:00.0;-0.17970200107492934
2022-01-23T09:00:00.0;-0.1781302939881503
2022-01-23T10:00:00.0;-0.1742536478176707
2022-01-23T11:00:00.0;-0.17226403226017736
2022-01-23T12:00:00.0;-0.17608631504754685
2022-01-23T13:00:00.0;-0.18015593077259184
2022-01-23T14:00:00.0;-0.1872198779387735
2022-01-23T15:00:00.0;-0.19804148060464924
2022-01-23T16:00:00.0;-0.21733832119986077
2022-01-23T17:00:00.0;-0.23851801568571276
2022-01-23T18:00:00.0;-0.2515465563366621
2022-01-23T19:00:00.0;-0.25876117718301667
2022-01-23T20:00:00.0;-0.2637180879652208
2022-01-23T21:00:00.0;-0.26173370533685014
2022-01-23T22:00:00.0;-0.2542552639005648
2022-01-23T23:00:00.0;-0.2430372148102265
2022-01-24T00:00:00.0;-0.22721271803296023
2022-01-24T01:00:00.0;-0.21604458843325747
2022-01-24T02:00:00.0;-0.20721059591586496
2022-01-24T03:00:00.0;-0.19773664161198187
2022-01-24T04:00:00.0;-0.19136062155266917
2022-01-24T05:00:00.0;-0.1924608955692825
2022-01-24T06:00:00.0;-0.1982388729339471
2022-01-24T07:00:00.0;-0.1931489802800643
2022-01-24T08:00:00.0;-0.1770686564419558
2022-01-24T09:00:00.0;-0.16285561786358577
2022-01-24T10:00:00.0;-0.1533433222384617
2022-01-24T11:00:00.0;-0.15168100210678512
2022-01-24T12:00:00.0;-0.1563485380840962
2022-01-24T13:00:00.0;-0.1636049670988299
2022-01-24T14:00:00.0;-0.1745197944512096
2022-01-24T15:00:00.0;-0.189202579728136
2022-01-24T16:00:00.0;-0.213981227554036
2022-01-24T17:00:00.0;-0.23520230562014874
2022-01-24T18:00:00.0;-0.253341720228084
2022-01-24T19:00:00.0;-0.26169646896342436
2022-01-24T20:00:00.0;-0.26208905150026196
2022-01-24T21:00:00.0;-0.2562856198462691
2022-01-24T22:00:00.0;-0.24716301137659505
2022-01-24T23:00:00.0;-0.2358867724686039
2022-01-25T00:00:00.0;-0.23384890545477452
2022-01-25T01:00:00.0;-0.22072160531588494
2022-01-25T02:00:00.0;-0.2116048610182401
2022-01-25T03:00:00.0;-0.20296288830036122
2022-01-25T04:00:00.0;-0.1944942653492655
2022-01-25T05:00:00.0;-0.1889162230785491
2022-01-25T06:00:00.0;-0.18555104676324255
2022-01-25T07:00:00.0;-0.18265744147329785
2022-01-25T08:00:00.0;-0.1796409723338677
2022-01-25T09:00:00.0;-0.17777629768917216
2022-01-25T10:00:00.0;-0.17376904324700068
2022-01-25T11:00:00.0;-0.17178701288270337
2022-01-25T12:00:00.0;-0.1756288847270518
2022-01-25T13:00:00.0;-0.17977235603508163
2022-01-25T14:00:00.0;-0.1869255487815038
2022-01-25T15:00:00.0;-0.19783663579014685
2022-01-25T16:00:00.0;-0.2172605193063048
2022-01-25T17:00:00.0;-0.23844117287201758
2022-01-25T18:00:00.0;-0.2515881599273661
2022-01-25T19:00:00.0;-0.2588292036614972
2022-01-25T20:00:00.0;-0.2636803344393985
2022-01-25T21:00:00.0;-0.2616074439297699
2022-01-25T22:00:00.0;-0.2540908983111127
2022-01-25T23:00:00.0;-0.2428715006501128
2022-01-26T00:00:00.0;-0.23666228724420624
2022-01-26T01:00:00.0;-0.22333103945470914
2022-01-26T02:00:00.0;-0.21411887836286048
2022-01-26T03:00:00.0;-0.2056376379343588
2022-01-26T04:00:00.0;-0.1965707700175846
2022-01-26T05:00:00.0;-0.18900395971121603
2022-01-26T06:00:00.0;-0.18353348205205774
2022-01-26T07:00:00.0;-0.1816315332983801
2022-01-26T08:00:00.0;-0.18219124211190083
2022-01-26T09:00:00.0;-0.18276223853263615
2022-01-26T10:00:00.0;-0.17949496216053443
2022-01-26T11:00:00.0;-0.17680169040557736
2022-01-26T12:00:00.0;-0.17969876246124944
2022-01-26T13:00:00.0;-0.18288179625706288
2022-01-26T14:00:00.0;-0.18882712450875844
2022-01-26T15:00:00.0;-0.19890059642607152
2022-01-26T16:00:00.0;-0.21704670323639685
2022-01-26T17:00:00.0;-0.23837680494889013
2022-01-26T18:00:00.0;-0.2507127979584202
2022-01-26T19:00:00.0;-0.2586828427814276
2022-01-26T20:00:00.0;-0.26567762213477997
2022-01-26T21:00:00.0;-0.2650749001528178
2022-01-26T22:00:00.0;-0.25782224376748825
2022-01-26T23:00:00.0;-0.24642000529326089
2022-01-27T00:00:00.0;-0.24181682735694263
2022-01-27T01:00:00.0;-0.23026544852232994
2022-01-27T02:00:00.0;-0.22069770713808493
2022-01-27T03:00:00.0;-0.21190668017466166
2022-01-27T04:00:00.0;-0.2046506151756016
2022-01-27T05:00:00.0;-0.20194393726931767
2022-01-27T06:00:00.0;-0.20770431358411653
2022-01-27T07:00:00.0;-0.2174617419905227
2022-01-27T08:00:00.0;-0.22164371330905755
2022-01-27T09:00:00.0;-0.21601491505380646
2022-01-27T10:00:00.0;-0.20503646746684046
2022-01-27T11:00:00.0;-0.19807757661039124
2022-01-27T12:00:00.0;-0.1954355539608636
2022-01-27T13:00:00.0;-0.19559906049533177
2022-01-27T14:00:00.0;-0.20032725420805395
2022-01-27T15:00:00.0;-0.21253493512876756
2022-01-27T16:00:00.0;-0.2312555166640042
2022-01-27T17:00:00.0;-0.25893736262164624
2022-01-27T18:00:00.0;-0.27095874850641366
2022-01-27T19:00:00.0;-0.2754066108974966
2022-01-27T20:00:00.0;-0.2750822429465175
2022-01-27T21:00:00.0;-0.27090289234056203
2022-01-27T22:00:00.0;-0.2620920217184616
2022-01-27T23:00:00.0;-0.2521375458836307
2022-01-28T00:00:00.0;-0.22764082060482785
2022-01-28T01:00:00.0;-0.2164195797044102
2022-01-28T02:00:00.0;-0.20723595663970093
2022-01-28T03:00:00.0;-0.19848972741134274
2022-01-28T04:00:00.0;-0.1917275976395014
2022-01-28T05:00:00.0;-0.1884998184365816
2022-01-28T06:00:00.0;-0.19037560430793166
2022-01-28T07:00:00.0;-0.19028149973462113
2022-01-28T08:00:00.0;-0.1876904025126529
2022-01-28T09:00:00.0;-0.17835498448065765
2022-01-28T10:00:00.0;-0.1649441362447738
2022-01-28T11:00:00.0;-0.15713999220812122
2022-01-28T12:00:00.0;-0.15765016796923675
2022-01-28T13:00:00.0;-0.16270237209482336
2022-01-28T14:00:00.0;-0.17434891218075357
2022-01-28T15:00:00.0;-0.18895387006369177
2022-01-28T16:00:00.0;-0.21137914095077873
2022-01-28T17:00:00.0;-0.2377830948441018
2022-01-28T18:00:00.0;-0.2498924931236339
2022-01-28T19:00:00.0;-0.25801766061665987
2022-01-28T20:00:00.0;-0.2618911109840237
2022-01-28T21:00:00.0;-0.2595012172250042
2022-01-28T22:00:00.0;-0.25235794881816204
2022-01-28T23:00:00.0;-0.24188287419857835
2022-01-29T00:00:00.0;-0.23999566121647414
2022-01-29T01:00:00.0;-0.2287696981792631
2022-01-29T02:00:00.0;-0.21920916717459837
2022-01-29T03:00:00.0;-0.21036907413269068
2022-01-29T04:00:00.0;-0.20323408893720776
2022-01-29T05:00:00.0;-0.2007961188201828
2022-01-29T06:00:00.0;-0.20732057199905146
2022-01-29T07:00:00.0;-0.21732297641194095
2022-01-29T08:00:00.0;-0.22060679612591735
2022-01-29T09:00:00.0;-0.21330771427266582
2022-01-29T10:00:00.0;-0.2011946836153015
2022-01-29T11:00:00.0;-0.1938568248951019
2022-01-29T12:00:00.0;-0.19068816948706588
2022-01-29T13:00:00.0;-0.19093856578910368
2022-01-29T14:00:00.0;-0.19642755655319782
2022-01-29T15:00:00.0;-0.2098952697204115
2022-01-29T16:00:00.0;-0.2298397994698254
2022-01-29T17:00:00.0;-0.2581011900055007
2022-01-29T18:00:00.0;-0.2701885235692603
2022-01-29T19:00:00.0;-0.27431543191332447
2022-01-29T20:00:00.0;-0.273237155315536
2022-01-29T21:00:00.0;-0.26880936424521296
2022-01-29T22:00:00.0;-0.259857261082203
2022-01-29T23:00:00.0;-0.25017494170045135
2022-01-30T00:00:00.0;-0.2199215213102794
2022-01-30T01:00:00.0;-0.20888822520945277
2022-01-30T02:00:00.0;-0.19971056829276587
2022-01-30T03:00:00.0;-0.19096313617256128
2022-01-30T04:00:00.0;-0.18337005375757273
2022-01-30T05:00:00.0;-0.17822790109707087
2022-01-30T06:00:00.0;-0.17853966505460983
2022-01-30T07:00:00.0;-0.1781738705951393
2022-01-30T08:00:00.0;-0.17393731093307105
2022-01-30T09:00:00.0;-0.16242523756753646
2022-01-30T10:00:00.0;-0.14852900009579575
2022-01-30T11:00:00.0;-0.1412594577326724
2022-01-30T12:00:00.0;-0.1406334169674527
2022-01-30T13:00:00.0;-0.1455697063614372
2022-01-30T14:00:00.0;-0.15909953522415965
2022-01-30T15:00:00.0;-0.17852555317167665
2022-01-30T16:00:00.0;-0.2056137403011144
2022-01-30T17:00:00.0;-0.23271212794935534
2022-01-30T18:00:00.0;-0.24355791956903589
2022-01-30T19:00:00.0;-0.24868539405151344
2022-01-30T20:00:00.0;-0.2500886378747922
2022-01-30T21:00:00.0;-0.24773628699026667
2022-01-30T22:00:00.0;-0.24031979407735643
2022-01-30T23:00:00.0;-0.23113973110743152
2022-01-31T00:00:00.0;-0.2443336936881627
2022-01-31T01:00:00.0;-0.2330580083163383
2022-01-31T02:00:00.0;-0.22350096111049142
2022-01-31T03:00:00.0;-0.2147231608833926
2022-01-31T04:00:00.0;-0.20790536705931079
2022-01-31T05:00:00.0;-0.2065224113875628
2022-01-31T06:00:00.0;-0.2140198586103479
2022-01-31T07:00:00.0;-0.22512470939034654
2022-01-31T08:00:00.0;-0.22922034643232592
2022-01-31T09:00:00.0;-0.22258173215386143
2022-01-31T10:00:00.0;-0.21082214890046005
2022-01-31T11:00:00.0;-0.20340140448361632
2022-01-31T12:00:00.0;-0.1999878965652048
2022-01-31T13:00:00.0;-0.19933647930153975
2022-01-31T14:00:00.0;-0.20300894929889113
2022-01-31T15:00:00.0;-0.2146266378185839
2022-01-31T16:00:00.0;-0.2326628279084094
2022-01-31T17:00:00.0;-0.260710580740919
2022-01-31T18:00:00.0;-0.2738516715057392
2022-01-31T19:00:00.0;-0.27918304789871917
2022-01-31T20:00:00.0;-0.2788812734524863
2022-01-31T21:00:00.0;-0.27410593035680403
2022-01-31T22:00:00.0;-0.26499414792222975
2022-01-31T23:00:00.0;-0.25485300789560983
2022-02-01T00:00:00.0;-0.24910956512489182
2022-02-01T01:00:00.0;-0.23782832395960543
2022-02-01T02:00:00.0;-0.22815351064148887
2022-02-01T03:00:00.0;-0.21930013033898824
2022-02-01T04:00:00.0;-0.21225502215613218
2022-02-01T05:00:00.0;-0.21075249798611426
2022-02-01T06:00:00.0;-0.21923705858193518
2022-02-01T07:00:00.0;-0.23268214648981686
2022-02-01T08:00:00.0;-0.23826703739335023
2022-02-01T09:00:00.0;-0.23284372157686317
2022-02-01T10:00:00.0;-0.22226692375542684
2022-02-01T11:00:00.0;-0.21536337393626004
2022-02-01T12:00:00.0;-0.21139164033803198
2022-02-01T13:00:00.0;-0.2096188901713738
2022-02-01T14:00:00.0;-0.21149876364000908
2022-02-01T15:00:00.0;-0.22203207906991704
2022-02-01T16:00:00.0;-0.23865593381142752
2022-02-01T17:00:00.0;-0.26669245627558036
2022-02-01T18:00:00.0;-0.2800694121970841
2022-02-01T19:00:00.0;-0.28474407931818274
2022-02-01T20:00:00.0;-0.2835407822915967
2022-02-01T21:00:00.0;-0.2785126996273615
2022-02-01T22:00:00.0;-0.26888839841555084
2022-02-01T23:00:00.0;-0.2587333481666563
2022-02-02T00:00:00.0;-0.2176536562720353
2022-02-02T01:00:00.0;-0.20669541509166448
2022-02-02T02:00:00.0;-0.1975917342741687
2022-02-02T03:00:00.0;-0.1886784834955993
2022-02-02T04:00:00.0;-0.18108154584934727
2022-02-02T05:00:00.0;-0.17670149391632217
2022-02-02T06:00:00.0;-0.17787746341826577
2022-02-02T07:00:00.0;-0.17656579314806053
2022-02-02T08:00:00.0;-0.16897916982478772
2022-02-02T09:00:00.0;-0.15568041820331077
2022-02-02T10:00:00.0;-0.1422298349723957
2022-02-02T11:00:00.0;-0.1363307343383464
2022-02-02T12:00:00.0;-0.13633382117386278
2022-02-02T13:00:00.0;-0.1417668971312751
2022-02-02T14:00:00.0;-0.15574841909912743
2022-02-02T15:00:00.0;-0.17645583762959105
2022-02-02T16:00:00.0;-0.20526089263629635
2022-02-02T17:00:00.0;-0.23162100592960405
2022-02-02T18:00:00.0;-0.24334731111638974
2022-02-02T19:00:00.0;-0.24751537826890446
2022-02-02T20:00:00.0;-0.2471320211190252
2022-02-02T21:00:00.0;-0.24381911158227842
2022-02-02T22:00:00.0;-0.23590904353473768
2022-02-02T23:00:00.0;-0.22695187708620637
2022-02-03T00:00:00.0;-0.23220630661498234
2022-02-03T01:00:00.0;-0.22030925085847455
2022-02-03T02:00:00.0;-0.21104768151855124
2022-02-03T03:00:00.0;-0.20236938176003308
2022-02-03T04:00:00.0;-0.1939731844796263
2022-02-03T05:00:00.0;-0.18821073257175042
2022-02-03T06:00:00.0;-0.18749598389325983
2022-02-03T07:00:00.0;-0.18909032719631197
2022-02-03T08:00:00.0;-0.18730059514997668
2022-02-03T09:00:00.0;-0.18122262060771224
2022-02-03T10:00:00.0;-0.17315847549558488
2022-02-03T11:00:00.0;-0.168726429194008
2022-02-03T12:00:00.0;-0.16859531205960596
2022-02-03T13:00:00.0;-0.1710014405962559
2022-02-03T14:00:00.0;-0.17883141106859046
2022-02-03T15:00:00.0;-0.193543460054773
2022-02-03T16:00:00.0;-0.21579748878184354
2022-02-03T17:00:00.0;-0.24023010745117931
2022-02-03T18:00:00.0;-0.25292469900798736
2022-02-03T19:00:00.0;-0.2588637272423804
2022-02-03T20:00:00.0;-0.2615049380893803
2022-02-03T21:00:00.0;-0.25919064210001663
2022-02-03T22:00:00.0;-0.2510130075598408
2022-02-03T23:00:00.0;-0.24089569908595473
2022-02-04T00:00:00.0;-0.24473861558596352
2022-02-04T01:00:00.0;-0.23363119484277214
2022-02-04T02:00:00.0;-0.2240595596029069
2022-02-04T03:00:00.0;-0.21523158668612632
2022-02-04T04:00:00.0;-0.20813294125417148
2022-02-04T05:00:00.0;-0.20634949075262973
2022-02-04T06:00:00.0;-0.21389870799506025
2022-02-04T07:00:00.0;-0.22537414288720645
2022-02-04T08:00:00.0;-0.22868329159404294
2022-02-04T09:00:00.0;-0.22160077754779545
2022-02-04T10:00:00.0;-0.21050254995258538
2022-02-04T11:00:00.0;-0.20372608729097025
2022-02-04T12:00:00.0;-0.19995329005415502
2022-02-04T13:00:00.0;-0.1988423216239788
2022-02-04T14:00:00.0;-0.20224883651856393
2022-02-04T15:00:00.0;-0.2144614637178605
2022-02-04T16:00:00.0;-0.23300590459519008
2022-02-04T17:00:00.0;-0.260831914967104
2022-02-04T18:00:00.0;-0.27442754361005284
2022-02-04T19:00:00.0;-0.2793506094608276
2022-02-04T20:00:00.0;-0.27836694548416374
2022-02-04T21:00:00.0;-0.273507855118178
2022-02-04T22:00:00.0;-0.2640197815957448
2022-02-04T23:00:00.0;-0.254046683806226
2022-02-05T00:00:00.0;-0.22749501018121276
2022-02-05T01:00:00.0;-0.21668132084641134
2022-02-05T02:00:00.0;-0.20744008485811147
2022-02-05T03:00:00.0;-0.19871858717974233
2022-02-05T04:00:00.0;-0.19165310504396244
2022-02-05T05:00:00.0;-0.18882052186260728
2022-02-05T06:00:00.0;-0.1926996168673283
2022-02-05T07:00:00.0;-0.19678638163157183
2022-02-05T08:00:00.0;-0.19386378320306621
2022-02-05T09:00:00.0;-0.18197658445381545
2022-02-05T10:00:00.0;-0.16797544807071696
2022-02-05T11:00:00.0;-0.16062022739771734
2022-02-05T12:00:00.0;-0.15821337785350761
2022-02-05T13:00:00.0;-0.16054374652735512
2022-02-05T14:00:00.0;-0.17041235571316596
2022-02-05T15:00:00.0;-0.1882004735893565
2022-02-05T16:00:00.0;-0.2132299460730537
2022-02-05T17:00:00.0;-0.24094780054931203
2022-02-05T18:00:00.0;-0.2536333879056505
2022-02-05T19:00:00.0;-0.25899031885531365
2022-02-05T20:00:00.0;-0.2591322856533683
2022-02-05T21:00:00.0;-0.2551921781635398
2022-02-05T22:00:00.0;-0.24684067848616778
2022-02-05T23:00:00.0;-0.23751318392904933
2022-02-06T00:00:00.0;-0.24087418317854165
2022-02-06T01:00:00.0;-0.2298848698568307
2022-02-06T02:00:00.0;-0.22035064945708788
2022-02-06T03:00:00.0;-0.21149451266440367
2022-02-06T04:00:00.0;-0.2041758072407735
2022-02-06T05:00:00.0;-0.20169458981624067
2022-02-06T06:00:00.0;-0.20838952151409937
2022-02-06T07:00:00.0;-0.21857751800526956
2022-02-06T08:00:00.0;-0.22045948795504824
2022-02-06T09:00:00.0;-0.21232031921225447
2022-02-06T10:00:00.0;-0.20092982128934334
2022-02-06T11:00:00.0;-0.19433656573409447
2022-02-06T12:00:00.0;-0.19071535185789032
2022-02-06T13:00:00.0;-0.1902561723835216
2022-02-06T14:00:00.0;-0.1951459824592551
2022-02-06T15:00:00.0;-0.2090411210488037
2022-02-06T16:00:00.0;-0.22938147782240084
2022-02-06T17:00:00.0;-0.2571992449999857
2022-02-06T18:00:00.0;-0.27041792294645367
2022-02-06T19:00:00.0;-0.27477863819666065
2022-02-06T20:00:00.0;-0.2733971539936817
2022-02-06T21:00:00.0;-0.268768047897757
2022-02-06T22:00:00.0;-0.2593613965942717
2022-02-06T23:00:00.0;-0.2497147710491049
2022-02-07T00:00:00.0;-0.22407959656177942
2022-02-07T01:00:00.0;-0.21328337934941705
2022-02-07T02:00:00.0;-0.2042582227350636
2022-02-07T03:00:00.0;-0.19573175500692339
2022-02-07T04:00:00.0;-0.1893579688592671
2022-02-07T05:00:00.0;-0.18786311741309353
2022-02-07T06:00:00.0;-0.19111595759100655
2022-02-07T07:00:00.0;-0.1923594437948866
2022-02-07T08:00:00.0;-0.1873514946562785
2022-02-07T09:00:00.0;-0.1738393834570503
2022-02-07T10:00:00.0;-0.15834444884166293
2022-02-07T11:00:00.0;-0.15019083536916314
2022-02-07T12:00:00.0;-0.14837564284539181
2022-02-07T13:00:00.0;-0.151503233750647
2022-02-07T14:00:00.0;-0.1623802597929844
2022-02-07T15:00:00.0;-0.18017179233701866
2022-02-07T16:00:00.0;-0.20570564805127448
2022-02-07T17:00:00.0;-0.23309684648517362
2022-02-07T18:00:00.0;-0.24680402477344093
2022-02-07T19:00:00.0;-0.2546694398737619
2022-02-07T20:00:00.0;-0.2571448360670418
2022-02-07T21:00:00.0;-0.25321769549900747
2022-02-07T22:00:00.0;-0.2454696510435814
2022-02-07T23:00:00.0;-0.2356797704849992
2022-02-08T00:00:00.0;-0.23450290741487326
2022-02-08T01:00:00.0;-0.22373709915157294
2022-02-08T02:00:00.0;-0.2143343200701677
2022-02-08T03:00:00.0;-0.20550136169327216
2022-02-08T04:00:00.0;-0.19806867055003288
2022-02-08T05:00:00.0;-0.19505515477276922
2022-02-08T06:00:00.0;-0.20038004772471948
2022-02-08T07:00:00.0;-0.207843469917593
2022-02-08T08:00:00.0;-0.20671139843730604
2022-02-08T09:00:00.0;-0.19635697216149242
2022-02-08T10:00:00.0;-0.1842107056624636
2022-02-08T11:00:00.0;-0.17776768607063154
2022-02-08T12:00:00.0;-0.1744591555229202
2022-02-08T13:00:00.0;-0.175025462769627
2022-02-08T14:00:00.0;-0.18220027317822335
2022-02-08T15:00:00.0;-0.1985453324721962
2022-02-08T16:00:00.0;-0.22165718300749399
2022-02-08T17:00:00.0;-0.24925457387027583
2022-02-08T18:00:00.0;-0.2625423298287295
2022-02-08T19:00:00.0;-0.26701847648937566
2022-02-08T20:00:00.0;-0.26580456327438895
2022-02-08T21:00:00.0;-0.26145715600981384
2022-02-08T22:00:00.0;-0.25226857526581364
2022-02-08T23:00:00.0;-0.2429298668438184
2022-02-09T00:00:00.0;-0.22813905927891867
2022-02-09T01:00:00.0;-0.21729628903869422
2022-02-09T02:00:00.0;-0.2080187044864777
2022-02-09T03:00:00.0;-0.19918382391833866
2022-02-09T04:00:00.0;-0.19133020216582802
2022-02-09T05:00:00.0;-0.18706513407792344
2022-02-09T06:00:00.0;-0.18991666087709885
2022-02-09T07:00:00.0;-0.19372966397221061
2022-02-09T08:00:00.0;-0.189627301088596
2022-02-09T09:00:00.0;-0.17837316803154296
2022-02-09T10:00:00.0;-0.1667592097505941
2022-02-09T11:00:00.0;-0.1612111486724353
2022-02-09T12:00:00.0;-0.15906517446147492
2022-02-09T13:00:00.0;-0.16109655120379793
2022-02-09T14:00:00.0;-0.1706055787954617
2022-02-09T15:00:00.0;-0.18894191835909208
2022-02-09T16:00:00.0;-0.21450555241381963
2022-02-09T17:00:00.0;-0.24114702885617567
2022-02-09T18:00:00.0;-0.2541454255229027
2022-02-09T19:00:00.0;-0.25843430799429734
2022-02-09T20:00:00.0;-0.25759371734956354
2022-02-09T21:00:00.0;-0.25385683679898696
2022-02-09T22:00:00.0;-0.2450027170290829
2022-02-09T23:00:00.0;-0.23587995034218331
2022-02-10T00:00:00.0;-0.23747156864535734
2022-02-10T01:00:00.0;-0.22540581634999984
2022-02-10T02:00:00.0;-0.21621277690031943
2022-02-10T03:00:00.0;-0.20736622386608278
2022-02-10T04:00:00.0;-0.19884623878173624
2022-02-10T05:00:00.0;-0.19284490933032591
2022-02-10T06:00:00.0;-0.19100052007116922
2022-02-10T07:00:00.0;-0.18986187129882373
2022-02-10T08:00:00.0;-0.18725301177333906
2022-02-10T09:00:00.0;-0.18249174406303664
2022-02-10T10:00:00.0;-0.17596846310279773
2022-02-10T11:00:00.0;-0.17190814280562838
2022-02-10T12:00:00.0;-0.17328034554986016
2022-02-10T13:00:00.0;-0.1768676368014294
2022-02-10T14:00:00.0;-0.1832651652536482
2022-02-10T15:00:00.0;-0.1947255656495427
2022-02-10T16:00:00.0;-0.214583233564723
2022-02-10T17:00:00.0;-0.23648087095229617
2022-02-10T18:00:00.0;-0.25129241255759954
2022-02-10T19:00:00.0;-0.2616108818516975
2022-02-10T20:00:00.0;-0.2691387973697195
2022-02-10T21:00:00.0;-0.268382356460847
2022-02-10T22:00:00.0;-0.260272803319337
2022-02-10T23:00:00.0;-0.2484800944761306
2022-02-11T00:00:00.0;-0.21504156430504917
2022-02-11T01:00:00.0;-0.2040975153811731
2022-02-11T02:00:00.0;-0.1950901381675503
2022-02-11T03:00:00.0;-0.18634402473469308
2022-02-11T04:00:00.0;-0.17773550288437634
2022-02-11T05:00:00.0;-0.1710154554179736
2022-02-11T06:00:00.0;-0.16872408017058624
2022-02-11T07:00:00.0;-0.16535174722470922
2022-02-11T08:00:00.0;-0.15565267823377552
2022-02-11T09:00:00.0;-0.14236062937836094
2022-02-11T10:00:00.0;-0.1313051791504425
2022-02-11T11:00:00.0;-0.12708100611601195
2022-02-11T12:00:00.0;-0.12683455878519256
2022-02-11T13:00:00.0;-0.13149606154692564
2022-02-11T14:00:00.0;-0.1456505921677522
2022-02-11T15:00:00.0;-0.16814367905769365
2022-02-11T16:00:00.0;-0.19868647578711152
2022-02-11T17:00:00.0;-0.22372779082081526
2022-02-11T18:00:00.0;-0.23616841486882376
2022-02-11T19:00:00.0;-0.24047763535668293
2022-02-11T20:00:00.0;-0.2408479696190693
2022-02-11T21:00:00.0;-0.2384230021784528
2022-02-11T22:00:00.0;-0.23035307843352631
2022-02-11T23:00:00.0;-0.22168256649694218
2022-02-12T00:00:00.0;-0.23565929447158973
2022-02-12T01:00:00.0;-0.22498028103992276
2022-02-12T02:00:00.0;-0.21563279710659958
2022-02-12T03:00:00.0;-0.2065348971838272
2022-02-12T04:00:00.0;-0.19919209844633487
2022-02-12T05:00:00.0;-0.19599108869406148
2022-02-12T06:00:00.0;-0.20075057791960582
2022-02-12T07:00:00.0;-0.20514624073253732
2022-02-12T08:00:00.0;-0.20288660076613751
2022-02-12T09:00:00.0;-0.19216539765080604
2022-02-12T10:00:00.0;-0.17936055767924983
2022-02-12T11:00:00.0;-0.17215819159456117
2022-02-12T12:00:00.0;-0.17020305044546066
2022-02-12T13:00:00.0;-0.17307571237698552
2022-02-12T14:00:00.0;-0.18082977797468208
2022-02-12T15:00:00.0;-0.19559481528051256
2022-02-12T16:00:00.0;-0.21804591575412777
2022-02-12T17:00:00.0;-0.2441666132675199
2022-02-12T18:00:00.0;-0.25851738027501575
2022-02-12T19:00:00.0;-0.2667009819381497
2022-02-12T20:00:00.0;-0.2697405135183644
2022-02-12T21:00:00.0;-0.2670288193719707
2022-02-12T22:00:00.0;-0.2581500897260212
2022-02-12T23:00:00.0;-0.2474827141755665
2022-02-13T00:00:00.0;-0.2282260957213646
2022-02-13T01:00:00.0;-0.21772543731925278
2022-02-13T02:00:00.0;-0.20846811237386595
2022-02-13T03:00:00.0;-0.19966510874541213
2022-02-13T04:00:00.0;-0.19212192726645666
2022-02-13T05:00:00.0;-0.1886468306778475
2022-02-13T06:00:00.0;-0.1926241803012841
2022-02-13T07:00:00.0;-0.19729546176006904
2022-02-13T08:00:00.0;-0.19282770006589728
2022-02-13T09:00:00.0;-0.18005257428897753
2022-02-13T10:00:00.0;-0.16722117977630896
2022-02-13T11:00:00.0;-0.16102420264480274
2022-02-13T12:00:00.0;-0.1579688595586519
2022-02-13T13:00:00.0;-0.15945151683395603
2022-02-13T14:00:00.0;-0.1688127105529907
2022-02-13T15:00:00.0;-0.18764687890490647
2022-02-13T16:00:00.0;-0.2135842001436979
2022-02-13T17:00:00.0;-0.24086444446605046
2022-02-13T18:00:00.0;-0.2544862367923679
2022-02-13T19:00:00.0;-0.25925083989376424
2022-02-13T20:00:00.0;-0.2582665028973019
2022-02-13T21:00:00.0;-0.25415885238832364
2022-02-13T22:00:00.0;-0.2451306861910118
2022-02-13T23:00:00.0;-0.23607726003070675
2022-02-14T00:00:00.0;-0.23180552760248824
2022-02-14T01:00:00.0;-0.22122545265031993
2022-02-14T02:00:00.0;-0.2119788233471389
2022-02-14T03:00:00.0;-0.2032445776454566
2022-02-14T04:00:00.0;-0.19605081016072842
2022-02-14T05:00:00.0;-0.19360079458528054
2022-02-14T06:00:00.0;-0.19839246356626827
2022-02-14T07:00:00.0;-0.20387360848816427
2022-02-14T08:00:00.0;-0.200234833505632
2022-02-14T09:00:00.0;-0.18809263598362247
2022-02-14T10:00:00.0;-0.17538973827616752
2022-02-14T11:00:00.0;-0.16896335174420374
2022-02-14T12:00:00.0;-0.16578808562781655
2022-02-14T13:00:00.0;-0.16661080801199538
2022-02-14T14:00:00.0;-0.17448552335202586
2022-02-14T15:00:00.0;-0.1915945462730808
2022-02-14T16:00:00.0;-0.21578589089471836
2022-02-14T17:00:00.0;-0.24292384860659508
2022-02-14T18:00:00.0;-0.257375456639783
2022-02-14T19:00:00.0;-0.26332001837515223
2022-02-14T20:00:00.0;-0.26320313306741244
2022-02-14T21:00:00.0;-0.25881454643088797
2022-02-14T22:00:00.0;-0.24974385021031875
2022-02-14T23:00:00.0;-0.24024844835731207
2022-02-15T00:00:00.0;-0.24376236779483226
2022-02-15T01:00:00.0;-0.23304248563663013
2022-02-15T02:00:00.0;-0.22360499868693523
2022-02-15T03:00:00.0;-0.21447290324542512
2022-02-15T04:00:00.0;-0.20733298750154147
2022-02-15T05:00:00.0;-0.2054519012366812
2022-02-15T06:00:00.0;-0.21250479176140372
2022-02-15T07:00:00.0;-0.2200507572248653
2022-02-15T08:00:00.0;-0.21927672119257063
2022-02-15T09:00:00.0;-0.20995084953941662
2022-02-15T10:00:00.0;-0.19858233077553805
2022-02-15T11:00:00.0;-0.19203819561599597
2022-02-15T12:00:00.0;-0.18953234765159796
2022-02-15T13:00:00.0;-0.19059742701924526
2022-02-15T14:00:00.0;-0.19511392668611943
2022-02-15T15:00:00.0;-0.20725020826943716
2022-02-15T16:00:00.0;-0.2267693610460527
2022-02-15T17:00:00.0;-0.2526505589287529
2022-02-15T18:00:00.0;-0.26835192410885034
2022-02-15T19:00:00.0;-0.27673176754822737
2022-02-15T20:00:00.0;-0.27902014419133797
2022-02-15T21:00:00.0;-0.27534828342696244
2022-02-15T22:00:00.0;-0.2657679922972201
2022-02-15T23:00:00.0;-0.2547329105574242
2022-02-16T00:00:00.0;-0.2442813019932872
2022-02-16T01:00:00.0;-0.2332731299791095
2022-02-16T02:00:00.0;-0.22383491237226041
2022-02-16T03:00:00.0;-0.21512497390187033
2022-02-16T04:00:00.0;-0.20841436214311151
2022-02-16T05:00:00.0;-0.20762566674294974
2022-02-16T06:00:00.0;-0.21513931175028347
2022-02-16T07:00:00.0;-0.22537410614378425
2022-02-16T08:00:00.0;-0.22711232471245052
2022-02-16T09:00:00.0;-0.21892122973080774
2022-02-16T10:00:00.0;-0.20738390966875445
2022-02-16T11:00:00.0;-0.20045928675842264
2022-02-16T12:00:00.0;-0.19676268115732334
2022-02-16T13:00:00.0;-0.19556895497756496
2022-02-16T14:00:00.0;-0.1988308083701719
2022-02-16T15:00:00.0;-0.21076835302703234
2022-02-16T16:00:00.0;-0.2292906451786934
2022-02-16T17:00:00.0;-0.2566892648337318
2022-02-16T18:00:00.0;-0.27160741666445515
2022-02-16T19:00:00.0;-0.2783385258449146
2022-02-16T20:00:00.0;-0.27872698099103593
2022-02-16T21:00:00.0;-0.2737019449113955
2022-02-16T22:00:00.0;-0.26431704661554
2022-02-16T23:00:00.0;-0.2539855810301452
2022-02-17T00:00:00.0;-0.23848778679793636
2022-02-17T01:00:00.0;-0.22775754818435168
2022-02-17T02:00:00.0;-0.21852800444053536
2022-02-17T03:00:00.0;-0.209919408109536
2022-02-17T04:00:00.0;-0.20336869352924294
2022-02-17T05:00:00.0;-0.20280828239277576
2022-02-17T06:00:00.0;-0.20911869897115956
2022-02-17T07:00:00.0;-0.216136048699023
2022-02-17T08:00:00.0;-0.21407618786999996
2022-02-17T09:00:00.0;-0.20313754376783286
2022-02-17T10:00:00.0;-0.190683566714124
2022-02-17T11:00:00.0;-0.18383270163242274
2022-02-17T12:00:00.0;-0.18043225595453818
2022-02-17T13:00:00.0;-0.1800265513628386
2022-02-17T14:00:00.0;-0.18513338888119776
2022-02-17T15:00:00.0;-0.19903241882755035
2022-02-17T16:00:00.0;-0.2199695311436161
2022-02-17T17:00:00.0;-0.2468513871892486
2022-02-17T18:00:00.0;-0.26282159470400407
2022-02-17T19:00:00.0;-0.2709270834492208
2022-02-17T20:00:00.0;-0.2723978951945807
2022-02-17T21:00:00.0;-0.2674891583677168
2022-02-17T22:00:00.0;-0.2583369753656308
2022-02-17T23:00:00.0;-0.24802534047648384
2022-02-18T00:00:00.0;-0.241618068618915
2022-02-18T01:00:00.0;-0.2308204737357974
2022-02-18T02:00:00.0;-0.22160345265909223
2022-02-18T03:00:00.0;-0.21305796829730803
2022-02-18T04:00:00.0;-0.2068229962700636
2022-02-18T05:00:00.0;-0.2071855067451895
2022-02-18T06:00:00.0;-0.2142096710401249
2022-02-18T07:00:00.0;-0.2219085240664329
2022-02-18T08:00:00.0;-0.2205391816671719
2022-02-18T09:00:00.0;-0.21012988117843173
2022-02-18T10:00:00.0;-0.19777833885174667
2022-02-18T11:00:00.0;-0.19072267807344265
2022-02-18T12:00:00.0;-0.18721878861893412
2022-02-18T13:00:00.0;-0.18623203001493488
2022-02-18T14:00:00.0;-0.19003104693449516
2022-02-18T15:00:00.0;-0.20240975387636154
2022-02-18T16:00:00.0;-0.2218142104664505
2022-02-18T17:00:00.0;-0.24856115765361067
2022-02-18T18:00:00.0;-0.2652906436218625
2022-02-18T19:00:00.0;-0.2744740851877959
2022-02-18T20:00:00.0;-0.27673836796164014
2022-02-18T21:00:00.0;-0.2715792013585761
2022-02-18T22:00:00.0;-0.26239212319133026
2022-02-18T23:00:00.0;-0.2516842182345995
2022-02-19T00:00:00.0;-0.2273782471298558
2022-02-19T01:00:00.0;-0.21686733778908848
2022-02-19T02:00:00.0;-0.2075635175150023
2022-02-19T03:00:00.0;-0.19870286345578708
2022-02-19T04:00:00.0;-0.19093579378036646
2022-02-19T05:00:00.0;-0.18685071855539884
2022-02-19T06:00:00.0;-0.19061285159071556
2022-02-19T07:00:00.0;-0.19546320888663954
2022-02-19T08:00:00.0;-0.19127692544989988
2022-02-19T09:00:00.0;-0.17868708548750153
2022-02-19T10:00:00.0;-0.1659631163784506
2022-02-19T11:00:00.0;-0.1598783632301808
2022-02-19T12:00:00.0;-0.15683157222629213
2022-02-19T13:00:00.0;-0.15852503924410263
2022-02-19T14:00:00.0;-0.16834745745199434
2022-02-19T15:00:00.0;-0.18775186697336763
2022-02-19T16:00:00.0;-0.21418273346182767
2022-02-19T17:00:00.0;-0.24164200999780458
2022-02-19T18:00:00.0;-0.25460130599418046
2022-02-19T19:00:00.0;-0.2584475248434285
2022-02-19T20:00:00.0;-0.25677403199373944
2022-02-19T21:00:00.0;-0.25279875862663287
2022-02-19T22:00:00.0;-0.24374878649879456
2022-02-19T23:00:00.0;-0.23493535452397848
2022-02-20T00:00:00.0;-0.23716346493684848
2022-02-20T01:00:00.0;-0.2263074349596073
2022-02-20T02:00:00.0;-0.2168392040976418
2022-02-20T03:00:00.0;-0.20798431006037335
2022-02-20T04:00:00.0;-0.20055080399339784
2022-02-20T05:00:00.0;-0.19765066099305206
2022-02-20T06:00:00.0;-0.2035405588608245
2022-02-20T07:00:00.0;-0.2122386865200283
2022-02-20T08:00:00.0;-0.2124234811556438
2022-02-20T09:00:00.0;-0.2030404606707775
2022-02-20T10:00:00.0;-0.1912750422622037
2022-02-20T11:00:00.0;-0.18481812265387593
2022-02-20T12:00:00.0;-0.18135603943375397
2022-02-20T13:00:00.0;-0.18148545834457525
2022-02-20T14:00:00.0;-0.1877249375169424
2022-02-20T15:00:00.0;-0.20312514629596862
2022-02-20T16:00:00.0;-0.22513528893765666
2022-02-20T17:00:00.0;-0.252845758734
2022-02-20T18:00:00.0;-0.26602110900116555
2022-02-20T19:00:00.0;-0.270278742002638
2022-02-20T20:00:00.0;-0.26884602533580626
2022-02-20T21:00:00.0;-0.2643927364163063
2022-02-20T22:00:00.0;-0.2550860693946677
2022-02-20T23:00:00.0;-0.2456604031593479
2022-02-21T00:00:00.0;-0.24501357006310942
2022-02-21T01:00:00.0;-0.23399676375163794
2022-02-21T02:00:00.0;-0.2245722495237829
2022-02-21T03:00:00.0;-0.21588721212202464
2022-02-21T04:00:00.0;-0.20928504797446368
2022-02-21T05:00:00.0;-0.2088022363132172
2022-02-21T06:00:00.0;-0.2164883214599873
2022-02-21T07:00:00.0;-0.22679164060644866
2022-02-21T08:00:00.0;-0.22857428649204692
2022-02-21T09:00:00.0;-0.2204248706794672
2022-02-21T10:00:00.0;-0.20887772671642557
2022-02-21T11:00:00.0;-0.20189100983751684
2022-02-21T12:00:00.0;-0.19817507123309677
2022-02-21T13:00:00.0;-0.19683206398318226
2022-02-21T14:00:00.0;-0.19976123408988838
2022-02-21T15:00:00.0;-0.21130352209476938
2022-02-21T16:00:00.0;-0.22944767807802427
2022-02-21T17:00:00.0;-0.25677912192909297
2022-02-21T18:00:00.0;-0.27198908231172164
2022-02-21T19:00:00.0;-0.2791289335046543
2022-02-21T20:00:00.0;-0.2798215446891403
2022-02-21T21:00:00.0;-0.27472179154282006
2022-02-21T22:00:00.0;-0.2653365431597741
2022-02-21T23:00:00.0;-0.25487921817159703
2022-02-22T00:00:00.0;-0.2459661539395546
2022-02-22T01:00:00.0;-0.23510203608718525
2022-02-22T02:00:00.0;-0.22558468429602413
2022-02-22T03:00:00.0;-0.2165436345092551
2022-02-22T04:00:00.0;-0.20933096533274861
2022-02-22T05:00:00.0;-0.20726399890853336
2022-02-22T06:00:00.0;-0.21446918359584266
2022-02-22T07:00:00.0;-0.22384493043885575
2022-02-22T08:00:00.0;-0.22527483001916304
2022-02-22T09:00:00.0;-0.21728442399186532
2022-02-22T10:00:00.0;-0.20625757653148627
2022-02-22T11:00:00.0;-0.19951457315051688
2022-02-22T12:00:00.0;-0.19638717347010776
2022-02-22T13:00:00.0;-0.19646576588950557
2022-02-22T14:00:00.0;-0.19996392990154602
2022-02-22T15:00:00.0;-0.21150157173033238
2022-02-22T16:00:00.0;-0.23000474862266906
2022-02-22T17:00:00.0;-0.2564562248224103
2022-02-22T18:00:00.0;-0.27155839333616616
2022-02-22T19:00:00.0;-0.2791811858700656
2022-02-22T20:00:00.0;-0.2809284974890196
2022-02-22T21:00:00.0;-0.27712862895929796
2022-02-22T22:00:00.0;-0.2675230626382546
2022-02-22T23:00:00.0;-0.25666370009311706
2022-02-23T00:00:00.0;-0.234671701361163
2022-02-23T01:00:00.0;-0.22418719479012827
2022-02-23T02:00:00.0;-0.21512680602359138
2022-02-23T03:00:00.0;-0.2063283839784469
2022-02-23T04:00:00.0;-0.19985774980408036
2022-02-23T05:00:00.0;-0.1989380276681591
2022-02-23T06:00:00.0;-0.20373234402995963
2022-02-23T07:00:00.0;-0.20582466756255888
2022-02-23T08:00:00.0;-0.20034195019257658
2022-02-23T09:00:00.0;-0.18728790952289004
2022-02-23T10:00:00.0;-0.17357886732718644
2022-02-23T11:00:00.0;-0.16610648611325085
2022-02-23T12:00:00.0;-0.16415459688499895
2022-02-23T13:00:00.0;-0.16653492405772816
2022-02-23T14:00:00.0;-0.17383197748457677
2022-02-23T15:00:00.0;-0.1880791943870293
2022-02-23T16:00:00.0;-0.21045206717271459
2022-02-23T17:00:00.0;-0.2358285561161775
2022-02-23T18:00:00.0;-0.25296731945590234
2022-02-23T19:00:00.0;-0.26472264501313153
2022-02-23T20:00:00.0;-0.2703028718604831
2022-02-23T21:00:00.0;-0.2670045328865478
2022-02-23T22:00:00.0;-0.2583281834082423
2022-02-23T23:00:00.0;-0.2470147126016314
2022-02-24T00:00:00.0;-0.2398912348754337
2022-02-24T01:00:00.0;-0.22906871325869152
2022-02-24T02:00:00.0;-0.21975087005356186
2022-02-24T03:00:00.0;-0.21108220559262206
2022-02-24T04:00:00.0;-0.20437157629160974
2022-02-24T05:00:00.0;-0.2034405809610542
2022-02-24T06:00:00.0;-0.21002329762500452
2022-02-24T07:00:00.0;-0.21813854653957032
2022-02-24T08:00:00.0;-0.21740906134147311
2022-02-24T09:00:00.0;-0.20742383166608255
2022-02-24T10:00:00.0;-0.19531028967965636
2022-02-24T11:00:00.0;-0.18849126161703483
2022-02-24T12:00:00.0;-0.18500202474005112
2022-02-24T13:00:00.0;-0.18445221842010995
2022-02-24T14:00:00.0;-0.18920582401320624
2022-02-24T15:00:00.0;-0.20276846770547302
2022-02-24T16:00:00.0;-0.2231892813899653
2022-02-24T17:00:00.0;-0.25032111243517474
2022-02-24T18:00:00.0;-0.2656363697681986
2022-02-24T19:00:00.0;-0.2728603172436527
2022-02-24T20:00:00.0;-0.2736536014033174
2022-02-24T21:00:00.0;-0.2687732211381735
2022-02-24T22:00:00.0;-0.2595372893815495
2022-02-24T23:00:00.0;-0.24933703458654888
2022-02-25T00:00:00.0;-0.22916161371379531
2022-02-25T01:00:00.0;-0.21883051786686752
2022-02-25T02:00:00.0;-0.20986388145492413
2022-02-25T03:00:00.0;-0.20134972844909765
2022-02-25T04:00:00.0;-0.19482204559184288
2022-02-25T05:00:00.0;-0.19401935542196988
2022-02-25T06:00:00.0;-0.19835577638919538
2022-02-25T07:00:00.0;-0.2008097743267367
2022-02-25T08:00:00.0;-0.19342946120417256
2022-02-25T09:00:00.0;-0.1786245974177371
2022-02-25T10:00:00.0;-0.164923969901591
2022-02-25T11:00:00.0;-0.158287966277146
2022-02-25T12:00:00.0;-0.15533129609407773
2022-02-25T13:00:00.0;-0.15628461451754286
2022-02-25T14:00:00.0;-0.1645426627272512
2022-02-25T15:00:00.0;-0.1818676033443631
2022-02-25T16:00:00.0;-0.2068248235552201
2022-02-25T17:00:00.0;-0.23311616260673318
2022-02-25T18:00:00.0;-0.25000613900218777
2022-02-25T19:00:00.0;-0.25926304115808313
2022-02-25T20:00:00.0;-0.2616729301434003
2022-02-25T21:00:00.0;-0.25706073586820555
2022-02-25T22:00:00.0;-0.24823022577456685
2022-02-25T23:00:00.0;-0.2381752147234639
2022-02-26T00:00:00.0;-0.22521262873942463
2022-02-26T01:00:00.0;-0.2152386457935036
2022-02-26T02:00:00.0;-0.206369544919185
2022-02-26T03:00:00.0;-0.1966137390450218
2022-02-26T04:00:00.0;-0.19058207383023482
2022-02-26T05:00:00.0;-0.19168723058895168
2022-02-26T06:00:00.0;-0.1993331722724352
2022-02-26T07:00:00.0;-0.19457016099702956
2022-02-26T08:00:00.0;-0.1778944749639986
2022-02-26T09:00:00.0;-0.1589888936046835
2022-02-26T10:00:00.0;-0.14459942943349063
2022-02-26T11:00:00.0;-0.1397737581714424
2022-02-26T12:00:00.0;-0.14247164755603983
2022-02-26T13:00:00.0;-0.15089426307846643
2022-02-26T14:00:00.0;-0.16364998696327068
2022-02-26T15:00:00.0;-0.1805024567831839
2022-02-26T16:00:00.0;-0.20761397790187208
2022-02-26T17:00:00.0;-0.23040313992858885
2022-02-26T18:00:00.0;-0.249088914815321
2022-02-26T19:00:00.0;-0.26001782369808524
2022-02-26T20:00:00.0;-0.2626424444912451
2022-02-26T21:00:00.0;-0.25811588902615024
2022-02-26T22:00:00.0;-0.24887269972998474
2022-02-26T23:00:00.0;-0.23729864533963746
2022-02-27T00:00:00.0;-0.22374617152310253
2022-02-27T01:00:00.0;-0.21355142288677625
2022-02-27T02:00:00.0;-0.20472030889776288
2022-02-27T03:00:00.0;-0.19589606645610894
2022-02-27T04:00:00.0;-0.18935832764482316
2022-02-27T05:00:00.0;-0.18752785064089939
2022-02-27T06:00:00.0;-0.18974983475340265
2022-02-27T07:00:00.0;-0.18621523064136103
2022-02-27T08:00:00.0;-0.17594732313456904
2022-02-27T09:00:00.0;-0.15941601998895527
2022-02-27T10:00:00.0;-0.14386739384817504
2022-02-27T11:00:00.0;-0.13606037140931387
2022-02-27T12:00:00.0;-0.13525308348543746
2022-02-27T13:00:00.0;-0.14038414826773565
2022-02-27T14:00:00.0;-0.15201747006962651
2022-02-27T15:00:00.0;-0.16975051976133135
2022-02-27T16:00:00.0;-0.19644074972134185
2022-02-27T17:00:00.0;-0.22122787316404552
2022-02-27T18:00:00.0;-0.2382631940525992
2022-02-27T19:00:00.0;-0.2512084418380562
2022-02-27T20:00:00.0;-0.25847817580707527
2022-02-27T21:00:00.0;-0.2562226704249703
2022-02-27T22:00:00.0;-0.2482325026009577
2022-02-27T23:00:00.0;-0.23703355447524863
2022-02-28T00:00:00.0;-0.22264279666862125
2022-02-28T01:00:00.0;-0.21236744742790453
2022-02-28T02:00:00.0;-0.20380626212637495
2022-02-28T03:00:00.0;-0.19537367383165738
2022-02-28T04:00:00.0;-0.19039141880633417
2022-02-28T05:00:00.0;-0.1931126945969209
2022-02-28T06:00:00.0;-0.19787520048187654
2022-02-28T07:00:00.0;-0.1942510938482414
2022-02-28T08:00:00.0;-0.1810142190792922
2022-02-28T09:00:00.0;-0.16243285447216343
2022-02-28T10:00:00.0;-0.14600041575538797
2022-02-28T11:00:00.0;-0.1385798612678303
2022-02-28T12:00:00.0;-0.13802654130472727
2022-02-28T13:00:00.0;-0.1418101954564293
2022-02-28T14:00:00.0;-0.15259536235547133
2022-02-28T15:00:00.0;-0.16958377262912616
2022-02-28T16:00:00.0;-0.19562317390792064
2022-02-28T17:00:00.0;-0.22071782125118583
2022-02-28T18:00:00.0;-0.2398686161477094
2022-02-28T19:00:00.0;-0.2533622749378362
2022-02-28T20:00:00.0;-0.25896944514609455
2022-02-28T21:00:00.0;-0.25374202802801804
2022-02-28T22:00:00.0;-0.24580196750126218
2022-02-28T23:00:00.0;-0.23470721521313026
2022-03-01T00:00:00.0;-0.22826197150737743
2022-03-01T01:00:00.0;-0.2176411906890157
2022-03-01T02:00:00.0;-0.20881878135795814
2022-03-01T03:00:00.0;-0.19923999753418353
2022-03-01T04:00:00.0;-0.19244314572997676
2022-03-01T05:00:00.0;-0.19204191935072557
2022-03-01T06:00:00.0;-0.19660714887787822
2022-03-01T07:00:00.0;-0.19038161755942373
2022-03-01T08:00:00.0;-0.17391062674489755
2022-03-01T09:00:00.0;-0.15834634506901551
2022-03-01T10:00:00.0;-0.14797526844173237
2022-03-01T11:00:00.0;-0.14523309599555145
2022-03-01T12:00:00.0;-0.14893992094540184
2022-03-01T13:00:00.0;-0.15654751687479662
2022-03-01T14:00:00.0;-0.16747656178532336
2022-03-01T15:00:00.0;-0.1825195616960315
2022-03-01T16:00:00.0;-0.207888755371674
2022-03-01T17:00:00.0;-0.2285597091283436
2022-03-01T18:00:00.0;-0.24791869162326438
2022-03-01T19:00:00.0;-0.2595268358599685
2022-03-01T20:00:00.0;-0.2637398563547096
2022-03-01T21:00:00.0;-0.25990014208122714
2022-03-01T22:00:00.0;-0.2506920557853942
2022-03-01T23:00:00.0;-0.23869714887697432
2022-03-02T00:00:00.0;-0.22472575492058133
2022-03-02T01:00:00.0;-0.2148805752303981
2022-03-02T02:00:00.0;-0.20607165924559456
2022-03-02T03:00:00.0;-0.1962247249670477
2022-03-02T04:00:00.0;-0.1904044941187781
2022-03-02T05:00:00.0;-0.19243543217325138
2022-03-02T06:00:00.0;-0.20101386306219557
2022-03-02T07:00:00.0;-0.19560180581685802
2022-03-02T08:00:00.0;-0.17672892175637672
2022-03-02T09:00:00.0;-0.1566323365854847
2022-03-02T10:00:00.0;-0.14237449949322295
2022-03-02T11:00:00.0;-0.13823069416555264
2022-03-02T12:00:00.0;-0.14141644840084042
2022-03-02T13:00:00.0;-0.15014523911126185
2022-03-02T14:00:00.0;-0.16309601799143592
2022-03-02T15:00:00.0;-0.1801177714230453
2022-03-02T16:00:00.0;-0.20767120291036428
2022-03-02T17:00:00.0;-0.22998290227775686
2022-03-02T18:00:00.0;-0.24959960443831433
2022-03-02T19:00:00.0;-0.26059516592227827
2022-03-02T20:00:00.0;-0.2624893095694796
2022-03-02T21:00:00.0;-0.25730288221852865
2022-03-02T22:00:00.0;-0.2477955322783435
2022-03-02T23:00:00.0;-0.2361714141503684
2022-03-03T00:00:00.0;-0.22845651203163075
2022-03-03T01:00:00.0;-0.2186759234760506
2022-03-03T02:00:00.0;-0.20986067061932853
2022-03-03T03:00:00.0;-0.20122456639443503
2022-03-03T04:00:00.0;-0.19483198709791516
2022-03-03T05:00:00.0;-0.1924842637567697
2022-03-03T06:00:00.0;-0.19364790590005518
2022-03-03T07:00:00.0;-0.18843693971641914
2022-03-03T08:00:00.0;-0.17721023911932315
2022-03-03T09:00:00.0;-0.16308809125282106
2022-03-03T10:00:00.0;-0.1507926571278013
2022-03-03T11:00:00.0;-0.1443283300379021
2022-03-03T12:00:00.0;-0.14504544095398822
2022-03-03T13:00:00.0;-0.14974608281091684
2022-03-03T14:00:00.0;-0.16220823012603994
2022-03-03T15:00:00.0;-0.17639057917882997
2022-03-03T16:00:00.0;-0.19885491735967115
2022-03-03T17:00:00.0;-0.222671155426536
2022-03-03T18:00:00.0;-0.24088416725387446
2022-03-03T19:00:00.0;-0.25578505278856756
2022-03-03T20:00:00.0;-0.26383167673577296
2022-03-03T21:00:00.0;-0.26204718057157306
2022-03-03T22:00:00.0;-0.25445383616392125
2022-03-03T23:00:00.0;-0.24278808163133364
2022-03-04T00:00:00.0;-0.22815065220382894
2022-03-04T01:00:00.0;-0.21840365442318047
2022-03-04T02:00:00.0;-0.2096071855032872
2022-03-04T03:00:00.0;-0.2009025836074243
2022-03-04T04:00:00.0;-0.19460485417797657
2022-03-04T05:00:00.0;-0.1927223082683109
2022-03-04T06:00:00.0;-0.1944576708245903
2022-03-04T07:00:00.0;-0.1890579020750497
2022-03-04T08:00:00.0;-0.17688861141942927
2022-03-04T09:00:00.0;-0.16219603550609102
2022-03-04T10:00:00.0;-0.1498707550750912
2022-03-04T11:00:00.0;-0.1437044976823393
2022-03-04T12:00:00.0;-0.14466662742142045
2022-03-04T13:00:00.0;-0.14959704535549265
2022-03-04T14:00:00.0;-0.16214468088772716
2022-03-04T15:00:00.0;-0.17647817765730608
2022-03-04T16:00:00.0;-0.1992512153747891
2022-03-04T17:00:00.0;-0.22288376530250747
2022-03-04T18:00:00.0;-0.24141678028361632
2022-03-04T19:00:00.0;-0.25615987582142663
2022-03-04T20:00:00.0;-0.26371089191963215
2022-03-04T21:00:00.0;-0.2615747195656121
2022-03-04T22:00:00.0;-0.25383526121912436
2022-03-04T23:00:00.0;-0.24216695624449383
2022-03-05T00:00:00.0;-0.2277793407535503
2022-03-05T01:00:00.0;-0.2180299530242434
2022-03-05T02:00:00.0;-0.20921941060597496
2022-03-05T03:00:00.0;-0.20026171493867417
2022-03-05T04:00:00.0;-0.19392044729741592
2022-03-05T05:00:00.0;-0.1924181906868729
2022-03-05T06:00:00.0;-0.19518887913697294
2022-03-05T07:00:00.0;-0.18970339112918372
2022-03-05T08:00:00.0;-0.17646319493546042
2022-03-05T09:00:00.0;-0.16075479410659352
2022-03-05T10:00:00.0;-0.14800453544359327
2022-03-05T11:00:00.0;-0.1420755665801242
2022-03-05T12:00:00.0;-0.14333747641816175
2022-03-05T13:00:00.0;-0.1490980478762109
2022-03-05T14:00:00.0;-0.16160450156590508
2022-03-05T15:00:00.0;-0.17649484152611777
2022-03-05T16:00:00.0;-0.20028649931552472
2022-03-05T17:00:00.0;-0.22354109285889298
2022-03-05T18:00:00.0;-0.24231502174371503
2022-03-05T19:00:00.0;-0.2566968785588068
2022-03-05T20:00:00.0;-0.2637712874313866
2022-03-05T21:00:00.0;-0.26142219425116625
2022-03-05T22:00:00.0;-0.2533224242395242
2022-03-05T23:00:00.0;-0.24154547733619453
2022-03-06T00:00:00.0;-0.22591943033147546
2022-03-06T01:00:00.0;-0.21486684643972198
2022-03-06T02:00:00.0;-0.2063825763128939
2022-03-06T03:00:00.0;-0.19834757964204058
2022-03-06T04:00:00.0;-0.1922106380260549
2022-03-06T05:00:00.0;-0.1922155448854319
2022-03-06T06:00:00.0;-0.19178085540917916
2022-03-06T07:00:00.0;-0.18628497787575493
2022-03-06T08:00:00.0;-0.1742047840662604
2022-03-06T09:00:00.0;-0.15999241994839863
2022-03-06T10:00:00.0;-0.1483995178101608
2022-03-06T11:00:00.0;-0.14304050436891796
2022-03-06T12:00:00.0;-0.14295879911224058
2022-03-06T13:00:00.0;-0.14508679061017546
2022-03-06T14:00:00.0;-0.15344909061854078
2022-03-06T15:00:00.0;-0.16859967277880858
2022-03-06T16:00:00.0;-0.1926610098391345
2022-03-06T17:00:00.0;-0.2153587072296985
2022-03-06T18:00:00.0;-0.23523044356122355
2022-03-06T19:00:00.0;-0.25024872382208974
2022-03-06T20:00:00.0;-0.25907007764946777
2022-03-06T21:00:00.0;-0.25534798633656053
2022-03-06T22:00:00.0;-0.2476578445387516
2022-03-06T23:00:00.0;-0.23608086934828768
2022-03-07T00:00:00.0;-0.22817134950320903
2022-03-07T01:00:00.0;-0.21856981672035963
2022-03-07T02:00:00.0;-0.20986886110985262
2022-03-07T03:00:00.0;-0.20124309469361712
2022-03-07T04:00:00.0;-0.19550041931712606
2022-03-07T05:00:00.0;-0.19546725558786218
2022-03-07T06:00:00.0;-0.19869818142799356
2022-03-07T07:00:00.0;-0.19315387404895493
2022-03-07T08:00:00.0;-0.17841620503631175
2022-03-07T09:00:00.0;-0.16279406675980201
2022-03-07T10:00:00.0;-0.1512061902441463
2022-03-07T11:00:00.0;-0.1462381735387351
2022-03-07T12:00:00.0;-0.14777302142550763
2022-03-07T13:00:00.0;-0.1521422390878215
2022-03-07T14:00:00.0;-0.16473969065959387
2022-03-07T15:00:00.0;-0.17869661860377822
2022-03-07T16:00:00.0;-0.20102485054186398
2022-03-07T17:00:00.0;-0.22445823553994376
2022-03-07T18:00:00.0;-0.24420771778442443
2022-03-07T19:00:00.0;-0.25846313058123177
2022-03-07T20:00:00.0;-0.26391917136067644
2022-03-07T21:00:00.0;-0.26016195146953053
2022-03-07T22:00:00.0;-0.2521800939684853
2022-03-07T23:00:00.0;-0.24072595094437496
2022-03-08T00:00:00.0;-0.23043636970356973
2022-03-08T01:00:00.0;-0.22035973595234232
2022-03-08T02:00:00.0;-0.211692284415455
2022-03-08T03:00:00.0;-0.2036070632703136
2022-03-08T04:00:00.0;-0.1981094364432938
2022-03-08T05:00:00.0;-0.19897167657875586
2022-03-08T06:00:00.0;-0.2019214792076781
2022-03-08T07:00:00.0;-0.2003567378688717
2022-03-08T08:00:00.0;-0.19061085645177958
2022-03-08T09:00:00.0;-0.17539944127303994
2022-03-08T10:00:00.0;-0.16164165012586054
2022-03-08T11:00:00.0;-0.15433671191067258
2022-03-08T12:00:00.0;-0.15241190191927695
2022-03-08T13:00:00.0;-0.15339758982884308
2022-03-08T14:00:00.0;-0.1619231197046444
2022-03-08T15:00:00.0;-0.17620554437759148
2022-03-08T16:00:00.0;-0.1983809592742551
2022-03-08T17:00:00.0;-0.22346627435053973
2022-03-08T18:00:00.0;-0.24322811758000257
2022-03-08T19:00:00.0;-0.25838448317019064
2022-03-08T20:00:00.0;-0.26589025018859713
2022-03-08T21:00:00.0;-0.26184969862122276
2022-03-08T22:00:00.0;-0.2539342412385922
2022-03-08T23:00:00.0;-0.2425691416225973
2022-03-09T00:00:00.0;-0.22860509520255684
2022-03-09T01:00:00.0;-0.2189480440254346
2022-03-09T02:00:00.0;-0.21030656534571282
2022-03-09T03:00:00.0;-0.20241883179274037
2022-03-09T04:00:00.0;-0.19649052117799437
2022-03-09T05:00:00.0;-0.194434708499422
2022-03-09T06:00:00.0;-0.19339677316107554
2022-03-09T07:00:00.0;-0.1877660813969017
2022-03-09T08:00:00.0;-0.17727081644495415
2022-03-09T09:00:00.0;-0.16401211973813346
2022-03-09T10:00:00.0;-0.15229027489933547
2022-03-09T11:00:00.0;-0.1453256267845426
2022-03-09T12:00:00.0;-0.1449689011842965
2022-03-09T13:00:00.0;-0.14708111382111355
2022-03-09T14:00:00.0;-0.15912946986870347
2022-03-09T15:00:00.0;-0.17229973116126532
2022-03-09T16:00:00.0;-0.19283142262110495
2022-03-09T17:00:00.0;-0.21727924967732395
2022-03-09T18:00:00.0;-0.2363999737857944
2022-03-09T19:00:00.0;-0.253406177006663
2022-03-09T20:00:00.0;-0.26319840267590694
2022-03-09T21:00:00.0;-0.2613466739582757
2022-03-09T22:00:00.0;-0.2545086556076692
2022-03-09T23:00:00.0;-0.242968502812385
2022-03-10T00:00:00.0;-0.23189137817252659
2022-03-10T01:00:00.0;-0.2222096755553352
2022-03-10T02:00:00.0;-0.21335424124999236
2022-03-10T03:00:00.0;-0.20483796908398605
2022-03-10T04:00:00.0;-0.19808823627642544
2022-03-10T05:00:00.0;-0.19464926516473743
2022-03-10T06:00:00.0;-0.19473561392846642
2022-03-10T07:00:00.0;-0.19031442495936104
2022-03-10T08:00:00.0;-0.180718033063417
2022-03-10T09:00:00.0;-0.16771045027942355
2022-03-10T10:00:00.0;-0.156215141772755
2022-03-10T11:00:00.0;-0.1494906206398493
2022-03-10T12:00:00.0;-0.1492698737278055
2022-03-10T13:00:00.0;-0.15281007800320093
2022-03-10T14:00:00.0;-0.16395971474165374
2022-03-10T15:00:00.0;-0.1772587928503581
2022-03-10T16:00:00.0;-0.19849089289896887
2022-03-10T17:00:00.0;-0.22214849173732187
2022-03-10T18:00:00.0;-0.24084797668423985
2022-03-10T19:00:00.0;-0.25709891190730333
2022-03-10T20:00:00.0;-0.26693089191534825
2022-03-10T21:00:00.0;-0.26607224784491357
2022-03-10T22:00:00.0;-0.25842689080149567
2022-03-10T23:00:00.0;-0.2464743769875288
2022-03-11T00:00:00.0;-0.23214891270713509
2022-03-11T01:00:00.0;-0.22183726879028848
2022-03-11T02:00:00.0;-0.21300924281282002
2022-03-11T03:00:00.0;-0.20467449380722041
2022-03-11T04:00:00.0;-0.1988547262818759
2022-03-11T05:00:00.0;-0.19999066728982998
2022-03-11T06:00:00.0;-0.20507257339561738
2022-03-11T07:00:00.0;-0.20710831930664436
2022-03-11T08:00:00.0;-0.1990102726098567
2022-03-11T09:00:00.0;-0.18374480387119638
2022-03-11T10:00:00.0;-0.1697447341447833
2022-03-11T11:00:00.0;-0.16274651671980833
2022-03-11T12:00:00.0;-0.15974832882797832
2022-03-11T13:00:00.0;-0.15999013276270216
2022-03-11T14:00:00.0;-0.16668568906028225
2022-03-11T15:00:00.0;-0.18209412774515865
2022-03-11T16:00:00.0;-0.2053582634025889
2022-03-11T17:00:00.0;-0.23110214390078904
2022-03-11T18:00:00.0;-0.25005915072976453
2022-03-11T19:00:00.0;-0.26218549436052635
2022-03-11T20:00:00.0;-0.26674616957351077
2022-03-11T21:00:00.0;-0.26170531212382037
2022-03-11T22:00:00.0;-0.25293335076275986
2022-03-11T23:00:00.0;-0.2421103398590969
2022-03-12T00:00:00.0;-0.21935210289950588
2022-03-12T01:00:00.0;-0.20949098722484216
2022-03-12T02:00:00.0;-0.2008767471068242
2022-03-12T03:00:00.0;-0.1925333124292728
2022-03-12T04:00:00.0;-0.186273387198168
2022-03-12T05:00:00.0;-0.185849476194177
2022-03-12T06:00:00.0;-0.18814813384326773
2022-03-12T07:00:00.0;-0.18516222070021177
2022-03-12T08:00:00.0;-0.17136112946294346
2022-03-12T09:00:00.0;-0.1519112226880136
2022-03-12T10:00:00.0;-0.13666143202309441
2022-03-12T11:00:00.0;-0.13015153590830672
2022-03-12T12:00:00.0;-0.1276959011680961
2022-03-12T13:00:00.0;-0.1299846384025675
2022-03-12T14:00:00.0;-0.14136889481671647
2022-03-12T15:00:00.0;-0.16201840968494116
2022-03-12T16:00:00.0;-0.19106606257105102
2022-03-12T17:00:00.0;-0.21648549077106824
2022-03-12T18:00:00.0;-0.23514696177397085
2022-03-12T19:00:00.0;-0.2467174634179862
2022-03-12T20:00:00.0;-0.2509497776603859
2022-03-12T21:00:00.0;-0.24653588927066547
2022-03-12T22:00:00.0;-0.23809873712152316
2022-03-12T23:00:00.0;-0.22808015873363446
2022-03-13T00:00:00.0;-0.21860983137032175
2022-03-13T01:00:00.0;-0.20878424665674558
2022-03-13T02:00:00.0;-0.20019662381419612
2022-03-13T03:00:00.0;-0.19186606194173106
2022-03-13T04:00:00.0;-0.185626243317308
2022-03-13T05:00:00.0;-0.18523059272451975
2022-03-13T06:00:00.0;-0.18737503135884692
2022-03-13T07:00:00.0;-0.18397789333668918
2022-03-13T08:00:00.0;-0.16969147328755918
2022-03-13T09:00:00.0;-0.14989044914039115
2022-03-13T10:00:00.0;-0.13452358619741392
2022-03-13T11:00:00.0;-0.1280232957148434
2022-03-13T12:00:00.0;-0.12560555190658848
2022-03-13T13:00:00.0;-0.1279953979082129
2022-03-13T14:00:00.0;-0.13961632924563191
2022-03-13T15:00:00.0;-0.16051758646705827
2022-03-13T16:00:00.0;-0.1898748438990088
2022-03-13T17:00:00.0;-0.21522845468561266
2022-03-13T18:00:00.0;-0.23402346292760154
2022-03-13T19:00:00.0;-0.24576833309616217
2022-03-13T20:00:00.0;-0.25013801903405525
2022-03-13T21:00:00.0;-0.2457392081096289
2022-03-13T22:00:00.0;-0.23733178594873447
2022-03-13T23:00:00.0;-0.2273161122353804
2022-03-14T00:00:00.0;-0.2273465117593066
2022-03-14T01:00:00.0;-0.21730445952970445
2022-03-14T02:00:00.0;-0.20850748082331172
2022-03-14T03:00:00.0;-0.1988240650880977
2022-03-14T04:00:00.0;-0.19182176909371115
2022-03-14T05:00:00.0;-0.19061309965903475
2022-03-14T06:00:00.0;-0.19480394225722947
2022-03-14T07:00:00.0;-0.18773577697615756
2022-03-14T08:00:00.0;-0.17006553245335015
2022-03-14T09:00:00.0;-0.15236950257267673
2022-03-14T10:00:00.0;-0.14074293767014218
2022-03-14T11:00:00.0;-0.13715734805497276
2022-03-14T12:00:00.0;-0.13998272185242364
2022-03-14T13:00:00.0;-0.14796465683066373
2022-03-14T14:00:00.0;-0.1595408109684269
2022-03-14T15:00:00.0;-0.1757827944860946
2022-03-14T16:00:00.0;-0.20252236252253938
2022-03-14T17:00:00.0;-0.22311884576932425
2022-03-14T18:00:00.0;-0.24338936120096927
2022-03-14T19:00:00.0;-0.2569167009503786
2022-03-14T20:00:00.0;-0.2631022539243537
2022-03-14T21:00:00.0;-0.26036512196921047
2022-03-14T22:00:00.0;-0.2510048175433667
2022-03-14T23:00:00.0;-0.2387293956225435
2022-03-15T00:00:00.0;-0.22825942753420003
2022-03-15T01:00:00.0;-0.21825695601828066
2022-03-15T02:00:00.0;-0.2094899365065926
2022-03-15T03:00:00.0;-0.1998501441527882
2022-03-15T04:00:00.0;-0.19307688712740392
2022-03-15T05:00:00.0;-0.19242407114568977
2022-03-15T06:00:00.0;-0.196923128400861
2022-03-15T07:00:00.0;-0.18965204812784667
2022-03-15T08:00:00.0;-0.17159415166661482
2022-03-15T09:00:00.0;-0.15397105474391748
2022-03-15T10:00:00.0;-0.14256517281571687
2022-03-15T11:00:00.0;-0.1391044450733057
2022-03-15T12:00:00.0;-0.1421852196058488
2022-03-15T13:00:00.0;-0.1500461432625744
2022-03-15T14:00:00.0;-0.1614903421379984
2022-03-15T15:00:00.0;-0.17699094214370933
2022-03-15T16:00:00.0;-0.2029734312683357
2022-03-15T17:00:00.0;-0.22341896407331907
2022-03-15T18:00:00.0;-0.24417995230033765
2022-03-15T19:00:00.0;-0.2582521966210645
2022-03-15T20:00:00.0;-0.26458805028142207
2022-03-15T21:00:00.0;-0.26161751181578213
2022-03-15T22:00:00.0;-0.252299030039844
2022-03-15T23:00:00.0;-0.23986947852691345
2022-03-16T00:00:00.0;-0.2369382275886944
2022-03-16T01:00:00.0;-0.2271827677569671
2022-03-16T02:00:00.0;-0.21815273373260324
2022-03-16T03:00:00.0;-0.2090726217821953
2022-03-16T04:00:00.0;-0.20180393297161564
2022-03-16T05:00:00.0;-0.19848578056008706
2022-03-16T06:00:00.0;-0.20118603677492083
2022-03-16T07:00:00.0;-0.19958562671486893
2022-03-16T08:00:00.0;-0.1906720161716973
2022-03-16T09:00:00.0;-0.17711033759693598
2022-03-16T10:00:00.0;-0.16558234949374206
2022-03-16T11:00:00.0;-0.15925394998013628
2022-03-16T12:00:00.0;-0.15833672848887825
2022-03-16T13:00:00.0;-0.16204802111288572
2022-03-16T14:00:00.0;-0.1704673893511423
2022-03-16T15:00:00.0;-0.18385648576007887
2022-03-16T16:00:00.0;-0.2057675454189051
2022-03-16T17:00:00.0;-0.22875759701126516
2022-03-16T18:00:00.0;-0.2481048899019983
2022-03-16T19:00:00.0;-0.26352772154959214
2022-03-16T20:00:00.0;-0.27267071939026916
2022-03-16T21:00:00.0;-0.27169101219453956
2022-03-16T22:00:00.0;-0.26277936199142354
2022-03-16T23:00:00.0;-0.25044294304810794
2022-03-17T00:00:00.0;-0.2155796473141121
2022-03-17T01:00:00.0;-0.20610071543977082
2022-03-17T02:00:00.0;-0.19755601650973473
2022-03-17T03:00:00.0;-0.1892983208023145
2022-03-17T04:00:00.0;-0.18265594090341483
2022-03-17T05:00:00.0;-0.18039182282772978
2022-03-17T06:00:00.0;-0.18012061278536204
2022-03-17T07:00:00.0;-0.1740116757626151
2022-03-17T08:00:00.0;-0.1580669820237604
2022-03-17T09:00:00.0;-0.13831315871739686
2022-03-17T10:00:00.0;-0.12396891017362799
2022-03-17T11:00:00.0;-0.11796928433401234
2022-03-17T12:00:00.0;-0.11627209714868748
2022-03-17T13:00:00.0;-0.11940423830177688
2022-03-17T14:00:00.0;-0.13348060662155897
2022-03-17T15:00:00.0;-0.15501748091039752
2022-03-17T16:00:00.0;-0.1848122125551718
2022-03-17T17:00:00.0;-0.20972232455650125
2022-03-17T18:00:00.0;-0.22829954288190452
2022-03-17T19:00:00.0;-0.24065102490819296
2022-03-17T20:00:00.0;-0.24578484257828387
2022-03-17T21:00:00.0;-0.24253239822105072
2022-03-17T22:00:00.0;-0.23456307657022862
2022-03-17T23:00:00.0;-0.22467823845487803
2022-03-18T00:00:00.0;-0.22974418871178268
2022-03-18T01:00:00.0;-0.2201210751787523
2022-03-18T02:00:00.0;-0.2112159394115416
2022-03-18T03:00:00.0;-0.20186815912525302
2022-03-18T04:00:00.0;-0.19448401846055619
2022-03-18T05:00:00.0;-0.1903882270805014
2022-03-18T06:00:00.0;-0.19160916820591384
2022-03-18T07:00:00.0;-0.18543317566982542
2022-03-18T08:00:00.0;-0.17322427536035015
2022-03-18T09:00:00.0;-0.15712419662473753
2022-03-18T10:00:00.0;-0.1437460714345506
2022-03-18T11:00:00.0;-0.1368113460735284
2022-03-18T12:00:00.0;-0.13727682346717202
2022-03-18T13:00:00.0;-0.14424211305832998
2022-03-18T14:00:00.0;-0.15583261391876216
2022-03-18T15:00:00.0;-0.17132596008742235
2022-03-18T16:00:00.0;-0.19642311916666003
2022-03-18T17:00:00.0;-0.21852757476966775
2022-03-18T18:00:00.0;-0.23769638253572276
2022-03-18T19:00:00.0;-0.25460606393935886
2022-03-18T20:00:00.0;-0.26603460481125013
2022-03-18T21:00:00.0;-0.2663845748596025
2022-03-18T22:00:00.0;-0.2579326425713557
2022-03-18T23:00:00.0;-0.24521026513949562
2022-03-19T00:00:00.0;-0.22128689394278617
2022-03-19T01:00:00.0;-0.21139954654567578
2022-03-19T02:00:00.0;-0.20298983000916038
2022-03-19T03:00:00.0;-0.19489688639992525
2022-03-19T04:00:00.0;-0.18962859685756767
2022-03-19T05:00:00.0;-0.19165362768471086
2022-03-19T06:00:00.0;-0.19451315661505514
2022-03-19T07:00:00.0;-0.1901991967113922
2022-03-19T08:00:00.0;-0.17532880228381023
2022-03-19T09:00:00.0;-0.15509421794234207
2022-03-19T10:00:00.0;-0.13892567616851298
2022-03-19T11:00:00.0;-0.1316332623728611
2022-03-19T12:00:00.0;-0.12940945227304967
2022-03-19T13:00:00.0;-0.13134227735535656
2022-03-19T14:00:00.0;-0.14151342814062465
2022-03-19T15:00:00.0;-0.16005254342368191
2022-03-19T16:00:00.0;-0.18738117479804342
2022-03-19T17:00:00.0;-0.21222426103941328
2022-03-19T18:00:00.0;-0.2331179953143102
2022-03-19T19:00:00.0;-0.24840536038883534
2022-03-19T20:00:00.0;-0.25566361349206795
2022-03-19T21:00:00.0;-0.25084646459051524
2022-03-19T22:00:00.0;-0.2427504359206087
2022-03-19T23:00:00.0;-0.23177775050797395
2022-03-20T00:00:00.0;-0.21477759869926222
2022-03-20T01:00:00.0;-0.205138924732478
2022-03-20T02:00:00.0;-0.19669397164585692
2022-03-20T03:00:00.0;-0.1884348087792861
2022-03-20T04:00:00.0;-0.18231564710859857
2022-03-20T05:00:00.0;-0.18210973955685103
2022-03-20T06:00:00.0;-0.1834606356462062
2022-03-20T07:00:00.0;-0.177896122586313
2022-03-20T08:00:00.0;-0.16104697308351748
2022-03-20T09:00:00.0;-0.13939316209177322
2022-03-20T10:00:00.0;-0.12340541290947656
2022-03-20T11:00:00.0;-0.11694780360730715
2022-03-20T12:00:00.0;-0.11472805526076554
2022-03-20T13:00:00.0;-0.11763340384882578
2022-03-20T14:00:00.0;-0.13046322167910995
2022-03-20T15:00:00.0;-0.1526448897444019
2022-03-20T16:00:00.0;-0.18359103788972844
2022-03-20T17:00:00.0;-0.2085874917877198
2022-03-20T18:00:00.0;-0.22812756372848036
2022-03-20T19:00:00.0;-0.24084895288859984
2022-03-20T20:00:00.0;-0.24598561789626597
2022-03-20T21:00:00.0;-0.24165678939125873
2022-03-20T22:00:00.0;-0.2334066648901657
2022-03-20T23:00:00.0;-0.22338983264046214
2022-03-21T00:00:00.0;-0.22637399451755733
2022-03-21T01:00:00.0;-0.21692505637893228
2022-03-21T02:00:00.0;-0.2081733761381051
2022-03-21T03:00:00.0;-0.19823080933805207
2022-03-21T04:00:00.0;-0.19189501506408202
2022-03-21T05:00:00.0;-0.19254411399800248
2022-03-21T06:00:00.0;-0.19954834001746632
2022-03-21T07:00:00.0;-0.1922712300826156
2022-03-21T08:00:00.0;-0.17191011622873675
2022-03-21T09:00:00.0;-0.150888741732218
2022-03-21T10:00:00.0;-0.13708586308826506
2022-03-21T11:00:00.0;-0.1329034322892873
2022-03-21T12:00:00.0;-0.13573867815206944
2022-03-21T13:00:00.0;-0.14472195287855458
2022-03-21T14:00:00.0;-0.15724483466910386
2022-03-21T15:00:00.0;-0.17415905401701348
2022-03-21T16:00:00.0;-0.20199021214938
2022-03-21T17:00:00.0;-0.22288967164464696
2022-03-21T18:00:00.0;-0.24436643375038733
2022-03-21T19:00:00.0;-0.25869464973724104
2022-03-21T20:00:00.0;-0.2643051027364917
2022-03-21T21:00:00.0;-0.2608376667240875
2022-03-21T22:00:00.0;-0.25111790746752094
2022-03-21T23:00:00.0;-0.2386577236248
2022-03-22T00:00:00.0;-0.2260057600008586
2022-03-22T01:00:00.0;-0.21659662057143753
2022-03-22T02:00:00.0;-0.20787239204734065
2022-03-22T03:00:00.0;-0.19788888043169725
2022-03-22T04:00:00.0;-0.19169913832763727
2022-03-22T05:00:00.0;-0.19292712117776709
2022-03-22T06:00:00.0;-0.20052704966072013
2022-03-22T07:00:00.0;-0.19304027958425643
2022-03-22T08:00:00.0;-0.1716353454517442
2022-03-22T09:00:00.0;-0.15005633714048996
2022-03-22T10:00:00.0;-0.13629066621576383
2022-03-22T11:00:00.0;-0.1324668159939001
2022-03-22T12:00:00.0;-0.13558097301746244
2022-03-22T13:00:00.0;-0.14470644119541282
2022-03-22T14:00:00.0;-0.1573607567306003
2022-03-22T15:00:00.0;-0.17437077978763588
2022-03-22T16:00:00.0;-0.20241337060880574
2022-03-22T17:00:00.0;-0.22316138176636727
2022-03-22T18:00:00.0;-0.24499528035204093
2022-03-22T19:00:00.0;-0.2591275699762682
2022-03-22T20:00:00.0;-0.26409946692585917
2022-03-22T21:00:00.0;-0.2601686002962076
2022-03-22T22:00:00.0;-0.2503256646997768
2022-03-22T23:00:00.0;-0.2378972295941367
2022-03-23T00:00:00.0;-0.22504976603682464
2022-03-23T01:00:00.0;-0.2157096337200615
2022-03-23T02:00:00.0;-0.20704591336480832
2022-03-23T03:00:00.0;-0.1969727657714442
2022-03-23T04:00:00.0;-0.19115394251811452
2022-03-23T05:00:00.0;-0.19381254944327098
2022-03-23T06:00:00.0;-0.20289376080091595
2022-03-23T07:00:00.0;-0.19503017582228172
2022-03-23T08:00:00.0;-0.17128337725445555
2022-03-23T09:00:00.0;-0.1484610402188328
2022-03-23T10:00:00.0;-0.13475483464133817
2022-03-23T11:00:00.0;-0.13176833052486223
2022-03-23T12:00:00.0;-0.135552938301028
2022-03-23T13:00:00.0;-0.14499433291314257
2022-03-23T14:00:00.0;-0.15798028726353053
2022-03-23T15:00:00.0;-0.17521983620520326
2022-03-23T16:00:00.0;-0.2037382045269475
2022-03-23T17:00:00.0;-0.22421790722562526
2022-03-23T18:00:00.0;-0.24677235202209186
2022-03-23T19:00:00.0;-0.2602492719841816
2022-03-23T20:00:00.0;-0.2635121114462364
2022-03-23T21:00:00.0;-0.258399337487436
2022-03-23T22:00:00.0;-0.24828224747903568
2022-03-23T23:00:00.0;-0.2359776974593076
2022-03-24T00:00:00.0;-0.22523833437660917
2022-03-24T01:00:00.0;-0.21591146751134946
2022-03-24T02:00:00.0;-0.20724423992687108
2022-03-24T03:00:00.0;-0.19717572218952928
2022-03-24T04:00:00.0;-0.19129020135057906
2022-03-24T05:00:00.0;-0.19372320548604668
2022-03-24T06:00:00.0;-0.20256334294937356
2022-03-24T07:00:00.0;-0.19464290027106693
2022-03-24T08:00:00.0;-0.17106976689465217
2022-03-24T09:00:00.0;-0.14833260605531767
2022-03-24T10:00:00.0;-0.13464375288090558
2022-03-24T11:00:00.0;-0.13156537992569295
2022-03-24T12:00:00.0;-0.13525975827776018
2022-03-24T13:00:00.0;-0.14468052696758082
2022-03-24T14:00:00.0;-0.15760857202226164
2022-03-24T15:00:00.0;-0.17481788135559567
2022-03-24T16:00:00.0;-0.2032996829479368
2022-03-24T17:00:00.0;-0.22373450592110433
2022-03-24T18:00:00.0;-0.24630866286367878
2022-03-24T19:00:00.0;-0.26002976151384444
2022-03-24T20:00:00.0;-0.2636698626005873
2022-03-24T21:00:00.0;-0.2587735901384886
2022-03-24T22:00:00.0;-0.2486748384646921
2022-03-24T23:00:00.0;-0.23631338012058736
2022-03-25T00:00:00.0;-0.22793071424937775
2022-03-25T01:00:00.0;-0.21848507694464703
2022-03-25T02:00:00.0;-0.20967145986098673
2022-03-25T03:00:00.0;-0.19982132275307946
2022-03-25T04:00:00.0;-0.1929114050300536
2022-03-25T05:00:00.0;-0.19147572543129945
2022-03-25T06:00:00.0;-0.19628196845096638
2022-03-25T07:00:00.0;-0.1890548075432389
2022-03-25T08:00:00.0;-0.1712719105299094
2022-03-25T09:00:00.0;-0.1515942696438971
2022-03-25T10:00:00.0;-0.13782443907980005
2022-03-25T11:00:00.0;-0.13259403215082624
2022-03-25T12:00:00.0;-0.13451739111360514
2022-03-25T13:00:00.0;-0.14315710798661035
2022-03-25T14:00:00.0;-0.15517409405372098
2022-03-25T15:00:00.0;-0.17177377424884233
2022-03-25T16:00:00.0;-0.19906654499720391
2022-03-25T17:00:00.0;-0.21998630354791443
2022-03-25T18:00:00.0;-0.24098469838983297
2022-03-25T19:00:00.0;-0.25687442827987866
2022-03-25T20:00:00.0;-0.2654380621419173
2022-03-25T21:00:00.0;-0.263821071660259
2022-03-25T22:00:00.0;-0.25439724996727514
2022-03-25T23:00:00.0;-0.2415977603822867
2022-03-26T00:00:00.0;-0.23130135238667612
2022-03-26T01:00:00.0;-0.2214662930542642
2022-03-26T02:00:00.0;-0.2125674162176929
2022-03-26T03:00:00.0;-0.20302073228330525
2022-03-26T04:00:00.0;-0.195045232666209
2022-03-26T05:00:00.0;-0.19005298349286234
2022-03-26T06:00:00.0;-0.19032773451882146
2022-03-26T07:00:00.0;-0.1830420097423721
2022-03-26T08:00:00.0;-0.1699110044622003
2022-03-26T09:00:00.0;-0.1542484222951836
2022-03-26T10:00:00.0;-0.14230023042840223
2022-03-26T11:00:00.0;-0.13636481504063247
2022-03-26T12:00:00.0;-0.13737882216469685
2022-03-26T13:00:00.0;-0.14487301766239163
2022-03-26T14:00:00.0;-0.15542982340717393
2022-03-26T15:00:00.0;-0.17064378352007162
2022-03-26T16:00:00.0;-0.19603121200668855
2022-03-26T17:00:00.0;-0.2165007509381338
2022-03-26T18:00:00.0;-0.2365200759858675
2022-03-26T19:00:00.0;-0.25427581576033526
2022-03-26T20:00:00.0;-0.26714875763501894
2022-03-26T21:00:00.0;-0.26823753179510884
2022-03-26T22:00:00.0;-0.2594187889162684
2022-03-26T23:00:00.0;-0.24616490747588485
2022-03-27T00:00:00.0;-0.22858259207688372
2022-03-27T01:00:00.0;-0.2191472899557962
2022-03-27T02:00:00.0;-0.21031008714266985
2022-03-27T03:00:00.0;-0.20049056974690868
2022-03-27T04:00:00.0;-0.1933394871704708
2022-03-27T05:00:00.0;-0.19104782204289822
2022-03-27T06:00:00.0;-0.1949589713559812
2022-03-27T07:00:00.0;-0.18770771200985573
2022-03-27T08:00:00.0;-0.17090079359409932
2022-03-27T09:00:00.0;-0.15172115690720253
2022-03-27T10:00:00.0;-0.1379681552857056
2022-03-27T11:00:00.0;-0.13232318910632468
2022-03-27T12:00:00.0;-0.13388005748016382
2022-03-27T13:00:00.0;-0.14240190085693835
2022-03-27T14:00:00.0;-0.1542069404449681
2022-03-27T15:00:00.0;-0.1706876984493355
2022-03-27T16:00:00.0;-0.19778850822980157
2022-03-27T17:00:00.0;-0.218678077747495
2022-03-27T18:00:00.0;-0.23953226608873351
2022-03-27T19:00:00.0;-0.25611444954309326
2022-03-27T20:00:00.0;-0.2659318173673133
2022-03-27T21:00:00.0;-0.2650878313688529
2022-03-27T22:00:00.0;-0.25577132316681106
2022-03-27T23:00:00.0;-0.24281584427833536
2022-03-28T00:00:00.0;-0.22624686824670154
2022-03-28T01:00:00.0;-0.2169456029278645
2022-03-28T02:00:00.0;-0.2082453977429395
2022-03-28T03:00:00.0;-0.1982236614312911
2022-03-28T04:00:00.0;-0.19197050822783915
2022-03-28T05:00:00.0;-0.1931014328356729
2022-03-28T06:00:00.0;-0.2005659892835071
2022-03-28T07:00:00.0;-0.19256278463311738
2022-03-28T08:00:00.0;-0.17040483829839384
2022-03-28T09:00:00.0;-0.14839330009852747
2022-03-28T10:00:00.0;-0.1347481869713493
2022-03-28T11:00:00.0;-0.13105479904000986
2022-03-28T12:00:00.0;-0.1341957071667669
2022-03-28T13:00:00.0;-0.14343582095892662
2022-03-28T14:00:00.0;-0.1560414813966067
2022-03-28T15:00:00.0;-0.17306369252475431
2022-03-28T16:00:00.0;-0.20125327901250425
2022-03-28T17:00:00.0;-0.22161308255896828
2022-03-28T18:00:00.0;-0.24401961201677305
2022-03-28T19:00:00.0;-0.2588527958908585
2022-03-28T20:00:00.0;-0.26444288714727837
2022-03-28T21:00:00.0;-0.2607326002142695
2022-03-28T22:00:00.0;-0.2507922265169455
2022-03-28T23:00:00.0;-0.2381811884794291
2022-03-29T00:00:00.0;-0.2316877068283189
2022-03-29T01:00:00.0;-0.22192844019736213
2022-03-29T02:00:00.0;-0.2130830879846544
2022-03-29T03:00:00.0;-0.20362108337892973
2022-03-29T04:00:00.0;-0.19589562369864344
2022-03-29T05:00:00.0;-0.19171210765493485
2022-03-29T06:00:00.0;-0.1924735352227282
2022-03-29T07:00:00.0;-0.18508335642460105
2022-03-29T08:00:00.0;-0.17077306429743033
2022-03-29T09:00:00.0;-0.15487731744411876
2022-03-29T10:00:00.0;-0.14355115136269825
2022-03-29T11:00:00.0;-0.13827284606078882
2022-03-29T12:00:00.0;-0.1395213574464386
2022-03-29T13:00:00.0;-0.1465212195428825
2022-03-29T14:00:00.0;-0.15697118779030375
2022-03-29T15:00:00.0;-0.17180551779162528
2022-03-29T16:00:00.0;-0.1967076300105604
2022-03-29T17:00:00.0;-0.21701662385204615
2022-03-29T18:00:00.0;-0.2377518553769527
2022-03-29T19:00:00.0;-0.2554681490516159
2022-03-29T20:00:00.0;-0.2675104877988652
2022-03-29T21:00:00.0;-0.26786735847631243
2022-03-29T22:00:00.0;-0.2589570066808713
2022-03-29T23:00:00.0;-0.24578408662555007
2022-03-30T00:00:00.0;-0.23077300261812897
2022-03-30T01:00:00.0;-0.22138729153000164
2022-03-30T02:00:00.0;-0.21255730602178985
2022-03-30T03:00:00.0;-0.20277633098728615
2022-03-30T04:00:00.0;-0.19589728879345333
2022-03-30T05:00:00.0;-0.19481181189042063
2022-03-30T06:00:00.0;-0.20016353983508442
2022-03-30T07:00:00.0;-0.1941336360632136
2022-03-30T08:00:00.0;-0.17666710779733988
2022-03-30T09:00:00.0;-0.15745021852786897
2022-03-30T10:00:00.0;-0.14452249297829498
2022-03-30T11:00:00.0;-0.13972902947655075
2022-03-30T12:00:00.0;-0.14121945290277316
2022-03-30T13:00:00.0;-0.14873041541173598
2022-03-30T14:00:00.0;-0.15955008744472288
2022-03-30T15:00:00.0;-0.17536347123778326
2022-03-30T16:00:00.0;-0.20159137342941766
2022-03-30T17:00:00.0;-0.22247014226444822
2022-03-30T18:00:00.0;-0.24414563100516815
2022-03-30T19:00:00.0;-0.26007713559427037
2022-03-30T20:00:00.0;-0.26818491454775406
2022-03-30T21:00:00.0;-0.2661457811291861
2022-03-30T22:00:00.0;-0.25644595746567606
2022-03-30T23:00:00.0;-0.2436414947153801
2022-03-31T00:00:00.0;-0.2413237827793542
2022-03-31T01:00:00.0;-0.23068111680417144
2022-03-31T02:00:00.0;-0.22149478733613454
2022-03-31T03:00:00.0;-0.21301611459381894
2022-03-31T04:00:00.0;-0.20671137087559155
2022-03-31T05:00:00.0;-0.20650661709165533
2022-03-31T06:00:00.0;-0.21256777630450463
2022-03-31T07:00:00.0;-0.2191074664822259
2022-03-31T08:00:00.0;-0.21712306651505026
2022-03-31T09:00:00.0;-0.20693064859255042
2022-03-31T10:00:00.0;-0.19514313603346592
2022-03-31T11:00:00.0;-0.188259862025315
2022-03-31T12:00:00.0;-0.1850900180552255
2022-03-31T13:00:00.0;-0.1842474692644967
2022-03-31T14:00:00.0;-0.18878041615441538
2022-03-31T15:00:00.0;-0.20085510541796395
2022-03-31T16:00:00.0;-0.21985336290235452
2022-03-31T17:00:00.0;-0.24630358195901592
2022-03-31T18:00:00.0;-0.2632650004666475
2022-03-31T19:00:00.0;-0.273252645122514
2022-03-31T20:00:00.0;-0.27627516038244393
2022-03-31T21:00:00.0;-0.2716051207343045
2022-03-31T22:00:00.0;-0.2626340678501365
2022-03-31T23:00:00.0;-0.25182196042911736
2022-04-01T00:00:00.0;-0.23714605860628815
2022-04-01T01:00:00.0;-0.22663717386468946
2022-04-01T02:00:00.0;-0.21769342949386827
2022-04-01T03:00:00.0;-0.20933174201814447
2022-04-01T04:00:00.0;-0.20358037657025246
2022-04-01T05:00:00.0;-0.2050562098107731
2022-04-01T06:00:00.0;-0.211208598102776
2022-04-01T07:00:00.0;-0.2154772659978754
2022-04-01T08:00:00.0;-0.20995663007062199
2022-04-01T09:00:00.0;-0.19657097187293407
2022-04-01T10:00:00.0;-0.18316000501191268
2022-04-01T11:00:00.0;-0.17601354238490602
2022-04-01T12:00:00.0;-0.1727889300672677
2022-04-01T13:00:00.0;-0.17227136505299337
2022-04-01T14:00:00.0;-0.17721600470912657
2022-04-01T15:00:00.0;-0.1906963085498383
2022-04-01T16:00:00.0;-0.2117606310022487
2022-04-01T17:00:00.0;-0.2377377729113652
2022-04-01T18:00:00.0;-0.2564685343156701
2022-04-01T19:00:00.0;-0.26834346541855936
2022-04-01T20:00:00.0;-0.27267770198264224
2022-04-01T21:00:00.0;-0.2674402855016707
2022-04-01T22:00:00.0;-0.25851420536485636
2022-04-01T23:00:00.0;-0.2474762766555952
2022-04-02T00:00:00.0;-0.22380764585641705
2022-04-02T01:00:00.0;-0.2140147740465755
2022-04-02T02:00:00.0;-0.20575152698622284
2022-04-02T03:00:00.0;-0.19781711142454328
2022-04-02T04:00:00.0;-0.19303131544868213
2022-04-02T05:00:00.0;-0.1965792814729955
2022-04-02T06:00:00.0;-0.19983943081378394
2022-04-02T07:00:00.0;-0.19486399513817776
2022-04-02T08:00:00.0;-0.17850722072295636
2022-04-02T09:00:00.0;-0.15752073507217548
2022-04-02T10:00:00.0;-0.14155872809192727
2022-04-02T11:00:00.0;-0.13439921537196584
2022-04-02T12:00:00.0;-0.13206610880311467
2022-04-02T13:00:00.0;-0.13316633150792
2022-04-02T14:00:00.0;-0.14185751867505025
2022-04-02T15:00:00.0;-0.1590237319862045
2022-04-02T16:00:00.0;-0.18520353492026762
2022-04-02T17:00:00.0;-0.20922891744033123
2022-04-02T18:00:00.0;-0.23242553678732575
2022-04-02T19:00:00.0;-0.25035930381806404
2022-04-02T20:00:00.0;-0.25948344826806635
2022-04-02T21:00:00.0;-0.2542867336183567
2022-04-02T22:00:00.0;-0.24608057869089828
2022-04-02T23:00:00.0;-0.23445315495184346
2022-04-03T00:00:00.0;-0.23305670266350076
2022-04-03T01:00:00.0;-0.22331794124936233
2022-04-03T02:00:00.0;-0.21443581237443887
2022-04-03T03:00:00.0;-0.2049062112913616
2022-04-03T04:00:00.0;-0.1968744034779713
2022-04-03T05:00:00.0;-0.19194760230710642
2022-04-03T06:00:00.0;-0.19226233995002284
2022-04-03T07:00:00.0;-0.18507245380901338
2022-04-03T08:00:00.0;-0.17143268102160406
2022-04-03T09:00:00.0;-0.15577744776932675
2022-04-03T10:00:00.0;-0.14454966434061825
2022-04-03T11:00:00.0;-0.13905581217057247
2022-04-03T12:00:00.0;-0.13992859879560746
2022-04-03T13:00:00.0;-0.14689181440177326
2022-04-03T14:00:00.0;-0.15673587606915898
2022-04-03T15:00:00.0;-0.17147028676461806
2022-04-03T16:00:00.0;-0.19634468221286452
2022-04-03T17:00:00.0;-0.2163788861071582
2022-04-03T18:00:00.0;-0.23727065215149615
2022-04-03T19:00:00.0;-0.25566144002234603
2022-04-03T20:00:00.0;-0.2688542326192887
2022-04-03T21:00:00.0;-0.2699125459166273
2022-04-03T22:00:00.0;-0.2608776494452334
2022-04-03T23:00:00.0;-0.2474571236826635
2022-04-04T00:00:00.0;-0.24002265051756147
2022-04-04T01:00:00.0;-0.2293280548192675
2022-04-04T02:00:00.0;-0.220208526950765
2022-04-04T03:00:00.0;-0.21172861330062173
2022-04-04T04:00:00.0;-0.20566617100574686
2022-04-04T05:00:00.0;-0.20642586647991
2022-04-04T06:00:00.0;-0.21313901912427283
2022-04-04T07:00:00.0;-0.2196141317220326
2022-04-04T08:00:00.0;-0.21676378887333378
2022-04-04T09:00:00.0;-0.20529265378414532
2022-04-04T10:00:00.0;-0.19256315499619883
2022-04-04T11:00:00.0;-0.18547510007909648
2022-04-04T12:00:00.0;-0.18207084452482494
2022-04-04T13:00:00.0;-0.18125147372719747
2022-04-04T14:00:00.0;-0.1854591988665716
2022-04-04T15:00:00.0;-0.19823090752977818
2022-04-04T16:00:00.0;-0.21822753185542432
2022-04-04T17:00:00.0;-0.24469984609864193
2022-04-04T18:00:00.0;-0.2621432998459144
2022-04-04T19:00:00.0;-0.27228694747461124
2022-04-04T20:00:00.0;-0.2752896994684678
2022-04-04T21:00:00.0;-0.2701026167222624
2022-04-04T22:00:00.0;-0.2610086512674193
2022-04-04T23:00:00.0;-0.2501830082315749
2022-04-05T00:00:00.0;-0.23828982972849203
2022-04-05T01:00:00.0;-0.22821559569100672
2022-04-05T02:00:00.0;-0.21915591406051158
2022-04-05T03:00:00.0;-0.2102616862610115
2022-04-05T04:00:00.0;-0.20341169416370744
2022-04-05T05:00:00.0;-0.2016283772329267
2022-04-05T06:00:00.0;-0.20591801871997428
2022-04-05T07:00:00.0;-0.20725125477094675
2022-04-05T08:00:00.0;-0.20031769035331531
2022-04-05T09:00:00.0;-0.18731027265538722
2022-04-05T10:00:00.0;-0.17533554923348574
2022-04-05T11:00:00.0;-0.16878248431913775
2022-04-05T12:00:00.0;-0.16692523061047548
2022-04-05T13:00:00.0;-0.16901126267137298
2022-04-05T14:00:00.0;-0.1757417098395778
2022-04-05T15:00:00.0;-0.1889415533084662
2022-04-05T16:00:00.0;-0.2102641468071239
2022-04-05T17:00:00.0;-0.23439400181812162
2022-04-05T18:00:00.0;-0.2532628112207256
2022-04-05T19:00:00.0;-0.26691188246432473
2022-04-05T20:00:00.0;-0.2739262916153768
2022-04-05T21:00:00.0;-0.2714215745059571
2022-04-05T22:00:00.0;-0.2623540059980453
2022-04-05T23:00:00.0;-0.25050567224482206
2022-04-06T00:00:00.0;-0.24060248735249265
2022-04-06T01:00:00.0;-0.22987045775440906
2022-04-06T02:00:00.0;-0.22071549707163451
2022-04-06T03:00:00.0;-0.21221175248095608
2022-04-06T04:00:00.0;-0.20608660618776015
2022-04-06T05:00:00.0;-0.20670194922382037
2022-04-06T06:00:00.0;-0.21352813556821562
2022-04-06T07:00:00.0;-0.22044800291475553
2022-04-06T08:00:00.0;-0.21813591308725858
2022-04-06T09:00:00.0;-0.2070506898875128
2022-04-06T10:00:00.0;-0.19445855514103835
2022-04-06T11:00:00.0;-0.1873822735107598
2022-04-06T12:00:00.0;-0.18394180713167926
2022-04-06T13:00:00.0;-0.18306160111112788
2022-04-06T14:00:00.0;-0.18712078582690636
2022-04-06T15:00:00.0;-0.19974966241742234
2022-04-06T16:00:00.0;-0.21953107001383462
2022-04-06T17:00:00.0;-0.24610319652372287
2022-04-06T18:00:00.0;-0.26328716668053154
2022-04-06T19:00:00.0;-0.27308183817322856
2022-04-06T20:00:00.0;-0.2758162018023908
2022-04-06T21:00:00.0;-0.27063926486565615
2022-04-06T22:00:00.0;-0.2615114586386633
2022-04-06T23:00:00.0;-0.2507286061886135
2022-04-07T00:00:00.0;-0.2358101829734971
2022-04-07T01:00:00.0;-0.22538754151890036
2022-04-07T02:00:00.0;-0.2165254301702256
2022-04-07T03:00:00.0;-0.2082186463688625
2022-04-07T04:00:00.0;-0.20261174353250094
2022-04-07T05:00:00.0;-0.2044201477533018
2022-04-07T06:00:00.0;-0.21031211974116382
2022-04-07T07:00:00.0;-0.21355612518698297
2022-04-07T08:00:00.0;-0.2067954178258665
2022-04-07T09:00:00.0;-0.19252066418191913
2022-04-07T10:00:00.0;-0.17879322678165366
2022-04-07T11:00:00.0;-0.17161963989133996
2022-04-07T12:00:00.0;-0.16847845304030104
2022-04-07T13:00:00.0;-0.16810104519960314
2022-04-07T14:00:00.0;-0.17338790446030747
2022-04-07T15:00:00.0;-0.1871972765388296
2022-04-07T16:00:00.0;-0.20875743293457114
2022-04-07T17:00:00.0;-0.23450461916156057
2022-04-07T18:00:00.0;-0.25383320013290095
2022-04-07T19:00:00.0;-0.26651213106543703
2022-04-07T20:00:00.0;-0.271464702745402
2022-04-07T21:00:00.0;-0.26620391151686273
2022-04-07T22:00:00.0;-0.25735579652504487
2022-04-07T23:00:00.0;-0.246219283356446
2022-04-08T00:00:00.0;-0.23023521914181755
2022-04-08T01:00:00.0;-0.2207193914826914
2022-04-08T02:00:00.0;-0.2121224897883501
2022-04-08T03:00:00.0;-0.20333126922003913
2022-04-08T04:00:00.0;-0.19711374313898627
2022-04-08T05:00:00.0;-0.19695066638799832
2022-04-08T06:00:00.0;-0.1998736160224037
2022-04-08T07:00:00.0;-0.194651744777539
2022-04-08T08:00:00.0;-0.17972278580329323
2022-04-08T09:00:00.0;-0.16079141629439778
2022-04-08T10:00:00.0;-0.14666234894968425
2022-04-08T11:00:00.0;-0.1399618973263867
2022-04-08T12:00:00.0;-0.1387878337238978
2022-04-08T13:00:00.0;-0.1425622146515527
2022-04-08T14:00:00.0;-0.15140642117670117
2022-04-08T15:00:00.0;-0.16698131375197478
2022-04-08T16:00:00.0;-0.19206896340837457
2022-04-08T17:00:00.0;-0.21434638276828666
2022-04-08T18:00:00.0;-0.23694503203543893
2022-04-08T19:00:00.0;-0.25566013360363915
2022-04-08T20:00:00.0;-0.26688991984101396
2022-04-08T21:00:00.0;-0.2646886039487673
2022-04-08T22:00:00.0;-0.25585852442455737
2022-04-08T23:00:00.0;-0.24318565934539646
2022-04-09T00:00:00.0;-0.2247776319929223
2022-04-09T01:00:00.0;-0.21506724506054764
2022-04-09T02:00:00.0;-0.2068793135954053
2022-04-09T03:00:00.0;-0.19902596091557526
2022-04-09T04:00:00.0;-0.19461212657105123
2022-04-09T05:00:00.0;-0.19916712351690663
2022-04-09T06:00:00.0;-0.20290840416712896
2022-04-09T07:00:00.0;-0.19769006444242834
2022-04-09T08:00:00.0;-0.1806880210034429
2022-04-09T09:00:00.0;-0.1590705248191886
2022-04-09T10:00:00.0;-0.14272946286259713
2022-04-09T11:00:00.0;-0.13533186573480327
2022-04-09T12:00:00.0;-0.13287966196777581
2022-04-09T13:00:00.0;-0.13365976544386463
2022-04-09T14:00:00.0;-0.14177290219725333
2022-04-09T15:00:00.0;-0.15829993901987013
2022-04-09T16:00:00.0;-0.18395502246078185
2022-04-09T17:00:00.0;-0.2078030814606065
2022-04-09T18:00:00.0;-0.23206885470389793
2022-04-09T19:00:00.0;-0.25138775188121126
2022-04-09T20:00:00.0;-0.26144694690364684
2022-04-09T21:00:00.0;-0.2559931114366553
2022-04-09T22:00:00.0;-0.24778888455520298
2022-04-09T23:00:00.0;-0.23583819524113203
2022-04-10T00:00:00.0;-0.22521024427532882
2022-04-10T01:00:00.0;-0.21603500636903875
2022-04-10T02:00:00.0;-0.20727035697987584
2022-04-10T03:00:00.0;-0.19760752191344635
2022-04-10T04:00:00.0;-0.18997335917216834
2022-04-10T05:00:00.0;-0.18632934183427227
2022-04-10T06:00:00.0;-0.18832584730139773
2022-04-10T07:00:00.0;-0.1800992982066143
2022-04-10T08:00:00.0;-0.16198075634971248
2022-04-10T09:00:00.0;-0.14157281498931273
2022-04-10T10:00:00.0;-0.12795169596269182
2022-04-10T11:00:00.0;-0.12251911364648732
2022-04-10T12:00:00.0;-0.12315644094765836
2022-04-10T13:00:00.0;-0.13105813813360037
2022-04-10T14:00:00.0;-0.1435767409513032
2022-04-10T15:00:00.0;-0.16221723467512464
2022-04-10T16:00:00.0;-0.19131199893605058
2022-04-10T17:00:00.0;-0.21216765168351168
2022-04-10T18:00:00.0;-0.23330752690329104
2022-04-10T19:00:00.0;-0.25005021716643194
2022-04-10T20:00:00.0;-0.2603059807357502
2022-04-10T21:00:00.0;-0.26002648082567154
2022-04-10T22:00:00.0;-0.25068052470716523
2022-04-10T23:00:00.0;-0.23812562995613604
2022-04-11T00:00:00.0;-0.2320935433872531
2022-04-11T01:00:00.0;-0.2228411103855481
2022-04-11T02:00:00.0;-0.21398237227042124
2022-04-11T03:00:00.0;-0.20439656045926266
2022-04-11T04:00:00.0;-0.19670659326992562
2022-04-11T05:00:00.0;-0.19241711562997135
2022-04-11T06:00:00.0;-0.1938601115940947
2022-04-11T07:00:00.0;-0.18668410034685815
2022-04-11T08:00:00.0;-0.1719878362464662
2022-04-11T09:00:00.0;-0.15431997013662457
2022-04-11T10:00:00.0;-0.14150720115764667
2022-04-11T11:00:00.0;-0.13521441734152784
2022-04-11T12:00:00.0;-0.13557520601591594
2022-04-11T13:00:00.0;-0.14277667828152396
2022-04-11T14:00:00.0;-0.15343378869500413
2022-04-11T15:00:00.0;-0.1688524747823281
2022-04-11T16:00:00.0;-0.19441899247740027
2022-04-11T17:00:00.0;-0.21502961750876046
2022-04-11T18:00:00.0;-0.23645749771241173
2022-04-11T19:00:00.0;-0.255600129880897
2022-04-11T20:00:00.0;-0.26887507220156337
2022-04-11T21:00:00.0;-0.2698409888368196
2022-04-11T22:00:00.0;-0.2607330232135856
2022-04-11T23:00:00.0;-0.2473054799592086
2022-04-12T00:00:00.0;-0.2255703496475245
2022-04-12T01:00:00.0;-0.216114019603586
2022-04-12T02:00:00.0;-0.20767785919623188
2022-04-12T03:00:00.0;-0.1991056959603248
2022-04-12T04:00:00.0;-0.19324317523627607
2022-04-12T05:00:00.0;-0.1939572702164107
2022-04-12T06:00:00.0;-0.19647927300073773
2022-04-12T07:00:00.0;-0.18998670961207276
2022-04-12T08:00:00.0;-0.1730047588253307
2022-04-12T09:00:00.0;-0.15219619227466288
2022-04-12T10:00:00.0;-0.13708919976429362
2022-04-12T11:00:00.0;-0.13031373960236609
2022-04-12T12:00:00.0;-0.1289397031131299
2022-04-12T13:00:00.0;-0.13252274473231265
2022-04-12T14:00:00.0;-0.14230980124447054
2022-04-12T15:00:00.0;-0.15951406190680914
2022-04-12T16:00:00.0;-0.1863242168197496
2022-04-12T17:00:00.0;-0.2088883649739059
2022-04-12T18:00:00.0;-0.23189251432236396
2022-04-12T19:00:00.0;-0.25065448068566987
2022-04-12T20:00:00.0;-0.26153974453001794
2022-04-12T21:00:00.0;-0.2586504022813566
2022-04-12T22:00:00.0;-0.2500328554709082
2022-04-12T23:00:00.0;-0.23772351440302184
2022-04-13T00:00:00.0;-0.22984338987992217
2022-04-13T01:00:00.0;-0.22067662742248448
2022-04-13T02:00:00.0;-0.21190275088987415
2022-04-13T03:00:00.0;-0.20200938109652075
2022-04-13T04:00:00.0;-0.19485338299547011
2022-04-13T05:00:00.0;-0.1929172861491139
2022-04-13T06:00:00.0;-0.19716966134491704
2022-04-13T07:00:00.0;-0.1891651752365108
2022-04-13T08:00:00.0;-0.17021331551331284
2022-04-13T09:00:00.0;-0.14994849242000977
2022-04-13T10:00:00.0;-0.13678791910067062
2022-04-13T11:00:00.0;-0.1318264421964846
2022-04-13T12:00:00.0;-0.13347806883260682
2022-04-13T13:00:00.0;-0.14189621982855086
2022-04-13T14:00:00.0;-0.15326511673106813
2022-04-13T15:00:00.0;-0.16953600771505098
2022-04-13T16:00:00.0;-0.1966672819272033
2022-04-13T17:00:00.0;-0.21666096641887253
2022-04-13T18:00:00.0;-0.23917332629603033
2022-04-13T19:00:00.0;-0.2570430491035079
2022-04-13T20:00:00.0;-0.2674710242582593
2022-04-13T21:00:00.0;-0.2665743675474087
2022-04-13T22:00:00.0;-0.25688046123525377
2022-04-13T23:00:00.0;-0.2435838866351773
2022-04-14T00:00:00.0;-0.22886716323560133
2022-04-14T01:00:00.0;-0.21973004966516652
2022-04-14T02:00:00.0;-0.21097478061267938
2022-04-14T03:00:00.0;-0.2010271790487734
2022-04-14T04:00:00.0;-0.193842359233875
2022-04-14T05:00:00.0;-0.19179587908126766
2022-04-14T06:00:00.0;-0.19587216232744076
2022-04-14T07:00:00.0;-0.18717738170053844
2022-04-14T08:00:00.0;-0.1676490918706924
2022-04-14T09:00:00.0;-0.14694133144112875
2022-04-14T10:00:00.0;-0.13351550566336096
2022-04-14T11:00:00.0;-0.12849049623120126
2022-04-14T12:00:00.0;-0.13034605157858659
2022-04-14T13:00:00.0;-0.13926824884582445
2022-04-14T14:00:00.0;-0.15106358119959884
2022-04-14T15:00:00.0;-0.16765430210913734
2022-04-14T16:00:00.0;-0.19529275700198495
2022-04-14T17:00:00.0;-0.21510236237885869
2022-04-14T18:00:00.0;-0.23766128501362827
2022-04-14T19:00:00.0;-0.2558012281895517
2022-04-14T20:00:00.0;-0.26660349579446213
2022-04-14T21:00:00.0;-0.26591414105797834
2022-04-14T22:00:00.0;-0.25625542703408327
2022-04-14T23:00:00.0;-0.2428779889232517
2022-04-15T00:00:00.0;-0.23127297910624414
2022-04-15T01:00:00.0;-0.2218451355314634
2022-04-15T02:00:00.0;-0.21303890967480218
2022-04-15T03:00:00.0;-0.20332603454969628
2022-04-15T04:00:00.0;-0.19540997852812428
2022-04-15T05:00:00.0;-0.19092803663940458
2022-04-15T06:00:00.0;-0.1917721677433148
2022-04-15T07:00:00.0;-0.1829621598359394
2022-04-15T08:00:00.0;-0.1665774650923041
2022-04-15T09:00:00.0;-0.1487812725399504
2022-04-15T10:00:00.0;-0.13682132479322245
2022-04-15T11:00:00.0;-0.1314377494162453
2022-04-15T12:00:00.0;-0.13273161248133164
2022-04-15T13:00:00.0;-0.1407726312376302
2022-04-15T14:00:00.0;-0.15151751365570917
2022-04-15T15:00:00.0;-0.1670419767418084
2022-04-15T16:00:00.0;-0.19323114264626662
2022-04-15T17:00:00.0;-0.2126643011708582
2022-04-15T18:00:00.0;-0.2346021499225383
2022-04-15T19:00:00.0;-0.2540301415060141
2022-04-15T20:00:00.0;-0.267770388264964
2022-04-15T21:00:00.0;-0.26889804905044784
2022-04-15T22:00:00.0;-0.25967275936162576
2022-04-15T23:00:00.0;-0.2459878304374397
2022-04-16T00:00:00.0;-0.23201887816768765
2022-04-16T01:00:00.0;-0.22279806282904302
2022-04-16T02:00:00.0;-0.21392430551055314
2022-04-16T03:00:00.0;-0.20413159937816314
2022-04-16T04:00:00.0;-0.1962671754342318
2022-04-16T05:00:00.0;-0.19181926605233848
2022-04-16T06:00:00.0;-0.19359693603444203
2022-04-16T07:00:00.0;-0.18611766652800385
2022-04-16T08:00:00.0;-0.1707850596441345
2022-04-16T09:00:00.0;-0.1523778058771133
2022-04-16T10:00:00.0;-0.1392137515742067
2022-04-16T11:00:00.0;-0.13292481687398186
2022-04-16T12:00:00.0;-0.13338320574984644
2022-04-16T13:00:00.0;-0.141303224860348
2022-04-16T14:00:00.0;-0.1518768680127642
2022-04-16T15:00:00.0;-0.16774048860722005
2022-04-16T16:00:00.0;-0.19414898450899634
2022-04-16T17:00:00.0;-0.21432364036301166
2022-04-16T18:00:00.0;-0.23600814512599183
2022-04-16T19:00:00.0;-0.255400768872001
2022-04-16T20:00:00.0;-0.2691110281535221
2022-04-16T21:00:00.0;-0.27037198248433264
2022-04-16T22:00:00.0;-0.2610094706904187
2022-04-16T23:00:00.0;-0.24736289578723997
2022-04-17T00:00:00.0;-0.230690414590014
2022-04-17T01:00:00.0;-0.22150386710856895
2022-04-17T02:00:00.0;-0.21265896606037993
2022-04-17T03:00:00.0;-0.20284241450019866
2022-04-17T04:00:00.0;-0.19496995433081343
2022-04-17T05:00:00.0;-0.19036802585001888
2022-04-17T06:00:00.0;-0.1917754944454918
2022-04-17T07:00:00.0;-0.18339827954317778
2022-04-17T08:00:00.0;-0.1674549920727072
2022-04-17T09:00:00.0;-0.14862908090618102
2022-04-17T10:00:00.0;-0.13517876028976206
2022-04-17T11:00:00.0;-0.12878088198177273
2022-04-17T12:00:00.0;-0.12948622945517563
2022-04-17T13:00:00.0;-0.13793336374247567
2022-04-17T14:00:00.0;-0.149119150645215
2022-04-17T15:00:00.0;-0.16531809038105114
2022-04-17T16:00:00.0;-0.19222428201740796
2022-04-17T17:00:00.0;-0.21224657165486313
2022-04-17T18:00:00.0;-0.23392609730015115
2022-04-17T19:00:00.0;-0.2536672727171268
2022-04-17T20:00:00.0;-0.26785178303127904
2022-04-17T21:00:00.0;-0.2693656978766512
2022-04-17T22:00:00.0;-0.2601205776739118
2022-04-17T23:00:00.0;-0.24640758660198459
2022-04-18T00:00:00.0;-0.2262366453628573
2022-04-18T01:00:00.0;-0.21716931883955556
2022-04-18T02:00:00.0;-0.20836141021258892
2022-04-18T03:00:00.0;-0.19864381739868583
2022-04-18T04:00:00.0;-0.19054906000064462
2022-04-18T05:00:00.0;-0.18545219907371957
2022-04-18T06:00:00.0;-0.18622937085347233
2022-04-18T07:00:00.0;-0.17765657833220427
2022-04-18T08:00:00.0;-0.1603732873222534
2022-04-18T09:00:00.0;-0.14038229737878777
2022-04-18T10:00:00.0;-0.12690540624976301
2022-04-18T11:00:00.0;-0.12105694032781586
2022-04-18T12:00:00.0;-0.12132006209035409
2022-04-18T13:00:00.0;-0.12939180332549685
2022-04-18T14:00:00.0;-0.1417860139205611
2022-04-18T15:00:00.0;-0.16037646787945065
2022-04-18T16:00:00.0;-0.18943731653122006
2022-04-18T17:00:00.0;-0.2099742987338563
2022-04-18T18:00:00.0;-0.23110751797769308
2022-04-18T19:00:00.0;-0.24899187178754603
2022-04-18T20:00:00.0;-0.2611488787675047
2022-04-18T21:00:00.0;-0.26216731670016274
2022-04-18T22:00:00.0;-0.25285219539027604
2022-04-18T23:00:00.0;-0.2399857783237779
2022-04-19T00:00:00.0;-0.2309235229470811
2022-04-19T01:00:00.0;-0.221763884711256
2022-04-19T02:00:00.0;-0.21292559294913208
2022-04-19T03:00:00.0;-0.20312358624105328
2022-04-19T04:00:00.0;-0.19525724222282737
2022-04-19T05:00:00.0;-0.19067855964279212
2022-04-19T06:00:00.0;-0.19206464350644917
2022-04-19T07:00:00.0;-0.18366416773679792
2022-04-19T08:00:00.0;-0.16760593848772642
2022-04-19T09:00:00.0;-0.14876806303702184
2022-04-19T10:00:00.0;-0.13543277600678658
2022-04-19T11:00:00.0;-0.12909822976716154
2022-04-19T12:00:00.0;-0.129778441242975
2022-04-19T13:00:00.0;-0.13811618193992978
2022-04-19T14:00:00.0;-0.14922710096612235
2022-04-19T15:00:00.0;-0.16533908595253796
2022-04-19T16:00:00.0;-0.19213666562590667
2022-04-19T17:00:00.0;-0.21210393651717144
2022-04-19T18:00:00.0;-0.2339421307114959
2022-04-19T19:00:00.0;-0.2538250547395595
2022-04-19T20:00:00.0;-0.26807590070721615
2022-04-19T21:00:00.0;-0.2695801594102668
2022-04-19T22:00:00.0;-0.26031758410552097
2022-04-19T23:00:00.0;-0.24658262748606413
2022-04-20T00:00:00.0;-0.22349378500716077
2022-04-20T01:00:00.0;-0.2140166505606431
2022-04-20T02:00:00.0;-0.20582519825188236
2022-04-20T03:00:00.0;-0.1976551411766719
2022-04-20T04:00:00.0;-0.19276361631713326
2022-04-20T05:00:00.0;-0.19592375733372483
2022-04-20T06:00:00.0;-0.19868864302452924
2022-04-20T07:00:00.0;-0.19105739957588436
2022-04-20T08:00:00.0;-0.17230424458065
2022-04-20T09:00:00.0;-0.14983284005302908
2022-04-20T10:00:00.0;-0.1334888752915598
2022-04-20T11:00:00.0;-0.12619608359055834
2022-04-20T12:00:00.0;-0.12458306509017444
2022-04-20T13:00:00.0;-0.12728253686116095
2022-04-20T14:00:00.0;-0.13673964692104382
2022-04-20T15:00:00.0;-0.15380466763995293
2022-04-20T16:00:00.0;-0.1806038254685448
2022-04-20T17:00:00.0;-0.20333190493207118
2022-04-20T18:00:00.0;-0.22789863921437165
2022-04-20T19:00:00.0;-0.24854442250542225
2022-04-20T20:00:00.0;-0.260456026694128
2022-04-20T21:00:00.0;-0.25643655792178943
2022-04-20T22:00:00.0;-0.24819185955501488
2022-04-20T23:00:00.0;-0.23573691486277848
2022-04-21T00:00:00.0;-0.22777781921855741
2022-04-21T01:00:00.0;-0.21840931992149212
2022-04-21T02:00:00.0;-0.2099514672225684
2022-04-21T03:00:00.0;-0.20118248982883677
2022-04-21T04:00:00.0;-0.19517521989456635
2022-04-21T05:00:00.0;-0.1956150965252987
2022-04-21T06:00:00.0;-0.19827439518778894
2022-04-21T07:00:00.0;-0.19121084945746564
2022-04-21T08:00:00.0;-0.1739006529599645
2022-04-21T09:00:00.0;-0.15309223045254447
2022-04-21T10:00:00.0;-0.13819863993675233
2022-04-21T11:00:00.0;-0.1314230059277813
2022-04-21T12:00:00.0;-0.13040384619720272
2022-04-21T13:00:00.0;-0.1346738228589727
2022-04-21T14:00:00.0;-0.144051362974971
2022-04-21T15:00:00.0;-0.16041449163555682
2022-04-21T16:00:00.0;-0.1867378454255806
2022-04-21T17:00:00.0;-0.2084919504256918
2022-04-21T18:00:00.0;-0.23221152165218242
2022-04-21T19:00:00.0;-0.2523659377040657
2022-04-21T20:00:00.0;-0.2647762702697491
2022-04-21T21:00:00.0;-0.2625836385417331
2022-04-21T22:00:00.0;-0.25379242080331865
2022-04-21T23:00:00.0;-0.24088205311830282
2022-04-22T00:00:00.0;-0.22417433047860605
2022-04-22T01:00:00.0;-0.21431427222570493
2022-04-22T02:00:00.0;-0.20587788397964382
2022-04-22T03:00:00.0;-0.19778086432234107
2022-04-22T04:00:00.0;-0.192516344371937
2022-04-22T05:00:00.0;-0.1948385052252594
2022-04-22T06:00:00.0;-0.19831724189922587
2022-04-22T07:00:00.0;-0.19504341806104664
2022-04-22T08:00:00.0;-0.1805826241592059
2022-04-22T09:00:00.0;-0.16073916550605136
2022-04-22T10:00:00.0;-0.14514993927328276
2022-04-22T11:00:00.0;-0.13811577717379464
2022-04-22T12:00:00.0;-0.13557239417551475
2022-04-22T13:00:00.0;-0.13676946822256353
2022-04-22T14:00:00.0;-0.145745418314319
2022-04-22T15:00:00.0;-0.16346996567939553
2022-04-22T16:00:00.0;-0.18986807384935742
2022-04-22T17:00:00.0;-0.21455550400154283
2022-04-22T18:00:00.0;-0.23606719258488434
2022-04-22T19:00:00.0;-0.25160262661085475
2022-04-22T20:00:00.0;-0.2588018339207867
2022-04-22T21:00:00.0;-0.2537647125160958
2022-04-22T22:00:00.0;-0.2453887875760413
2022-04-22T23:00:00.0;-0.234271737653607
2022-04-23T00:00:00.0;-0.21521551592154195
2022-04-23T01:00:00.0;-0.20562122935333876
2022-04-23T02:00:00.0;-0.1972594264508934
2022-04-23T03:00:00.0;-0.18908568083412375
2022-04-23T04:00:00.0;-0.18327199020683985
2022-04-23T05:00:00.0;-0.1838750376816684
2022-04-23T06:00:00.0;-0.18536713295513763
2022-04-23T07:00:00.0;-0.17921120427502918
2022-04-23T08:00:00.0;-0.16157390861515225
2022-04-23T09:00:00.0;-0.1393734963746004
2022-04-23T10:00:00.0;-0.12314481696547051
2022-04-23T11:00:00.0;-0.11655138039830368
2022-04-23T12:00:00.0;-0.11435392099722508
2022-04-23T13:00:00.0;-0.11707708435688842
2022-04-23T14:00:00.0;-0.12952188597690165
2022-04-23T15:00:00.0;-0.1511916311193872
2022-04-23T16:00:00.0;-0.18177527455276085
2022-04-23T17:00:00.0;-0.20648376853218026
2022-04-23T18:00:00.0;-0.22699278059121725
2022-04-23T19:00:00.0;-0.24104792095357375
2022-04-23T20:00:00.0;-0.24719116519074646
2022-04-23T21:00:00.0;-0.24270540875965776
2022-04-23T22:00:00.0;-0.2345094302072649
2022-04-23T23:00:00.0;-0.22418663524815816
2022-04-24T00:00:00.0;-0.21361149862993428
2022-04-24T01:00:00.0;-0.20399367573125338
2022-04-24T02:00:00.0;-0.19553764288644973
2022-04-24T03:00:00.0;-0.18724893369530113
2022-04-24T04:00:00.0;-0.1809915585256558
2022-04-24T05:00:00.0;-0.18038826554020132
2022-04-24T06:00:00.0;-0.18147001609890784
2022-04-24T07:00:00.0;-0.17570574921518883
2022-04-24T08:00:00.0;-0.15866909075358265
2022-04-24T09:00:00.0;-0.13686699957806964
2022-04-24T10:00:00.0;-0.12086120757327025
2022-04-24T11:00:00.0;-0.11448833558504434
2022-04-24T12:00:00.0;-0.11230422536981399
2022-04-24T13:00:00.0;-0.11543398105104218
2022-04-24T14:00:00.0;-0.12876691483239402
2022-04-24T15:00:00.0;-0.15153851911347244
2022-04-24T16:00:00.0;-0.1830672864690629
2022-04-24T17:00:00.0;-0.2081352029367285
2022-04-24T18:00:00.0;-0.2273244380311264
2022-04-24T19:00:00.0;-0.23955104057117668
2022-04-24T20:00:00.0;-0.24432154196436348
2022-04-24T21:00:00.0;-0.24009561026501575
2022-04-24T22:00:00.0;-0.23185383317929453
2022-04-24T23:00:00.0;-0.22200436366859808
2022-04-25T00:00:00.0;-0.23379871746371333
2022-04-25T01:00:00.0;-0.22405793237200758
2022-04-25T02:00:00.0;-0.2152433565662165
2022-04-25T03:00:00.0;-0.20630484188746737
2022-04-25T04:00:00.0;-0.19969565447679435
2022-04-25T05:00:00.0;-0.19861898028791897
2022-04-25T06:00:00.0;-0.2022080737059074
2022-04-25T07:00:00.0;-0.19968316429857672
2022-04-25T08:00:00.0;-0.18804431032316676
2022-04-25T09:00:00.0;-0.17149205474482165
2022-04-25T10:00:00.0;-0.15822591487302345
2022-04-25T11:00:00.0;-0.15160410369678629
2022-04-25T12:00:00.0;-0.15022042233371097
2022-04-25T13:00:00.0;-0.1536348073270179
2022-04-25T14:00:00.0;-0.16158922679353452
2022-04-25T15:00:00.0;-0.17627809315042062
2022-04-25T16:00:00.0;-0.2000346792366022
2022-04-25T17:00:00.0;-0.22291157822839322
2022-04-25T18:00:00.0;-0.24392043291393933
2022-04-25T19:00:00.0;-0.26051485007836456
2022-04-25T20:00:00.0;-0.2701222359972251
2022-04-25T21:00:00.0;-0.268005432652661
2022-04-25T22:00:00.0;-0.2589714117951897
2022-04-25T23:00:00.0;-0.2465559757049793
2022-04-26T00:00:00.0;-0.22154148488637035
2022-04-26T01:00:00.0;-0.21204002156697296
2022-04-26T02:00:00.0;-0.20404984538827617
2022-04-26T03:00:00.0;-0.19632949638226133
2022-04-26T04:00:00.0;-0.19226562145823548
2022-04-26T05:00:00.0;-0.19762626871250202
2022-04-26T06:00:00.0;-0.20073669312995973
2022-04-26T07:00:00.0;-0.19303611753012567
2022-04-26T08:00:00.0;-0.1730300118235852
2022-04-26T09:00:00.0;-0.1492586896504179
2022-04-26T10:00:00.0;-0.13215098056385077
2022-04-26T11:00:00.0;-0.12468767514400951
2022-04-26T12:00:00.0;-0.12243756884453173
2022-04-26T13:00:00.0;-0.1235572018551059
2022-04-26T14:00:00.0;-0.13249936262536682
2022-04-26T15:00:00.0;-0.1498235643932139
2022-04-26T16:00:00.0;-0.17667980125114596
2022-04-26T17:00:00.0;-0.19997079461021497
2022-04-26T18:00:00.0;-0.22568478055730418
2022-04-26T19:00:00.0;-0.24695136033209406
2022-04-26T20:00:00.0;-0.25850846679704953
2022-04-26T21:00:00.0;-0.2529980062072914
2022-04-26T22:00:00.0;-0.2449826492117767
2022-04-26T23:00:00.0;-0.23279313990203732
2022-04-27T00:00:00.0;-0.23015514611004034
2022-04-27T01:00:00.0;-0.22108880824058535
2022-04-27T02:00:00.0;-0.21232452580463204
2022-04-27T03:00:00.0;-0.20240026948926318
2022-04-27T04:00:00.0;-0.19478460716565157
2022-04-27T05:00:00.0;-0.19137952333915773
2022-04-27T06:00:00.0;-0.19391060378516276
2022-04-27T07:00:00.0;-0.18465531063252585
2022-04-27T08:00:00.0;-0.16585501130993863
2022-04-27T09:00:00.0;-0.14566778199297895
2022-04-27T10:00:00.0;-0.1326035926303504
2022-04-27T11:00:00.0;-0.12723230043151304
2022-04-27T12:00:00.0;-0.1286566741774824
2022-04-27T13:00:00.0;-0.1374556435686422
2022-04-27T14:00:00.0;-0.1488130892099296
2022-04-27T15:00:00.0;-0.16513865410938963
2022-04-27T16:00:00.0;-0.1925238691439106
2022-04-27T17:00:00.0;-0.21184262925475675
2022-04-27T18:00:00.0;-0.23473070031652782
2022-04-27T19:00:00.0;-0.25447707643735396
2022-04-27T20:00:00.0;-0.2676437869439107
2022-04-27T21:00:00.0;-0.26825584280269377
2022-04-27T22:00:00.0;-0.2586690549497965
2022-04-27T23:00:00.0;-0.24489621173660095
2022-04-28T00:00:00.0;-0.23098066069405726
2022-04-28T01:00:00.0;-0.2219642013226549
2022-04-28T02:00:00.0;-0.2131869762653171
2022-04-28T03:00:00.0;-0.20351868807797438
2022-04-28T04:00:00.0;-0.19574567142590982
2022-04-28T05:00:00.0;-0.1912163756844556
2022-04-28T06:00:00.0;-0.19206321962319772
2022-04-28T07:00:00.0;-0.18294325098960978
2022-04-28T08:00:00.0;-0.16609838709659416
2022-04-28T09:00:00.0;-0.14716229902041134
2022-04-28T10:00:00.0;-0.1342837228553341
2022-04-28T11:00:00.0;-0.12816026506386774
2022-04-28T12:00:00.0;-0.12888251154178434
2022-04-28T13:00:00.0;-0.13683769365429738
2022-04-28T14:00:00.0;-0.14812500475748427
2022-04-28T15:00:00.0;-0.16391591143476836
2022-04-28T16:00:00.0;-0.1902606085642403
2022-04-28T17:00:00.0;-0.21001868496302029
2022-04-28T18:00:00.0;-0.2325039227271828
2022-04-28T19:00:00.0;-0.2532441638660526
2022-04-28T20:00:00.0;-0.26802065743240544
2022-04-28T21:00:00.0;-0.26956543226165286
2022-04-28T22:00:00.0;-0.26041870119381005
2022-04-28T23:00:00.0;-0.24661391812328612
2022-04-29T00:00:00.0;-0.23365593548056143
2022-04-29T01:00:00.0;-0.22443201681624753
2022-04-29T02:00:00.0;-0.21555877533795784
2022-04-29T03:00:00.0;-0.20598339201363516
2022-04-29T04:00:00.0;-0.1982801381154569
2022-04-29T05:00:00.0;-0.1941371509508913
2022-04-29T06:00:00.0;-0.1959142479857731
2022-04-29T07:00:00.0;-0.1893999335603865
2022-04-29T08:00:00.0;-0.17488422479304566
2022-04-29T09:00:00.0;-0.15741342959953047
2022-04-29T10:00:00.0;-0.14500085149388148
2022-04-29T11:00:00.0;-0.1389231523141128
2022-04-29T12:00:00.0;-0.13904383537635215
2022-04-29T13:00:00.0;-0.14571873323680834
2022-04-29T14:00:00.0;-0.15569703308659444
2022-04-29T15:00:00.0;-0.1707450858069071
2022-04-29T16:00:00.0;-0.19583405335607343
2022-04-29T17:00:00.0;-0.21638835196922404
2022-04-29T18:00:00.0;-0.23817286336356736
2022-04-29T19:00:00.0;-0.25733836597570564
2022-04-29T20:00:00.0;-0.2704181871515147
2022-04-29T21:00:00.0;-0.27120479275318393
2022-04-29T22:00:00.0;-0.26191709365488547
2022-04-29T23:00:00.0;-0.2484635829828461
2022-04-30T00:00:00.0;-0.2316810353315004
2022-04-30T01:00:00.0;-0.22263821190805422
2022-04-30T02:00:00.0;-0.2138249129331053
2022-04-30T03:00:00.0;-0.20394386950747923
2022-04-30T04:00:00.0;-0.19611867648625553
2022-04-30T05:00:00.0;-0.1919901744415544
2022-04-30T06:00:00.0;-0.1939980931572779
2022-04-30T07:00:00.0;-0.18546497550548502
2022-04-30T08:00:00.0;-0.16815936093928938
2022-04-30T09:00:00.0;-0.14863646753062948
2022-04-30T10:00:00.0;-0.13558310497560513
2022-04-30T11:00:00.0;-0.1297293021108391
2022-04-30T12:00:00.0;-0.13051576056464773
2022-04-30T13:00:00.0;-0.13883220441774582
2022-04-30T14:00:00.0;-0.1496086133757587
2022-04-30T15:00:00.0;-0.16565214158447886
2022-04-30T16:00:00.0;-0.19254800166706587
2022-04-30T17:00:00.0;-0.21206792751679032
2022-04-30T18:00:00.0;-0.23477115261155893
2022-04-30T19:00:00.0;-0.2549744774835986
2022-04-30T20:00:00.0;-0.2690550369030693
2022-04-30T21:00:00.0;-0.2702735767112952
2022-04-30T22:00:00.0;-0.26071537918367504
2022-04-30T23:00:00.0;-0.24684773728774548
2022-05-01T00:00:00.0;-0.23008723539800816
2022-05-01T01:00:00.0;-0.22110148020302023
2022-05-01T02:00:00.0;-0.21234406670826703
2022-05-01T03:00:00.0;-0.20239460243250432
2022-05-01T04:00:00.0;-0.19479400051785611
2022-05-01T05:00:00.0;-0.1914257890377939
2022-05-01T06:00:00.0;-0.19406688241064868
2022-05-01T07:00:00.0;-0.1846843843399531
2022-05-01T08:00:00.0;-0.1655769281020137
2022-05-01T09:00:00.0;-0.14503001269652518
2022-05-01T10:00:00.0;-0.13178736425153267
2022-05-01T11:00:00.0;-0.12634664931200762
2022-05-01T12:00:00.0;-0.1277208420636103
2022-05-01T13:00:00.0;-0.13661122980086723
2022-05-01T14:00:00.0;-0.14805017841749385
2022-05-01T15:00:00.0;-0.1644818976849252
2022-05-01T16:00:00.0;-0.19202341178385915
2022-05-01T17:00:00.0;-0.21130418446886415
2022-05-01T18:00:00.0;-0.23438522525792913
2022-05-01T19:00:00.0;-0.25438520556642735
2022-05-01T20:00:00.0;-0.26772632157102266
2022-05-01T21:00:00.0;-0.2683972314349216
2022-05-01T22:00:00.0;-0.25877003701984924
2022-05-01T23:00:00.0;-0.24494522150501682
2022-05-02T00:00:00.0;-0.23016734258501179
2022-05-02T01:00:00.0;-0.22118722278992975
2022-05-02T02:00:00.0;-0.2124283193617777
2022-05-02T03:00:00.0;-0.20248082193125846
2022-05-02T04:00:00.0;-0.19485188569511122
2022-05-02T05:00:00.0;-0.19138783413456256
2022-05-02T06:00:00.0;-0.1939265150263195
2022-05-02T07:00:00.0;-0.1845198627928124
2022-05-02T08:00:00.0;-0.1654861826191917
2022-05-02T09:00:00.0;-0.1449754515779083
2022-05-02T10:00:00.0;-0.13174017474259478
2022-05-02T11:00:00.0;-0.12626043228523243
2022-05-02T12:00:00.0;-0.1275962939715155
2022-05-02T13:00:00.0;-0.13647791944986826
2022-05-02T14:00:00.0;-0.14789226716697076
2022-05-02T15:00:00.0;-0.16431114011055542
2022-05-02T16:00:00.0;-0.19183712001200026
2022-05-02T17:00:00.0;-0.21109882699080967
2022-05-02T18:00:00.0;-0.234188241850391
2022-05-02T19:00:00.0;-0.2542919536116366
2022-05-02T20:00:00.0;-0.2677933370691496
2022-05-02T21:00:00.0;-0.26855622062228324
2022-05-02T22:00:00.0;-0.25893681665814827
2022-05-02T23:00:00.0;-0.24508782547422894
2022-05-03T00:00:00.0;-0.23194603063719144
2022-05-03T01:00:00.0;-0.2229468993426529
2022-05-03T02:00:00.0;-0.21415060183737356
2022-05-03T03:00:00.0;-0.20440950253379075
2022-05-03T04:00:00.0;-0.1965625720285697
2022-05-03T05:00:00.0;-0.19206990535330914
2022-05-03T06:00:00.0;-0.19328358169962234
2022-05-03T07:00:00.0;-0.18454101003708034
2022-05-03T08:00:00.0;-0.16766168407176035
2022-05-03T09:00:00.0;-0.148612791990749
2022-05-03T10:00:00.0;-0.13583590694076594
2022-05-03T11:00:00.0;-0.1298339394914128
2022-05-03T12:00:00.0;-0.13043246363208227
2022-05-03T13:00:00.0;-0.1383218316628359
2022-05-03T14:00:00.0;-0.14913519854068022
2022-05-03T15:00:00.0;-0.1648636478634852
2022-05-03T16:00:00.0;-0.1912203942638917
2022-05-03T17:00:00.0;-0.21081410397614764
2022-05-03T18:00:00.0;-0.2335605188173603
2022-05-03T19:00:00.0;-0.2543305638231263
2022-05-03T20:00:00.0;-0.26908603261089536
2022-05-03T21:00:00.0;-0.2706116172576148
2022-05-03T22:00:00.0;-0.2612565611633404
2022-05-03T23:00:00.0;-0.24736788835640017
2022-05-04T00:00:00.0;-0.2305173621560404
2022-05-04T01:00:00.0;-0.2215676153743073
2022-05-04T02:00:00.0;-0.2128201014903595
2022-05-04T03:00:00.0;-0.20301005960187185
2022-05-04T04:00:00.0;-0.19536097786231565
2022-05-04T05:00:00.0;-0.1915547830853153
2022-05-04T06:00:00.0;-0.19336495623265665
2022-05-04T07:00:00.0;-0.18387105734891568
2022-05-04T08:00:00.0;-0.1653667580061522
2022-05-04T09:00:00.0;-0.14538017688231022
2022-05-04T10:00:00.0;-0.13241921442706814
2022-05-04T11:00:00.0;-0.126789342652303
2022-05-04T12:00:00.0;-0.12791856249577613
2022-05-04T13:00:00.0;-0.1363445026052209
2022-05-04T14:00:00.0;-0.14774462487248163
2022-05-04T15:00:00.0;-0.16383644973808786
2022-05-04T16:00:00.0;-0.19079932302873387
2022-05-04T17:00:00.0;-0.21017200508171227
2022-05-04T18:00:00.0;-0.23325513412053747
2022-05-04T19:00:00.0;-0.253826410365603
2022-05-04T20:00:00.0;-0.2679059329019267
2022-05-04T21:00:00.0;-0.2689379543387691
2022-05-04T22:00:00.0;-0.25951068883351835
2022-05-04T23:00:00.0;-0.24565787638919118
2022-05-05T00:00:00.0;-0.2307717551873021
2022-05-05T01:00:00.0;-0.22184535647734477
2022-05-05T02:00:00.0;-0.21311008368783996
2022-05-05T03:00:00.0;-0.20342847564730862
2022-05-05T04:00:00.0;-0.19578770349047447
2022-05-05T05:00:00.0;-0.19174980473840214
2022-05-05T06:00:00.0;-0.19296827779202858
2022-05-05T07:00:00.0;-0.1834150184952622
2022-05-05T08:00:00.0;-0.16534130921327445
2022-05-05T09:00:00.0;-0.14581672584227087
2022-05-05T10:00:00.0;-0.1331087393038728
2022-05-05T11:00:00.0;-0.12737427024377904
2022-05-05T12:00:00.0;-0.1283446333124632
2022-05-05T13:00:00.0;-0.13634696517821182
2022-05-05T14:00:00.0;-0.1477573986195421
2022-05-05T15:00:00.0;-0.16355154142914033
2022-05-05T16:00:00.0;-0.18999550007392835
2022-05-05T17:00:00.0;-0.20949185466361694
2022-05-05T18:00:00.0;-0.23256092202122547
2022-05-05T19:00:00.0;-0.2534751934544901
2022-05-05T20:00:00.0;-0.2679478639039163
2022-05-05T21:00:00.0;-0.26914610546476064
2022-05-05T22:00:00.0;-0.2598934906831363
2022-05-05T23:00:00.0;-0.24606044337950264
2022-05-06T00:00:00.0;-0.2306985290980674
2022-05-06T01:00:00.0;-0.22176174718438157
2022-05-06T02:00:00.0;-0.2130134105640619
2022-05-06T03:00:00.0;-0.20322696345636082
2022-05-06T04:00:00.0;-0.19553037782291877
2022-05-06T05:00:00.0;-0.1915230197885566
2022-05-06T06:00:00.0;-0.1930652871951753
2022-05-06T07:00:00.0;-0.183524411999354
2022-05-06T08:00:00.0;-0.16521878913446644
2022-05-06T09:00:00.0;-0.145369251002649
2022-05-06T10:00:00.0;-0.13246088639211334
2022-05-06T11:00:00.0;-0.12674711688944543
2022-05-06T12:00:00.0;-0.12778451426861792
2022-05-06T13:00:00.0;-0.13612748593966617
2022-05-06T14:00:00.0;-0.14748510684050253
2022-05-06T15:00:00.0;-0.16350736107436248
2022-05-06T16:00:00.0;-0.1903606865352461
2022-05-06T17:00:00.0;-0.20972125361814586
2022-05-06T18:00:00.0;-0.23281496159553325
2022-05-06T19:00:00.0;-0.2536160274423333
2022-05-06T20:00:00.0;-0.26803084967199325
2022-05-06T21:00:00.0;-0.2692464956015992
2022-05-06T22:00:00.0;-0.25985988587724446
2022-05-06T23:00:00.0;-0.24596907012447852
2022-05-07T00:00:00.0;-0.23170544290626263
2022-05-07T01:00:00.0;-0.2226966445665547
2022-05-07T02:00:00.0;-0.21389223840655072
2022-05-07T03:00:00.0;-0.20401243942532535
2022-05-07T04:00:00.0;-0.19602720434005327
2022-05-07T05:00:00.0;-0.1913621521236004
2022-05-07T06:00:00.0;-0.19267105029436138
2022-05-07T07:00:00.0;-0.1835934440746773
2022-05-07T08:00:00.0;-0.16629030608339634
2022-05-07T09:00:00.0;-0.14681991976240663
2022-05-07T10:00:00.0;-0.13384520416472434
2022-05-07T11:00:00.0;-0.12786663870712164
2022-05-07T12:00:00.0;-0.12860462356076205
2022-05-07T13:00:00.0;-0.1370535913900113
2022-05-07T14:00:00.0;-0.14787102741511404
2022-05-07T15:00:00.0;-0.16391742924441674
2022-05-07T16:00:00.0;-0.19088151800610925
2022-05-07T17:00:00.0;-0.21014008895693434
2022-05-07T18:00:00.0;-0.2329895999005188
2022-05-07T19:00:00.0;-0.25390317435017695
2022-05-07T20:00:00.0;-0.2689999441580031
2022-05-07T21:00:00.0;-0.2707660802310985
2022-05-07T22:00:00.0;-0.26127032785338594
2022-05-07T23:00:00.0;-0.24723236775080074
2022-05-08T00:00:00.0;-0.2266824972724574
2022-05-08T01:00:00.0;-0.217497265787254
2022-05-08T02:00:00.0;-0.2090881499900324
2022-05-08T03:00:00.0;-0.20019767965578963
2022-05-08T04:00:00.0;-0.19404217305843297
2022-05-08T05:00:00.0;-0.19404688615045215
2022-05-08T06:00:00.0;-0.19614236689600117
2022-05-08T07:00:00.0;-0.18736727266827244
2022-05-08T08:00:00.0;-0.16839025910341582
2022-05-08T09:00:00.0;-0.14660323901259303
2022-05-08T10:00:00.0;-0.13160499176023666
2022-05-08T11:00:00.0;-0.12492502456911106
2022-05-08T12:00:00.0;-0.12431480458892824
2022-05-08T13:00:00.0;-0.12949926664178185
2022-05-08T14:00:00.0;-0.13958464375670446
2022-05-08T15:00:00.0;-0.15633845183559616
2022-05-08T16:00:00.0;-0.1834428175646467
2022-05-08T17:00:00.0;-0.20445978565952824
2022-05-08T18:00:00.0;-0.22883689697045753
2022-05-08T19:00:00.0;-0.2502055948166827
2022-05-08T20:00:00.0;-0.2639088629136986
2022-05-08T21:00:00.0;-0.2623713924333891
2022-05-08T22:00:00.0;-0.253557539178472
2022-05-08T23:00:00.0;-0.24031812803634464
2022-05-09T00:00:00.0;-0.23072637888201095
2022-05-09T01:00:00.0;-0.22178626625283082
2022-05-09T02:00:00.0;-0.2130190819159341
2022-05-09T03:00:00.0;-0.2031005490174055
2022-05-09T04:00:00.0;-0.1952861370213855
2022-05-09T05:00:00.0;-0.1911623162772915
2022-05-09T06:00:00.0;-0.19295306778065233
2022-05-09T07:00:00.0;-0.18338001640313978
2022-05-09T08:00:00.0;-0.1648856720711187
2022-05-09T09:00:00.0;-0.14467074464166596
2022-05-09T10:00:00.0;-0.1315155417812069
2022-05-09T11:00:00.0;-0.12576585384118244
2022-05-09T12:00:00.0;-0.12682958748627973
2022-05-09T13:00:00.0;-0.13560070449818634
2022-05-09T14:00:00.0;-0.14685440152203688
2022-05-09T15:00:00.0;-0.16315158736757804
2022-05-09T16:00:00.0;-0.1905105960042085
2022-05-09T17:00:00.0;-0.2096622258814749
2022-05-09T18:00:00.0;-0.23280500977254104
2022-05-09T19:00:00.0;-0.2536343157955938
2022-05-09T20:00:00.0;-0.26823969938742026
2022-05-09T21:00:00.0;-0.26962873456720815
2022-05-09T22:00:00.0;-0.2600823932662826
2022-05-09T23:00:00.0;-0.24607672954471327
2022-05-10T00:00:00.0;-0.22823141730990362
2022-05-10T01:00:00.0;-0.21814781430672384
2022-05-10T02:00:00.0;-0.20952155887491145
2022-05-10T03:00:00.0;-0.20131241899628646
2022-05-10T04:00:00.0;-0.1957955247274976
2022-05-10T05:00:00.0;-0.19759253056579598
2022-05-10T06:00:00.0;-0.201891647794895
2022-05-10T07:00:00.0;-0.20123994581016083
2022-05-10T08:00:00.0;-0.1899142659055162
2022-05-10T09:00:00.0;-0.17232835292564555
2022-05-10T10:00:00.0;-0.15751820039949221
2022-05-10T11:00:00.0;-0.15048997540086592
2022-05-10T12:00:00.0;-0.14771944522638372
2022-05-10T13:00:00.0;-0.1484188971723654
2022-05-10T14:00:00.0;-0.15621140914418724
2022-05-10T15:00:00.0;-0.17272315066046112
2022-05-10T16:00:00.0;-0.19750977893244803
2022-05-10T17:00:00.0;-0.2227036741704612
2022-05-10T18:00:00.0;-0.24301507241481862
2022-05-10T19:00:00.0;-0.2569524333111192
2022-05-10T20:00:00.0;-0.26291247713779015
2022-05-10T21:00:00.0;-0.2578594094081286
2022-05-10T22:00:00.0;-0.2492888017070541
2022-05-10T23:00:00.0;-0.23829247711586582
2022-05-11T00:00:00.0;-0.2239691099976826
2022-05-11T01:00:00.0;-0.21431092073459038
2022-05-11T02:00:00.0;-0.20617239663366901
2022-05-11T03:00:00.0;-0.19835227371509107
2022-05-11T04:00:00.0;-0.19402587355683787
2022-05-11T05:00:00.0;-0.1987821549231398
2022-05-11T06:00:00.0;-0.2023658218669297
2022-05-11T07:00:00.0;-0.1965273180284423
2022-05-11T08:00:00.0;-0.17877473688569478
2022-05-11T09:00:00.0;-0.15661912681828932
2022-05-11T10:00:00.0;-0.14008652503153446
2022-05-11T11:00:00.0;-0.13267251128309862
2022-05-11T12:00:00.0;-0.1302707997348474
2022-05-11T13:00:00.0;-0.13113573158480993
2022-05-11T14:00:00.0;-0.1394559924676506
2022-05-11T15:00:00.0;-0.15618219371970507
2022-05-11T16:00:00.0;-0.18213737444462222
2022-05-11T17:00:00.0;-0.20584625564797668
2022-05-11T18:00:00.0;-0.23047385169667625
2022-05-11T19:00:00.0;-0.25027935970098725
2022-05-11T20:00:00.0;-0.2607127943078183
2022-05-11T21:00:00.0;-0.25524481156762424
2022-05-11T22:00:00.0;-0.2470877721136871
2022-05-11T23:00:00.0;-0.23507741579034763
2022-05-12T00:00:00.0;-0.22769260620409484
2022-05-12T01:00:00.0;-0.2185695081230147
2022-05-12T02:00:00.0;-0.21007807883990573
2022-05-12T03:00:00.0;-0.2009577024256969
2022-05-12T04:00:00.0;-0.19439123089064725
2022-05-12T05:00:00.0;-0.19334360710264076
2022-05-12T06:00:00.0;-0.19523967115919713
2022-05-12T07:00:00.0;-0.18625345492246786
2022-05-12T08:00:00.0;-0.16747863794570075
2022-05-12T09:00:00.0;-0.14608149461570183
2022-05-12T10:00:00.0;-0.13149771558082166
2022-05-12T11:00:00.0;-0.12497165911425685
2022-05-12T12:00:00.0;-0.1246836448969842
2022-05-12T13:00:00.0;-0.13066676678817968
2022-05-12T14:00:00.0;-0.14097676367714945
2022-05-12T15:00:00.0;-0.1576185004913769
2022-05-12T16:00:00.0;-0.18477161871703532
2022-05-12T17:00:00.0;-0.20534178508151424
2022-05-12T18:00:00.0;-0.22945622653113001
2022-05-12T19:00:00.0;-0.25084498859200627
2022-05-12T20:00:00.0;-0.2649699357028967
2022-05-12T21:00:00.0;-0.2642130804970653
2022-05-12T22:00:00.0;-0.2552423382594094
2022-05-12T23:00:00.0;-0.24179664182975621
2022-05-13T00:00:00.0;-0.2227955985679005
2022-05-13T01:00:00.0;-0.21309341678001012
2022-05-13T02:00:00.0;-0.20484545386241093
2022-05-13T03:00:00.0;-0.19690311655599108
2022-05-13T04:00:00.0;-0.19212210458819892
2022-05-13T05:00:00.0;-0.19565756524622677
2022-05-13T06:00:00.0;-0.19892044827600494
2022-05-13T07:00:00.0;-0.1937101804446
2022-05-13T08:00:00.0;-0.17683723347603367
2022-05-13T09:00:00.0;-0.15528184301522624
2022-05-13T10:00:00.0;-0.13903931144041604
2022-05-13T11:00:00.0;-0.13183998998828592
2022-05-13T12:00:00.0;-0.12942975477528645
2022-05-13T13:00:00.0;-0.13064235392425172
2022-05-13T14:00:00.0;-0.13971291144397505
2022-05-13T15:00:00.0;-0.15739412436666114
2022-05-13T16:00:00.0;-0.18411444709242727
2022-05-13T17:00:00.0;-0.20822016772186377
2022-05-13T18:00:00.0;-0.23145296153311412
2022-05-13T19:00:00.0;-0.24933212477854527
2022-05-13T20:00:00.0;-0.2583156596680944
2022-05-13T21:00:00.0;-0.25309841444602305
2022-05-13T22:00:00.0;-0.24487849939850834
2022-05-13T23:00:00.0;-0.23333907988260763
2022-05-14T00:00:00.0;-0.23078770015328195
2022-05-14T01:00:00.0;-0.22186742655327044
2022-05-14T02:00:00.0;-0.21308653197613026
2022-05-14T03:00:00.0;-0.20318220719304247
2022-05-14T04:00:00.0;-0.19517496155420333
2022-05-14T05:00:00.0;-0.19042639381475487
2022-05-14T06:00:00.0;-0.1915910387500705
2022-05-14T07:00:00.0;-0.18196725983275555
2022-05-14T08:00:00.0;-0.16396462058409653
2022-05-14T09:00:00.0;-0.14393057812003032
2022-05-14T10:00:00.0;-0.13076266798162542
2022-05-14T11:00:00.0;-0.12478520454885901
2022-05-14T12:00:00.0;-0.12557139968952832
2022-05-14T13:00:00.0;-0.13427903916634765
2022-05-14T14:00:00.0;-0.14548342218337035
2022-05-14T15:00:00.0;-0.1619347428971606
2022-05-14T16:00:00.0;-0.18940656272930867
2022-05-14T17:00:00.0;-0.20854970672704107
2022-05-14T18:00:00.0;-0.23157169281416462
2022-05-14T19:00:00.0;-0.2527244301373755
2022-05-14T20:00:00.0;-0.26802502342769813
2022-05-14T21:00:00.0;-0.26990834779517214
2022-05-14T22:00:00.0;-0.26040804242212984
2022-05-14T23:00:00.0;-0.2463543977196703
2022-05-15T00:00:00.0;-0.23135911901426937
2022-05-15T01:00:00.0;-0.22243332053556367
2022-05-15T02:00:00.0;-0.2136476725807812
2022-05-15T03:00:00.0;-0.203734546393729
2022-05-15T04:00:00.0;-0.1957432424341611
2022-05-15T05:00:00.0;-0.19105338411504336
2022-05-15T06:00:00.0;-0.1923134704756148
2022-05-15T07:00:00.0;-0.1827795031410168
2022-05-15T08:00:00.0;-0.1649016826063976
2022-05-15T09:00:00.0;-0.1449823324624088
2022-05-15T10:00:00.0;-0.13186416114824562
2022-05-15T11:00:00.0;-0.12586719679672867
2022-05-15T12:00:00.0;-0.12666331023598848
2022-05-15T13:00:00.0;-0.13534485792236833
2022-05-15T14:00:00.0;-0.1463630137818141
2022-05-15T15:00:00.0;-0.1625676335908383
2022-05-15T16:00:00.0;-0.1898037832552483
2022-05-15T17:00:00.0;-0.2088897495750056
2022-05-15T18:00:00.0;-0.2320087631983411
2022-05-15T19:00:00.0;-0.2533311223272107
2022-05-15T20:00:00.0;-0.26878953981016857
2022-05-15T21:00:00.0;-0.27069702730254597
2022-05-15T22:00:00.0;-0.2611785196536343
2022-05-15T23:00:00.0;-0.24704630678668182
2022-05-16T00:00:00.0;-0.2280089865874976
2022-05-16T01:00:00.0;-0.21856096522801752
2022-05-16T02:00:00.0;-0.2100994296412719
2022-05-16T03:00:00.0;-0.20141651594646331
2022-05-16T04:00:00.0;-0.19553730539013522
2022-05-16T05:00:00.0;-0.19632588484688812
2022-05-16T06:00:00.0;-0.19923129120904526
2022-05-16T07:00:00.0;-0.1928451779199996
2022-05-16T08:00:00.0;-0.17612265001224944
2022-05-16T09:00:00.0;-0.15561133551243317
2022-05-16T10:00:00.0;-0.14068364985048776
2022-05-16T11:00:00.0;-0.13384503973640893
2022-05-16T12:00:00.0;-0.13261600039881155
2022-05-16T13:00:00.0;-0.13640283087175945
2022-05-16T14:00:00.0;-0.14547594607682043
2022-05-16T15:00:00.0;-0.16171276206253687
2022-05-16T16:00:00.0;-0.18773539923102386
2022-05-16T17:00:00.0;-0.2098441473664298
2022-05-16T18:00:00.0;-0.2333642098573685
2022-05-16T19:00:00.0;-0.25306093368392396
2022-05-16T20:00:00.0;-0.26491319115850187
2022-05-16T21:00:00.0;-0.2623375901409379
2022-05-16T22:00:00.0;-0.25358256073619456
2022-05-16T23:00:00.0;-0.24083170774144497
2022-05-17T00:00:00.0;-0.23120711467040736
2022-05-17T01:00:00.0;-0.2223054331204193
2022-05-17T02:00:00.0;-0.21354366565297472
2022-05-17T03:00:00.0;-0.20374030240699725
2022-05-17T04:00:00.0;-0.19583900109788144
2022-05-17T05:00:00.0;-0.19120148931430977
2022-05-17T06:00:00.0;-0.19215222124975073
2022-05-17T07:00:00.0;-0.18244889012872995
2022-05-17T08:00:00.0;-0.1645633520748379
2022-05-17T09:00:00.0;-0.14485919659380425
2022-05-17T10:00:00.0;-0.13194243630503083
2022-05-17T11:00:00.0;-0.1259748996723085
2022-05-17T12:00:00.0;-0.12677719164468063
2022-05-17T13:00:00.0;-0.13516090800366073
2022-05-17T14:00:00.0;-0.14634178404501788
2022-05-17T15:00:00.0;-0.16234456073706796
2022-05-17T16:00:00.0;-0.1892130963471767
2022-05-17T17:00:00.0;-0.20840615203225307
2022-05-17T18:00:00.0;-0.23156479754437106
2022-05-17T19:00:00.0;-0.2530281000826461
2022-05-17T20:00:00.0;-0.2684973056597609
2022-05-17T21:00:00.0;-0.27033181919217514
2022-05-17T22:00:00.0;-0.2609590486119997
2022-05-17T23:00:00.0;-0.24688997110687969
2022-05-18T00:00:00.0;-0.23121374271524708
2022-05-18T01:00:00.0;-0.22230723533143557
2022-05-18T02:00:00.0;-0.2135288696482611
2022-05-18T03:00:00.0;-0.20360706413373508
2022-05-18T04:00:00.0;-0.19560801082300655
2022-05-18T05:00:00.0;-0.1908920482111034
2022-05-18T06:00:00.0;-0.19209296606851964
2022-05-18T07:00:00.0;-0.18237080008328707
2022-05-18T08:00:00.0;-0.1643008197498296
2022-05-18T09:00:00.0;-0.14426274696597594
2022-05-18T10:00:00.0;-0.13112376178209345
2022-05-18T11:00:00.0;-0.1251342223729815
2022-05-18T12:00:00.0;-0.12596938451852704
2022-05-18T13:00:00.0;-0.13473655298994405
2022-05-18T14:00:00.0;-0.14582955145701315
2022-05-18T15:00:00.0;-0.16208061929535036
2022-05-18T16:00:00.0;-0.18940368374209368
2022-05-18T17:00:00.0;-0.20841634493372327
2022-05-18T18:00:00.0;-0.2316151460894243
2022-05-18T19:00:00.0;-0.2530738499521823
2022-05-18T20:00:00.0;-0.26866872701343286
2022-05-18T21:00:00.0;-0.2706330168821953
2022-05-18T22:00:00.0;-0.26111537568343024
2022-05-18T23:00:00.0;-0.24695058982206286
2022-05-19T00:00:00.0;-0.23153242523669437
2022-05-19T01:00:00.0;-0.22258543751292012
2022-05-19T02:00:00.0;-0.21379856091259497
2022-05-19T03:00:00.0;-0.20395022970198926
2022-05-19T04:00:00.0;-0.1960131129591809
2022-05-19T05:00:00.0;-0.19139086335149025
2022-05-19T06:00:00.0;-0.19260809370499268
2022-05-19T07:00:00.0;-0.18331104293915568
2022-05-19T08:00:00.0;-0.16575082046907283
2022-05-19T09:00:00.0;-0.14612847351175062
2022-05-19T10:00:00.0;-0.13313736673425483
2022-05-19T11:00:00.0;-0.12714147689109814
2022-05-19T12:00:00.0;-0.12787516365955195
2022-05-19T13:00:00.0;-0.13627716562973818
2022-05-19T14:00:00.0;-0.14724479959790146
2022-05-19T15:00:00.0;-0.1632793175502648
2022-05-19T16:00:00.0;-0.19020178654398337
2022-05-19T17:00:00.0;-0.20945932436380585
2022-05-19T18:00:00.0;-0.23246315669115858
2022-05-19T19:00:00.0;-0.25362223518357013
2022-05-19T20:00:00.0;-0.2688575466616536
2022-05-19T21:00:00.0;-0.2706366724597489
2022-05-19T22:00:00.0;-0.26118348937114105
2022-05-19T23:00:00.0;-0.24713463872542196
2022-05-20T00:00:00.0;-0.23157542280225896
2022-05-20T01:00:00.0;-0.22262436314978917
2022-05-20T02:00:00.0;-0.21384206680016013
2022-05-20T03:00:00.0;-0.20404550086055523
2022-05-20T04:00:00.0;-0.19615129113269392
2022-05-20T05:00:00.0;-0.19156973321167964
2022-05-20T06:00:00.0;-0.19270200501251405
2022-05-20T07:00:00.0;-0.18347196702768245
2022-05-20T08:00:00.0;-0.16604856415800354
2022-05-20T09:00:00.0;-0.14660181212403348
2022-05-20T10:00:00.0;-0.13370925404167072
2022-05-20T11:00:00.0;-0.12772013701456686
2022-05-20T12:00:00.0;-0.1284279293532846
2022-05-20T13:00:00.0;-0.1366442445311448
2022-05-20T14:00:00.0;-0.14762471063500493
2022-05-20T15:00:00.0;-0.1635418230294284
2022-05-20T16:00:00.0;-0.1902487727479142
2022-05-20T17:00:00.0;-0.2096040576994445
2022-05-20T18:00:00.0;-0.2325661612972694
2022-05-20T19:00:00.0;-0.25368424379003984
2022-05-20T20:00:00.0;-0.26882459207049875
2022-05-20T21:00:00.0;-0.27053211881379907
2022-05-20T22:00:00.0;-0.26113863866861886
2022-05-20T23:00:00.0;-0.2471396595497035
2022-05-21T00:00:00.0;-0.2207047184355143
2022-05-21T01:00:00.0;-0.2111909769369333
2022-05-21T02:00:00.0;-0.20315164389761906
2022-05-21T03:00:00.0;-0.1953713219333237
2022-05-21T04:00:00.0;-0.19107599043974968
2022-05-21T05:00:00.0;-0.19580732700593545
2022-05-21T06:00:00.0;-0.19870368721573403
2022-05-21T07:00:00.0;-0.1912074295200868
2022-05-21T08:00:00.0;-0.17151465775282412
2022-05-21T09:00:00.0;-0.14795112741933186
2022-05-21T10:00:00.0;-0.13095969183133482
2022-05-21T11:00:00.0;-0.12361144816355236
2022-05-21T12:00:00.0;-0.12136830572345596
2022-05-21T13:00:00.0;-0.12270004543365313
2022-05-21T14:00:00.0;-0.13210551741659404
2022-05-21T15:00:00.0;-0.15000452518283508
2022-05-21T16:00:00.0;-0.17735380410094334
2022-05-21T17:00:00.0;-0.20083229710943704
2022-05-21T18:00:00.0;-0.2258577960355941
2022-05-21T19:00:00.0;-0.24617048390919774
2022-05-21T20:00:00.0;-0.2570114726842069
2022-05-21T21:00:00.0;-0.2516365546598319
2022-05-21T22:00:00.0;-0.2435973059791165
2022-05-21T23:00:00.0;-0.23165471598729118
2022-05-22T00:00:00.0;-0.23121374271524708
2022-05-22T01:00:00.0;-0.22230723533143557
2022-05-22T02:00:00.0;-0.2135288696482611
2022-05-22T03:00:00.0;-0.20360706413373508
2022-05-22T04:00:00.0;-0.19560801082300655
2022-05-22T05:00:00.0;-0.1908920482111034
2022-05-22T06:00:00.0;-0.19209296606851964
2022-05-22T07:00:00.0;-0.18237080008328707
2022-05-22T08:00:00.0;-0.1643008197498296
2022-05-22T09:00:00.0;-0.14426274696597594
2022-05-22T10:00:00.0;-0.13112376178209345
2022-05-22T11:00:00.0;-0.1251342223729815
2022-05-22T12:00:00.0;-0.12596938451852704
2022-05-22T13:00:00.0;-0.13473655298994405
2022-05-22T14:00:00.0;-0.14582955145701315
2022-05-22T15:00:00.0;-0.16208061929535036
2022-05-22T16:00:00.0;-0.18940368374209368
2022-05-22T17:00:00.0;-0.20841634493372327
2022-05-22T18:00:00.0;-0.2316151460894243
2022-05-22T19:00:00.0;-0.2530738499521823
2022-05-22T20:00:00.0;-0.26866872701343286
2022-05-22T21:00:00.0;-0.2706330168821953
2022-05-22T22:00:00.0;-0.26111537568343024
2022-05-22T23:00:00.0;-0.24695058982206286
2022-05-23T00:00:00.0;-0.23251228219581185
2022-05-23T01:00:00.0;-0.2234334616597747
2022-05-23T02:00:00.0;-0.2145900488041605
2022-05-23T03:00:00.0;-0.20474576933387473
2022-05-23T04:00:00.0;-0.19681593527345387
2022-05-23T05:00:00.0;-0.19233314309594793
2022-05-23T06:00:00.0;-0.19406256964336158
2022-05-23T07:00:00.0;-0.18602144368791065
2022-05-23T08:00:00.0;-0.16966788540568867
2022-05-23T09:00:00.0;-0.15069027458254136
2022-05-23T10:00:00.0;-0.13773720437761772
2022-05-23T11:00:00.0;-0.1316813434228436
2022-05-23T12:00:00.0;-0.13216771221542847
2022-05-23T13:00:00.0;-0.1401700932319753
2022-05-23T14:00:00.0;-0.1505945777701513
2022-05-23T15:00:00.0;-0.16643075954891084
2022-05-23T16:00:00.0;-0.192977478215334
2022-05-23T17:00:00.0;-0.2126449201631246
2022-05-23T18:00:00.0;-0.23513103801673116
2022-05-23T19:00:00.0;-0.25537187472293155
2022-05-23T20:00:00.0;-0.26974785880708707
2022-05-23T21:00:00.0;-0.27120477485479394
2022-05-23T22:00:00.0;-0.2616793942945865
2022-05-23T23:00:00.0;-0.24780555901823473
2022-05-24T00:00:00.0;-0.22493319775836632
2022-05-24T01:00:00.0;-0.215212767598443
2022-05-24T02:00:00.0;-0.20701532978161338
2022-05-24T03:00:00.0;-0.19915558344363288
2022-05-24T04:00:00.0;-0.19472492609838252
2022-05-24T05:00:00.0;-0.19924119439477248
2022-05-24T06:00:00.0;-0.20301280111779182
2022-05-24T07:00:00.0;-0.1979137856732347
2022-05-24T08:00:00.0;-0.18105615138213607
2022-05-24T09:00:00.0;-0.15954219239120654
2022-05-24T10:00:00.0;-0.1432379841509862
2022-05-24T11:00:00.0;-0.1358435457055426
2022-05-24T12:00:00.0;-0.13338162685258162
2022-05-24T13:00:00.0;-0.13414540870601735
2022-05-24T14:00:00.0;-0.14221869320562716
2022-05-24T15:00:00.0;-0.1587074092811312
2022-05-24T16:00:00.0;-0.1843047517280207
2022-05-24T17:00:00.0;-0.20817958959170826
2022-05-24T18:00:00.0;-0.23237574538240124
2022-05-24T19:00:00.0;-0.25160101494510306
2022-05-24T20:00:00.0;-0.26158820343246764
2022-05-24T21:00:00.0;-0.2561370900081634
2022-05-24T22:00:00.0;-0.24792378390768677
2022-05-24T23:00:00.0;-0.23598457497884132
2022-05-25T00:00:00.0;-0.23459421957046755
2022-05-25T01:00:00.0;-0.225239130813762
2022-05-25T02:00:00.0;-0.21629142837631768
2022-05-25T03:00:00.0;-0.2065714457575553
2022-05-25T04:00:00.0;-0.1987525903361501
2022-05-25T05:00:00.0;-0.19464363834548634
2022-05-25T06:00:00.0;-0.1972204184089112
2022-05-25T07:00:00.0;-0.19187448972599344
2022-05-25T08:00:00.0;-0.17827285641227236
2022-05-25T09:00:00.0;-0.16099547528829058
2022-05-25T10:00:00.0;-0.14834048099788164
2022-05-25T11:00:00.0;-0.1421782872694602
2022-05-25T12:00:00.0;-0.14210543862705072
2022-05-25T13:00:00.0;-0.14888164238076257
2022-05-25T14:00:00.0;-0.15823430418665238
2022-05-25T15:00:00.0;-0.1734053026524773
2022-05-25T16:00:00.0;-0.1987073126905561
2022-05-25T17:00:00.0;-0.21942455909085679
2022-05-25T18:00:00.0;-0.2407680378294183
2022-05-25T19:00:00.0;-0.259056278416246
2022-05-25T20:00:00.0;-0.2714780216916309
2022-05-25T21:00:00.0;-0.27212146958008077
2022-05-25T22:00:00.0;-0.2625836805670815
2022-05-25T23:00:00.0;-0.24917632390473274
2022-05-26T00:00:00.0;-0.22266462888445937
2022-05-26T01:00:00.0;-0.21309065609801725
2022-05-26T02:00:00.0;-0.2050318465550917
2022-05-26T03:00:00.0;-0.19726533701525353
2022-05-26T04:00:00.0;-0.19308000444119952
2022-05-26T05:00:00.0;-0.198161041010705
2022-05-26T06:00:00.0;-0.20149041171464396
2022-05-26T07:00:00.0;-0.19465132610064922
2022-05-26T08:00:00.0;-0.1756878165415024
2022-05-26T09:00:00.0;-0.15266400573068267
2022-05-26T10:00:00.0;-0.13582237080401421
2022-05-26T11:00:00.0;-0.1283818702417421
2022-05-26T12:00:00.0;-0.12606162357155998
2022-05-26T13:00:00.0;-0.12706341875020766
2022-05-26T14:00:00.0;-0.13571785670745537
2022-05-26T15:00:00.0;-0.15276539273847312
2022-05-26T16:00:00.0;-0.17920475477375597
2022-05-26T17:00:00.0;-0.20268908450177114
2022-05-26T18:00:00.0;-0.22790045071228113
2022-05-26T19:00:00.0;-0.2484910636822526
2022-05-26T20:00:00.0;-0.2595283018621944
2022-05-26T21:00:00.0;-0.2540374937062356
2022-05-26T22:00:00.0;-0.24595658713221713
2022-05-26T23:00:00.0;-0.23384996319076512
2022-05-27T00:00:00.0;-0.2192905425694622
2022-05-27T01:00:00.0;-0.209756050352849
2022-05-27T02:00:00.0;-0.20163363983610366
2022-05-27T03:00:00.0;-0.1937519606649924
2022-05-27T04:00:00.0;-0.18906545634851255
2022-05-27T05:00:00.0;-0.19273322734461362
2022-05-27T06:00:00.0;-0.1952678086662321
2022-05-27T07:00:00.0;-0.18811685813342313
2022-05-27T08:00:00.0;-0.168953635913096
2022-05-27T09:00:00.0;-0.1457412838618239
2022-05-27T10:00:00.0;-0.12894635612302544
2022-05-27T11:00:00.0;-0.12179257239409531
2022-05-27T12:00:00.0;-0.11956119921394195
2022-05-27T13:00:00.0;-0.12125140952884364
2022-05-27T14:00:00.0;-0.13143989992125002
2022-05-27T15:00:00.0;-0.15031035768976952
2022-05-27T16:00:00.0;-0.1784929015908805
2022-05-27T17:00:00.0;-0.20228827809636238
2022-05-27T18:00:00.0;-0.22615020058121224
2022-05-27T19:00:00.0;-0.2448507648997904
2022-05-27T20:00:00.0;-0.25448148006340043
2022-05-27T21:00:00.0;-0.24933563554524887
2022-05-27T22:00:00.0;-0.24125600875834197
2022-05-27T23:00:00.0;-0.22973072438375175
2022-05-28T00:00:00.0;-0.22154148488637035
2022-05-28T01:00:00.0;-0.21204002156697296
2022-05-28T02:00:00.0;-0.20404984538827617
2022-05-28T03:00:00.0;-0.19632949638226133
2022-05-28T04:00:00.0;-0.19226562145823548
2022-05-28T05:00:00.0;-0.19762626871250202
2022-05-28T06:00:00.0;-0.20073669312995973
2022-05-28T07:00:00.0;-0.19303611753012567
2022-05-28T08:00:00.0;-0.1730300118235852
2022-05-28T09:00:00.0;-0.1492586896504179
2022-05-28T10:00:00.0;-0.13215098056385077
2022-05-28T11:00:00.0;-0.12468767514400951
2022-05-28T12:00:00.0;-0.12243756884453173
2022-05-28T13:00:00.0;-0.1235572018551059
2022-05-28T14:00:00.0;-0.13249936262536682
2022-05-28T15:00:00.0;-0.1498235643932139
2022-05-28T16:00:00.0;-0.17667980125114596
2022-05-28T17:00:00.0;-0.19997079461021497
2022-05-28T18:00:00.0;-0.22568478055730418
2022-05-28T19:00:00.0;-0.24695136033209406
2022-05-28T20:00:00.0;-0.25850846679704953
2022-05-28T21:00:00.0;-0.2529980062072914
2022-05-28T22:00:00.0;-0.2449826492117767
2022-05-28T23:00:00.0;-0.23279313990203732
2022-05-29T00:00:00.0;-0.22158788202977717
2022-05-29T01:00:00.0;-0.21208927267233496
2022-05-29T02:00:00.0;-0.2040953156037862
2022-05-29T03:00:00.0;-0.1963644063650794
2022-05-29T04:00:00.0;-0.19228165466593344
2022-05-29T05:00:00.0;-0.19759396512838914
2022-05-29T06:00:00.0;-0.20069522977661097
2022-05-29T07:00:00.0;-0.1929849567492806
2022-05-29T08:00:00.0;-0.17298813850055791
2022-05-29T09:00:00.0;-0.14923472446325237
2022-05-29T10:00:00.0;-0.13214605306729615
2022-05-29T11:00:00.0;-0.12468981719979287
2022-05-29T12:00:00.0;-0.12245451071696854
2022-05-29T13:00:00.0;-0.12361082841955189
2022-05-29T14:00:00.0;-0.1325633066076101
2022-05-29T15:00:00.0;-0.14988236062715443
2022-05-29T16:00:00.0;-0.1767408368243357
2022-05-29T17:00:00.0;-0.20001130732363123
2022-05-29T18:00:00.0;-0.22571322810542757
2022-05-29T19:00:00.0;-0.24698072948601196
2022-05-29T20:00:00.0;-0.2585572048537319
2022-05-29T21:00:00.0;-0.25308260011842787
2022-05-29T22:00:00.0;-0.24506003677080287
2022-05-29T23:00:00.0;-0.23286105219778416
2022-05-30T00:00:00.0;-0.23120608436246054
2022-05-30T01:00:00.0;-0.22230515297259643
2022-05-30T02:00:00.0;-0.2135459656436366
2022-05-30T03:00:00.0;-0.20376101386189568
2022-05-30T04:00:00.0;-0.19587490778252176
2022-05-30T05:00:00.0;-0.19124959092427407
2022-05-30T06:00:00.0;-0.1921614322743574
2022-05-30T07:00:00.0;-0.18246102897153096
2022-05-30T08:00:00.0;-0.16460416186826785
2022-05-30T09:00:00.0;-0.14495191274257663
2022-05-30T10:00:00.0;-0.13206969658875534
2022-05-30T11:00:00.0;-0.12610558021584028
2022-05-30T12:00:00.0;-0.12690276262702918
2022-05-30T13:00:00.0;-0.1352268726061156
2022-05-30T14:00:00.0;-0.14642140892970165
2022-05-30T15:00:00.0;-0.1623855895730932
2022-05-30T16:00:00.0;-0.1891834701584144
2022-05-30T17:00:00.0;-0.20840456757897313
2022-05-30T18:00:00.0;-0.23155697102730102
2022-05-30T19:00:00.0;-0.2530209884146823
2022-05-30T20:00:00.0;-0.26847065876958226
2022-05-30T21:00:00.0;-0.270284998993897
2022-05-30T22:00:00.0;-0.26093474807875155
2022-05-30T23:00:00.0;-0.2468805481253686
2022-05-31T00:00:00.0;-0.23121084379369267
2022-05-31T01:00:00.0;-0.22230644709471012
2022-05-31T02:00:00.0;-0.21353534100716415
2022-05-31T03:00:00.0;-0.20366533883035698
2022-05-31T04:00:00.0;-0.195709039512897
2022-05-31T05:00:00.0;-0.19102738910055048
2022-05-31T06:00:00.0;-0.19211888262856633
2022-05-31T07:00:00.0;-0.18240495448649238
2022-05-31T08:00:00.0;-0.16441564405082604
2022-05-31T09:00:00.0;-0.14452361736200353
2022-05-31T10:00:00.0;-0.13148182713590043
2022-05-31T11:00:00.0;-0.1255019111261883
2022-05-31T12:00:00.0;-0.12632269677673214
2022-05-31T13:00:00.0;-0.13492215401192414
2022-05-31T14:00:00.0;-0.14605358767374713
2022-05-31T15:00:00.0;-0.16219605990460964
2022-05-31T16:00:00.0;-0.18932032614260805
2022-05-31T17:00:00.0;-0.20841188684351894
2022-05-31T18:00:00.0;-0.23159312504309507
2022-05-31T19:00:00.0;-0.25305384023798805
2022-05-31T20:00:00.0;-0.2685937521046835
2022-05-31T21:00:00.0;-0.27050128143126667
2022-05-31T22:00:00.0;-0.2610470025918376
2022-05-31T23:00:00.0;-0.24692407689037724
2022-06-01T00:00:00.0;-0.23120960451837658
2022-06-01T01:00:00.0;-0.2223061101272211
2022-06-01T02:00:00.0;-0.21353810748262742
2022-06-01T03:00:00.0;-0.20369025098879986
2022-06-01T04:00:00.0;-0.1957522288021722
2022-06-01T05:00:00.0;-0.19108524669359095
2022-06-01T06:00:00.0;-0.1921299618359686
2022-06-01T07:00:00.0;-0.18241955533306037
2022-06-01T08:00:00.0;-0.16446473089889796
2022-06-01T09:00:00.0;-0.14463513822810198
2022-06-01T10:00:00.0;-0.13163489838884618
2022-06-01T11:00:00.0;-0.12565909633706954
2022-06-01T12:00:00.0;-0.12647373610368612
2022-06-01T13:00:00.0;-0.13500149757499283
2022-06-01T14:00:00.0;-0.14614936210161644
2022-06-01T15:00:00.0;-0.1622454102215623
2022-06-01T16:00:00.0;-0.1892846911612837
2022-06-01T17:00:00.0;-0.20840998103094568
2022-06-01T18:00:00.0;-0.2315837111494666
2022-06-01T19:00:00.0;-0.25304528617937766
2022-06-01T20:00:00.0;-0.26856170068418245
2022-06-01T21:00:00.0;-0.27044496514621813
2022-06-01T22:00:00.0;-0.2610177734170889
2022-06-01T23:00:00.0;-0.24691274273690714
2022-06-02T00:00:00.0;-0.23121374271524708
2022-06-02T01:00:00.0;-0.22230723533143557
2022-06-02T02:00:00.0;-0.2135288696482611
2022-06-02T03:00:00.0;-0.20360706413373508
2022-06-02T04:00:00.0;-0.19560801082300655
2022-06-02T05:00:00.0;-0.1908920482111034
2022-06-02T06:00:00.0;-0.19209296606851964
2022-06-02T07:00:00.0;-0.18237080008328707
2022-06-02T08:00:00.0;-0.1643008197498296
2022-06-02T09:00:00.0;-0.14426274696597594
2022-06-02T10:00:00.0;-0.13112376178209345
2022-06-02T11:00:00.0;-0.1251342223729815
2022-06-02T12:00:00.0;-0.12596938451852704
2022-06-02T13:00:00.0;-0.13473655298994405
2022-06-02T14:00:00.0;-0.14582955145701315
2022-06-02T15:00:00.0;-0.16208061929535036
2022-06-02T16:00:00.0;-0.18940368374209368
2022-06-02T17:00:00.0;-0.20841634493372327
2022-06-02T18:00:00.0;-0.2316151460894243
2022-06-02T19:00:00.0;-0.2530738499521823
2022-06-02T20:00:00.0;-0.26866872701343286
2022-06-02T21:00:00.0;-0.2706330168821953
2022-06-02T22:00:00.0;-0.26111537568343024
2022-06-02T23:00:00.0;-0.24695058982206286
2022-06-03T00:00:00.0;-0.22979464698679344
2022-06-03T01:00:00.0;-0.2208008487716429
2022-06-03T02:00:00.0;-0.21213812479062374
2022-06-03T03:00:00.0;-0.20253931289174326
2022-06-03T04:00:00.0;-0.19511762165490407
2022-06-03T05:00:00.0;-0.19188008055237005
2022-06-03T06:00:00.0;-0.19336115767050396
2022-06-03T07:00:00.0;-0.1839355956769513
2022-06-03T08:00:00.0;-0.16558155061989951
2022-06-03T09:00:00.0;-0.14499574241011354
2022-06-03T10:00:00.0;-0.13127447341645737
2022-06-03T11:00:00.0;-0.12506870579180693
2022-06-03T12:00:00.0;-0.12545120307368499
2022-06-03T13:00:00.0;-0.1330963393270113
2022-06-03T14:00:00.0;-0.14387377087659964
2022-06-03T15:00:00.0;-0.16028228693461516
2022-06-03T16:00:00.0;-0.1875368593034045
2022-06-03T17:00:00.0;-0.2071772294551481
2022-06-03T18:00:00.0;-0.23074505385825209
2022-06-03T19:00:00.0;-0.25217556963117704
2022-06-03T20:00:00.0;-0.2671780324798359
2022-06-03T21:00:00.0;-0.26804564082556503
2022-06-03T22:00:00.0;-0.2587484119786493
2022-06-03T23:00:00.0;-0.24487343502917436
2022-06-04T00:00:00.0;-0.21838742389553914
2022-06-04T01:00:00.0;-0.20883967988938396
2022-06-04T02:00:00.0;-0.20066421457015507
2022-06-04T03:00:00.0;-0.19271780682573866
2022-06-04T04:00:00.0;-0.1877814923621774
2022-06-04T05:00:00.0;-0.1907700508569602
2022-06-04T06:00:00.0;-0.19307359353791892
2022-06-04T07:00:00.0;-0.18614316249952698
2022-06-04T08:00:00.0;-0.16731812034299923
2022-06-04T09:00:00.0;-0.1443300371907818
2022-06-04T10:00:00.0;-0.12766060297258705
2022-06-04T11:00:00.0;-0.12063100493111165
2022-06-04T12:00:00.0;-0.11840714781645478
2022-06-04T13:00:00.0;-0.12032628404144494
2022-06-04T14:00:00.0;-0.1310148243672362
2022-06-04T15:00:00.0;-0.15050566794412729
2022-06-04T16:00:00.0;-0.17922035016306767
2022-06-04T17:00:00.0;-0.20321809428806423
2022-06-04T18:00:00.0;-0.2263369354929209
2022-06-04T19:00:00.0;-0.24400796810885497
2022-06-04T20:00:00.0;-0.25286578032223844
2022-06-04T21:00:00.0;-0.24786622635120878
2022-06-04T22:00:00.0;-0.2397608133643005
2022-06-04T23:00:00.0;-0.2285020280190779
2022-06-05T00:00:00.0;-0.22226282327755648
2022-06-05T01:00:00.0;-0.21292282478493196
2022-06-05T02:00:00.0;-0.20439287726243216
2022-06-05T03:00:00.0;-0.19551885929032584
2022-06-05T04:00:00.0;-0.1888864517132028
2022-06-05T05:00:00.0;-0.18749926018243593
2022-06-05T06:00:00.0;-0.18899163538909022
2022-06-05T07:00:00.0;-0.1814777556015566
2022-06-05T08:00:00.0;-0.16386448465353015
2022-06-05T09:00:00.0;-0.14268717589602856
2022-06-05T10:00:00.0;-0.12768753618273246
2022-06-05T11:00:00.0;-0.12125301837202053
2022-06-05T12:00:00.0;-0.12030601978110901
2022-06-05T13:00:00.0;-0.12543750400659176
2022-06-05T14:00:00.0;-0.1371279497396074
2022-06-05T15:00:00.0;-0.15627433084640494
2022-06-05T16:00:00.0;-0.1852189127530814
2022-06-05T17:00:00.0;-0.2075998826531361
2022-06-05T18:00:00.0;-0.2292876012693458
2022-06-05T19:00:00.0;-0.24656968634711246
2022-06-05T20:00:00.0;-0.25675479281545666
2022-06-05T21:00:00.0;-0.2548696996709481
2022-06-05T22:00:00.0;-0.2461581883132566
2022-06-05T23:00:00.0;-0.23418682731768603
2022-06-06T00:00:00.0;-0.2262587786664811
2022-06-06T01:00:00.0;-0.21651014701626287
2022-06-06T02:00:00.0;-0.208222429297362
2022-06-06T03:00:00.0;-0.20022332020402794
2022-06-06T04:00:00.0;-0.19551336458769653
2022-06-06T05:00:00.0;-0.1993387835995699
2022-06-06T06:00:00.0;-0.20319022893972594
2022-06-06T07:00:00.0;-0.19866376447660308
2022-06-06T08:00:00.0;-0.18270526889841734
2022-06-06T09:00:00.0;-0.16194631284642708
2022-06-06T10:00:00.0;-0.1460350624949842
2022-06-06T11:00:00.0;-0.1387276448853673
2022-06-06T12:00:00.0;-0.13635653973321252
2022-06-06T13:00:00.0;-0.13738884141065758
2022-06-06T14:00:00.0;-0.14534033946867952
2022-06-06T15:00:00.0;-0.16156413793542107
2022-06-06T16:00:00.0;-0.18686035876259105
2022-06-06T17:00:00.0;-0.21068372431469398
2022-06-06T18:00:00.0;-0.23437198866116418
2022-06-06T19:00:00.0;-0.2530824083852976
2022-06-06T20:00:00.0;-0.2628566799570041
2022-06-06T21:00:00.0;-0.2577725142992949
2022-06-06T22:00:00.0;-0.24943771731319989
2022-06-06T23:00:00.0;-0.23746980187742892
2022-06-07T00:00:00.0;-0.22989688687764587
2022-06-07T01:00:00.0;-0.22072177409137542
2022-06-07T02:00:00.0;-0.21208104783128537
2022-06-07T03:00:00.0;-0.2027365009785986
2022-06-07T04:00:00.0;-0.19571771921216927
2022-06-07T05:00:00.0;-0.19355348993902372
2022-06-07T06:00:00.0;-0.19559824757021618
2022-06-07T07:00:00.0;-0.18760374602966168
2022-06-07T08:00:00.0;-0.1703536524600048
2022-06-07T09:00:00.0;-0.15022333976043367
2022-06-07T10:00:00.0;-0.13628596056844203
2022-06-07T11:00:00.0;-0.12989924676186376
2022-06-07T12:00:00.0;-0.12974675694572294
2022-06-07T13:00:00.0;-0.13614003010747164
2022-06-07T14:00:00.0;-0.14622807970845836
2022-06-07T15:00:00.0;-0.1624237934899164
2022-06-07T16:00:00.0;-0.18905915208418123
2022-06-07T17:00:00.0;-0.20956867637427834
2022-06-07T18:00:00.0;-0.23283094367711485
2022-06-07T19:00:00.0;-0.25333832833595005
2022-06-07T20:00:00.0;-0.26707347517407926
2022-06-07T21:00:00.0;-0.26689614096776776
2022-06-07T22:00:00.0;-0.2577273109408299
2022-06-07T23:00:00.0;-0.244245167843487
2022-06-08T00:00:00.0;-0.2349267017557028
2022-06-08T01:00:00.0;-0.2255274933905801
2022-06-08T02:00:00.0;-0.21656313606788982
2022-06-08T03:00:00.0;-0.2068630034644619
2022-06-08T04:00:00.0;-0.19906187116041055
2022-06-08T05:00:00.0;-0.19501262087055835
2022-06-08T06:00:00.0;-0.19772472198258903
2022-06-08T07:00:00.0;-0.192809212144023
2022-06-08T08:00:00.0;-0.17964705700013972
2022-06-08T09:00:00.0;-0.16264119993478818
2022-06-08T10:00:00.0;-0.15003380790784318
2022-06-08T11:00:00.0;-0.14385463299959625
2022-06-08T12:00:00.0;-0.14369247819597752
2022-06-08T13:00:00.0;-0.15027286333343512
2022-06-08T14:00:00.0;-0.15945435670335106
2022-06-08T15:00:00.0;-0.17451912642081938
2022-06-08T16:00:00.0;-0.19962235841217546
2022-06-08T17:00:00.0;-0.22050725696315526
2022-06-08T18:00:00.0;-0.24166825799872232
2022-06-08T19:00:00.0;-0.2596446719991436
2022-06-08T20:00:00.0;-0.27175432603376376
2022-06-08T21:00:00.0;-0.2722678643127789
2022-06-08T22:00:00.0;-0.26272809368902134
2022-06-08T23:00:00.0;-0.24939523294131316
2022-06-09T00:00:00.0;-0.23121374271524708
2022-06-09T01:00:00.0;-0.22230723533143557
2022-06-09T02:00:00.0;-0.2135288696482611
2022-06-09T03:00:00.0;-0.20360706413373508
2022-06-09T04:00:00.0;-0.19560801082300655
2022-06-09T05:00:00.0;-0.1908920482111034
2022-06-09T06:00:00.0;-0.19209296606851964
2022-06-09T07:00:00.0;-0.18237080008328707
2022-06-09T08:00:00.0;-0.1643008197498296
2022-06-09T09:00:00.0;-0.14426274696597594
2022-06-09T10:00:00.0;-0.13112376178209345
2022-06-09T11:00:00.0;-0.1251342223729815
2022-06-09T12:00:00.0;-0.12596938451852704
2022-06-09T13:00:00.0;-0.13473655298994405
2022-06-09T14:00:00.0;-0.14582955145701315
2022-06-09T15:00:00.0;-0.16208061929535036
2022-06-09T16:00:00.0;-0.18940368374209368
2022-06-09T17:00:00.0;-0.20841634493372327
2022-06-09T18:00:00.0;-0.2316151460894243
2022-06-09T19:00:00.0;-0.2530738499521823
2022-06-09T20:00:00.0;-0.26866872701343286
2022-06-09T21:00:00.0;-0.2706330168821953
2022-06-09T22:00:00.0;-0.26111537568343024
2022-06-09T23:00:00.0;-0.24695058982206286
2022-06-10T00:00:00.0;-0.23027249266854766
2022-06-10T01:00:00.0;-0.22081554754697208
2022-06-10T02:00:00.0;-0.2121935113151773
2022-06-10T03:00:00.0;-0.20321458905851827
2022-06-10T04:00:00.0;-0.19676550482110103
2022-06-10T05:00:00.0;-0.1961276922841468
2022-06-10T06:00:00.0;-0.19904732905956563
2022-06-10T07:00:00.0;-0.19333514555332448
2022-06-10T08:00:00.0;-0.1779213689076597
2022-06-10T09:00:00.0;-0.1586122640862894
2022-06-10T10:00:00.0;-0.14440954289919164
2022-06-10T11:00:00.0;-0.1377606233840718
2022-06-10T12:00:00.0;-0.13680535095463522
2022-06-10T13:00:00.0;-0.14132939085670476
2022-06-10T14:00:00.0;-0.15034346763869072
2022-06-10T15:00:00.0;-0.16617005083359201
2022-06-10T16:00:00.0;-0.1918090282106576
2022-06-10T17:00:00.0;-0.21363866837612794
2022-06-10T18:00:00.0;-0.23634981556094045
2022-06-10T19:00:00.0;-0.25536087469448915
2022-06-10T20:00:00.0;-0.2671235126571927
2022-06-10T21:00:00.0;-0.2654095390137781
2022-06-10T22:00:00.0;-0.2564168851459669
2022-06-10T23:00:00.0;-0.2435304977993248
2022-06-11T00:00:00.0;-0.22313334126942655
2022-06-11T01:00:00.0;-0.2137297955635229
2022-06-11T02:00:00.0;-0.2056098994666892
2022-06-11T03:00:00.0;-0.1975272356157752
2022-06-11T04:00:00.0;-0.19281571058314334
2022-06-11T05:00:00.0;-0.1965179533553519
2022-06-11T06:00:00.0;-0.1993141119354149
2022-06-11T07:00:00.0;-0.19128082378636466
2022-06-11T08:00:00.0;-0.17159336483098275
2022-06-11T09:00:00.0;-0.14843645937158179
2022-06-11T10:00:00.0;-0.13198192130142564
2022-06-11T11:00:00.0;-0.12476116771103485
2022-06-11T12:00:00.0;-0.12301883367678655
2022-06-11T13:00:00.0;-0.12539709506073246
2022-06-11T14:00:00.0;-0.13469323985180393
2022-06-11T15:00:00.0;-0.15184082566029722
2022-06-11T16:00:00.0;-0.17877389281888742
2022-06-11T17:00:00.0;-0.20136075995530342
2022-06-11T18:00:00.0;-0.22666079778029194
2022-06-11T19:00:00.0;-0.24795899726179166
2022-06-11T20:00:00.0;-0.2601806384207913
2022-06-11T21:00:00.0;-0.25590036931679194
2022-06-11T22:00:00.0;-0.24763776697893652
2022-06-11T23:00:00.0;-0.23512316743249742
2022-06-12T00:00:00.0;-0.23080295184729005
2022-06-12T01:00:00.0;-0.22187117606498258
2022-06-12T02:00:00.0;-0.21312628561131372
2022-06-12T03:00:00.0;-0.20329797824850168
2022-06-12T04:00:00.0;-0.19546605606409748
2022-06-12T05:00:00.0;-0.19117805757248793
2022-06-12T06:00:00.0;-0.19246007416311073
2022-06-12T07:00:00.0;-0.18282376722793287
2022-06-12T08:00:00.0;-0.16467155763254362
2022-06-12T09:00:00.0;-0.14447492985728372
2022-06-12T10:00:00.0;-0.13116738883406057
2022-06-12T11:00:00.0;-0.12511525704688922
2022-06-12T12:00:00.0;-0.12581938462689335
2022-06-12T13:00:00.0;-0.13426175429897388
2022-06-12T14:00:00.0;-0.14526340444800406
2022-06-12T15:00:00.0;-0.16156004940247454
2022-06-12T16:00:00.0;-0.18886328719511217
2022-06-12T17:00:00.0;-0.2080576536116815
2022-06-12T18:00:00.0;-0.23136327728615802
2022-06-12T19:00:00.0;-0.25281382143871717
2022-06-12T20:00:00.0;-0.2682372101756066
2022-06-12T21:00:00.0;-0.2698840396041137
2022-06-12T22:00:00.0;-0.26043020198075884
2022-06-12T23:00:00.0;-0.24634930817266942
2022-06-13T00:00:00.0;-0.2272598087487435
2022-06-13T01:00:00.0;-0.2181100886090372
2022-06-13T02:00:00.0;-0.20965392786590184
2022-06-13T03:00:00.0;-0.2006320584178851
2022-06-13T04:00:00.0;-0.19424167143540325
2022-06-13T05:00:00.0;-0.19364493834797614
2022-06-13T06:00:00.0;-0.19562644569965384
2022-06-13T07:00:00.0;-0.18673068809110044
2022-06-13T08:00:00.0;-0.1678692367266302
2022-06-13T09:00:00.0;-0.1463050444133977
2022-06-13T10:00:00.0;-0.1315436797892515
2022-06-13T11:00:00.0;-0.12495167779161094
2022-06-13T12:00:00.0;-0.12452560932105988
2022-06-13T13:00:00.0;-0.13016653252961888
2022-06-13T14:00:00.0;-0.1403802874553861
2022-06-13T15:00:00.0;-0.15707004300961822
2022-06-13T16:00:00.0;-0.18420227244218407
2022-06-13T17:00:00.0;-0.2049638782107789
2022-06-13T18:00:00.0;-0.22919086479687784
2022-06-13T19:00:00.0;-0.2505710300215391
2022-06-13T20:00:00.0;-0.26451530196120404
2022-06-13T21:00:00.0;-0.26342397955701335
2022-06-13T22:00:00.0;-0.25452045893316094
2022-06-13T23:00:00.0;-0.24116314876039677
2022-06-14T00:00:00.0;-0.23121374271524708
2022-06-14T01:00:00.0;-0.22230723533143557
2022-06-14T02:00:00.0;-0.2135288696482611
2022-06-14T03:00:00.0;-0.20360706413373508
2022-06-14T04:00:00.0;-0.19560801082300655
2022-06-14T05:00:00.0;-0.1908920482111034
2022-06-14T06:00:00.0;-0.19209296606851964
2022-06-14T07:00:00.0;-0.18237080008328707
2022-06-14T08:00:00.0;-0.1643008197498296
2022-06-14T09:00:00.0;-0.14426274696597594
2022-06-14T10:00:00.0;-0.13112376178209345
2022-06-14T11:00:00.0;-0.1251342223729815
2022-06-14T12:00:00.0;-0.12596938451852704
2022-06-14T13:00:00.0;-0.13473655298994405
2022-06-14T14:00:00.0;-0.14582955145701315
2022-06-14T15:00:00.0;-0.16208061929535036
2022-06-14T16:00:00.0;-0.18940368374209368
2022-06-14T17:00:00.0;-0.20841634493372327
2022-06-14T18:00:00.0;-0.2316151460894243
2022-06-14T19:00:00.0;-0.2530738499521823
2022-06-14T20:00:00.0;-0.26866872701343286
2022-06-14T21:00:00.0;-0.2706330168821953
2022-06-14T22:00:00.0;-0.26111537568343024
2022-06-14T23:00:00.0;-0.24695058982206286
2022-06-15T00:00:00.0;-0.23121374271524708
2022-06-15T01:00:00.0;-0.22230723533143557
2022-06-15T02:00:00.0;-0.2135288696482611
2022-06-15T03:00:00.0;-0.20360706413373508
2022-06-15T04:00:00.0;-0.19560801082300655
2022-06-15T05:00:00.0;-0.1908920482111034
2022-06-15T06:00:00.0;-0.19209296606851964
2022-06-15T07:00:00.0;-0.18237080008328707
2022-06-15T08:00:00.0;-0.1643008197498296
2022-06-15T09:00:00.0;-0.14426274696597594
2022-06-15T10:00:00.0;-0.13112376178209345
2022-06-15T11:00:00.0;-0.1251342223729815
2022-06-15T12:00:00.0;-0.12596938451852704
2022-06-15T13:00:00.0;-0.13473655298994405
2022-06-15T14:00:00.0;-0.14582955145701315
2022-06-15T15:00:00.0;-0.16208061929535036
2022-06-15T16:00:00.0;-0.18940368374209368
2022-06-15T17:00:00.0;-0.20841634493372327
2022-06-15T18:00:00.0;-0.2316151460894243
2022-06-15T19:00:00.0;-0.2530738499521823
2022-06-15T20:00:00.0;-0.26866872701343286
2022-06-15T21:00:00.0;-0.2706330168821953
2022-06-15T22:00:00.0;-0.26111537568343024
2022-06-15T23:00:00.0;-0.24695058982206286
2022-06-16T00:00:00.0;-0.23121202301884855
2022-06-16T01:00:00.0;-0.22230676773414723
2022-06-16T02:00:00.0;-0.21353270858366866
2022-06-16T03:00:00.0;-0.20364163381215647
2022-06-16T04:00:00.0;-0.19566794299808946
2022-06-16T05:00:00.0;-0.19097233504735764
2022-06-16T06:00:00.0;-0.19210834027376716
2022-06-16T07:00:00.0;-0.18239106113660739
2022-06-16T08:00:00.0;-0.16436893574854788
2022-06-16T09:00:00.0;-0.14441750033618814
2022-06-16T10:00:00.0;-0.1313361730832669
2022-06-16T11:00:00.0;-0.12535234246101884
2022-06-16T12:00:00.0;-0.12617897619135426
2022-06-16T13:00:00.0;-0.13484665511001448
2022-06-16T14:00:00.0;-0.14596245407884037
2022-06-16T15:00:00.0;-0.1621491009000639
2022-06-16T16:00:00.0;-0.18935423440000798
2022-06-16T17:00:00.0;-0.20841370030829112
2022-06-16T18:00:00.0;-0.23160208277834363
2022-06-16T19:00:00.0;-0.2530619798022699
2022-06-16T20:00:00.0;-0.26862425044580773
2022-06-16T21:00:00.0;-0.270554868861883
2022-06-16T22:00:00.0;-0.26107481544157485
2022-06-16T23:00:00.0;-0.24693486183761146
2022-06-17T00:00:00.0;-0.22798363823098383
2022-06-17T01:00:00.0;-0.218888440970949
2022-06-17T02:00:00.0;-0.21040397551863613
2022-06-17T03:00:00.0;-0.20144076742672193
2022-06-17T04:00:00.0;-0.19493749780507785
2022-06-17T05:00:00.0;-0.193723367582014
2022-06-17T06:00:00.0;-0.19508148081035706
2022-06-17T07:00:00.0;-0.18606777459991863
2022-06-17T08:00:00.0;-0.16770613712602248
2022-06-17T09:00:00.0;-0.1470641813424908
2022-06-17T10:00:00.0;-0.13302958846937993
2022-06-17T11:00:00.0;-0.12659184378987592
2022-06-17T12:00:00.0;-0.1263379022538896
2022-06-17T13:00:00.0;-0.13182853805939973
2022-06-17T14:00:00.0;-0.14237396353352874
2022-06-17T15:00:00.0;-0.15850763052544128
2022-06-17T16:00:00.0;-0.1848070022458147
2022-06-17T17:00:00.0;-0.2055874893477084
2022-06-17T18:00:00.0;-0.2295462377977449
2022-06-17T19:00:00.0;-0.2509498183265615
2022-06-17T20:00:00.0;-0.2649614429519438
2022-06-17T21:00:00.0;-0.2641913390336024
2022-06-17T22:00:00.0;-0.2554502110721697
2022-06-17T23:00:00.0;-0.24212535021295725
2022-06-18T00:00:00.0;-0.23121374271524708
2022-06-18T01:00:00.0;-0.22230723533143557
2022-06-18T02:00:00.0;-0.2135288696482611
2022-06-18T03:00:00.0;-0.20360706413373508
2022-06-18T04:00:00.0;-0.19560801082300655
2022-06-18T05:00:00.0;-0.1908920482111034
2022-06-18T06:00:00.0;-0.19209296606851964
2022-06-18T07:00:00.0;-0.18237080008328707
2022-06-18T08:00:00.0;-0.1643008197498296
2022-06-18T09:00:00.0;-0.14426274696597594
2022-06-18T10:00:00.0;-0.13112376178209345
2022-06-18T11:00:00.0;-0.1251342223729815
2022-06-18T12:00:00.0;-0.12596938451852704
2022-06-18T13:00:00.0;-0.13473655298994405
2022-06-18T14:00:00.0;-0.14582955145701315
2022-06-18T15:00:00.0;-0.16208061929535036
2022-06-18T16:00:00.0;-0.18940368374209368
2022-06-18T17:00:00.0;-0.20841634493372327
2022-06-18T18:00:00.0;-0.2316151460894243
2022-06-18T19:00:00.0;-0.2530738499521823
2022-06-18T20:00:00.0;-0.26866872701343286
2022-06-18T21:00:00.0;-0.2706330168821953
2022-06-18T22:00:00.0;-0.26111537568343024
2022-06-18T23:00:00.0;-0.24695058982206286
2022-06-19T00:00:00.0;-0.2243687602517343
2022-06-19T01:00:00.0;-0.2150412071288928
2022-06-19T02:00:00.0;-0.20682063709504098
2022-06-19T03:00:00.0;-0.1984567854173075
2022-06-19T04:00:00.0;-0.19324262758024546
2022-06-19T05:00:00.0;-0.19565780425824705
2022-06-19T06:00:00.0;-0.19821006521969264
2022-06-19T07:00:00.0;-0.1899185631995113
2022-06-19T08:00:00.0;-0.1704784018327951
2022-06-19T09:00:00.0;-0.14779833717342716
2022-06-19T10:00:00.0;-0.13185071661226017
2022-06-19T11:00:00.0;-0.1248182043340167
2022-06-19T12:00:00.0;-0.12346994573385343
2022-06-19T13:00:00.0;-0.12682501218682782
2022-06-19T14:00:00.0;-0.13639587936077113
2022-06-19T15:00:00.0;-0.15340639582614607
2022-06-19T16:00:00.0;-0.18039908997926912
2022-06-19T17:00:00.0;-0.20243949393554816
2022-06-19T18:00:00.0;-0.2274182720205393
2022-06-19T19:00:00.0;-0.24874101114411984
2022-06-19T20:00:00.0;-0.2614783890141462
2022-06-19T21:00:00.0;-0.2581528554814941
2022-06-19T22:00:00.0;-0.24969836925733696
2022-06-19T23:00:00.0;-0.2369314714171217
2022-06-20T00:00:00.0;-0.2277554568027324
2022-06-20T01:00:00.0;-0.2186377083106708
2022-06-20T02:00:00.0;-0.21014570933530508
2022-06-20T03:00:00.0;-0.2010441749586892
2022-06-20T04:00:00.0;-0.1944790778460005
2022-06-20T05:00:00.0;-0.19338625700835899
2022-06-20T06:00:00.0;-0.19519862197611618
2022-06-20T07:00:00.0;-0.18620421580637198
2022-06-20T08:00:00.0;-0.16749463972578027
2022-06-20T09:00:00.0;-0.14621713579324164
2022-06-20T10:00:00.0;-0.13172291059932956
2022-06-20T11:00:00.0;-0.12521295410749397
2022-06-20T12:00:00.0;-0.12493626966830142
2022-06-20T13:00:00.0;-0.13086187393091647
2022-06-20T14:00:00.0;-0.14121117545906126
2022-06-20T15:00:00.0;-0.15777534753512218
2022-06-20T16:00:00.0;-0.18480274473063743
2022-06-20T17:00:00.0;-0.20539541568219127
2022-06-20T18:00:00.0;-0.2294816419034288
2022-06-20T19:00:00.0;-0.250872993297669
2022-06-20T20:00:00.0;-0.26498933823347537
2022-06-20T21:00:00.0;-0.26424571847962447
2022-06-20T22:00:00.0;-0.25530598897324336
2022-06-20T23:00:00.0;-0.2418742038643935
2022-06-21T00:00:00.0;-0.23119930025875488
2022-06-21T01:00:00.0;-0.2223033083281003
2022-06-21T02:00:00.0;-0.2135611100237417
2022-06-21T03:00:00.0;-0.20389738926146378
2022-06-21T04:00:00.0;-0.19611133677744286
2022-06-21T05:00:00.0;-0.19156631789062797
2022-06-21T06:00:00.0;-0.19222208263268928
2022-06-21T07:00:00.0;-0.18254095766535758
2022-06-21T08:00:00.0;-0.1648728755782699
2022-06-21T09:00:00.0;-0.14556240591639064
2022-06-21T10:00:00.0;-0.13290764699480803
2022-06-21T11:00:00.0;-0.12696605145879872
2022-06-21T12:00:00.0;-0.12772958976089907
2022-06-21T13:00:00.0;-0.13566121915787901
2022-06-21T14:00:00.0;-0.1469457021537926
2022-06-21T15:00:00.0;-0.16265574557778703
2022-06-21T16:00:00.0;-0.18898839533870926
2022-06-21T17:00:00.0;-0.20839413468325385
2022-06-21T18:00:00.0;-0.23150543701397894
2022-06-21T19:00:00.0;-0.2529741613537678
2022-06-21T20:00:00.0;-0.2682952012600458
2022-06-21T21:00:00.0;-0.26997670953382075
2022-06-21T22:00:00.0;-0.26077474024986225
2022-06-21T23:00:00.0;-0.24681850212835885
2022-06-22T00:00:00.0;-0.2311984677362002
2022-06-22T01:00:00.0;-0.22230308195948698
2022-06-22T02:00:00.0;-0.21356296849150122
2022-06-22T03:00:00.0;-0.20391412479514234
2022-06-22T04:00:00.0;-0.196140350554265
2022-06-22T05:00:00.0;-0.19160518556639003
2022-06-22T06:00:00.0;-0.19222952544215266
2022-06-22T07:00:00.0;-0.18255076624778271
2022-06-22T08:00:00.0;-0.16490585122752835
2022-06-22T09:00:00.0;-0.1456373236002491
2022-06-22T10:00:00.0;-0.13301047747072892
2022-06-22T11:00:00.0;-0.12707164561662776
2022-06-22T12:00:00.0;-0.12783105522599822
2022-06-22T13:00:00.0;-0.13571452071643164
2022-06-22T14:00:00.0;-0.14701004166764206
2022-06-22T15:00:00.0;-0.16268889822063426
2022-06-22T16:00:00.0;-0.18896445640818835
2022-06-22T17:00:00.0;-0.20839285439312655
2022-06-22T18:00:00.0;-0.2314991129319357
2022-06-22T19:00:00.0;-0.2529684148932076
2022-06-22T20:00:00.0;-0.26827366970032673
2022-06-22T21:00:00.0;-0.2699388772806563
2022-06-22T22:00:00.0;-0.2607551046233659
2022-06-22T23:00:00.0;-0.24681088805077692
2022-06-23T00:00:00.0;-0.23119583236977187
2022-06-23T01:00:00.0;-0.2223023653852145
2022-06-23T02:00:00.0;-0.2135688515075398
2022-06-23T03:00:00.0;-0.20396710145429586
2022-06-23T04:00:00.0;-0.19623219423221286
2022-06-23T05:00:00.0;-0.19172822195414316
2022-06-23T06:00:00.0;-0.19225308580106681
2022-06-23T07:00:00.0;-0.18258181550727415
2022-06-23T08:00:00.0;-0.16501023629015496
2022-06-23T09:00:00.0;-0.1458744769936551
2022-06-23T10:00:00.0;-0.13333598935329402
2022-06-23T11:00:00.0;-0.12740590598832202
2022-06-23T12:00:00.0;-0.1281522461401118
2022-06-23T13:00:00.0;-0.13588324784243924
2022-06-23T14:00:00.0;-0.147213709657009
2022-06-23T15:00:00.0;-0.16279384355992757
2022-06-23T16:00:00.0;-0.18888867725545497
2022-06-23T17:00:00.0;-0.20838880160969014
2022-06-23T18:00:00.0;-0.23147909392654897
2022-06-23T19:00:00.0;-0.25295022435992165
2022-06-23T20:00:00.0;-0.2682055111269472
2022-06-23T21:00:00.0;-0.2698191185433856
2022-06-23T22:00:00.0;-0.26069294766368106
2022-06-23T23:00:00.0;-0.24678678553928413
2022-06-24T00:00:00.0;-0.2311759311426265
2022-06-24T01:00:00.0;-0.22229695410456302
2022-06-24T02:00:00.0;-0.21361327767811805
2022-06-24T03:00:00.0;-0.20436715987344764
2022-06-24T04:00:00.0;-0.19692576074237056
2022-06-24T05:00:00.0;-0.1926573432609447
2022-06-24T06:00:00.0;-0.19243100415402553
2022-06-24T07:00:00.0;-0.18281628702485303
2022-06-24T08:00:00.0;-0.16579851029241865
2022-06-24T09:00:00.0;-0.1476653640216126
2022-06-24T10:00:00.0;-0.135794124147654
2022-06-24T11:00:00.0;-0.1299301058533547
2022-06-24T12:00:00.0;-0.13057775071890995
2022-06-24T13:00:00.0;-0.1371574072246506
2022-06-24T14:00:00.0;-0.14875172838374517
2022-06-24T15:00:00.0;-0.16358634854619694
2022-06-24T16:00:00.0;-0.18831642357748427
2022-06-24T17:00:00.0;-0.20835819661948046
2022-06-24T18:00:00.0;-0.2313279184508585
2022-06-24T19:00:00.0;-0.2528128567700022
2022-06-24T20:00:00.0;-0.2676908049987468
2022-06-24T21:00:00.0;-0.26891474873453525
2022-06-24T22:00:00.0;-0.2602235633078507
2022-06-24T23:00:00.0;-0.24660477306814174
2022-06-25T00:00:00.0;-0.22951417676318905
2022-06-25T01:00:00.0;-0.220510950403508
2022-06-25T02:00:00.0;-0.21189508837600282
2022-06-25T03:00:00.0;-0.2025349263518186
2022-06-25T04:00:00.0;-0.19536945076915233
2022-06-25T05:00:00.0;-0.1925310643389546
2022-06-25T06:00:00.0;-0.19369153332096783
2022-06-25T07:00:00.0;-0.18435067886528875
2022-06-25T08:00:00.0;-0.16621821198924638
2022-06-25T09:00:00.0;-0.1460271731120035
2022-06-25T10:00:00.0;-0.13252710876087523
2022-06-25T11:00:00.0;-0.12631300925902428
2022-06-25T12:00:00.0;-0.12656006231730443
2022-06-25T13:00:00.0;-0.13341802179769596
2022-06-25T14:00:00.0;-0.14426666321143097
2022-06-25T15:00:00.0;-0.16033400798568712
2022-06-25T16:00:00.0;-0.18689601086171093
2022-06-25T17:00:00.0;-0.2069257444556457
2022-06-25T18:00:00.0;-0.23050389412474742
2022-06-25T19:00:00.0;-0.2519359105452979
2022-06-25T20:00:00.0;-0.2666375489013267
2022-06-25T21:00:00.0;-0.26710205367406104
2022-06-25T22:00:00.0;-0.25806342662243625
2022-06-25T23:00:00.0;-0.24438678591452953
2022-06-26T00:00:00.0;-0.23121374271524708
2022-06-26T01:00:00.0;-0.22230723533143557
2022-06-26T02:00:00.0;-0.2135288696482611
2022-06-26T03:00:00.0;-0.20360706413373508
2022-06-26T04:00:00.0;-0.19560801082300655
2022-06-26T05:00:00.0;-0.1908920482111034
2022-06-26T06:00:00.0;-0.19209296606851964
2022-06-26T07:00:00.0;-0.18237080008328707
2022-06-26T08:00:00.0;-0.1643008197498296
2022-06-26T09:00:00.0;-0.14426274696597594
2022-06-26T10:00:00.0;-0.13112376178209345
2022-06-26T11:00:00.0;-0.1251342223729815
2022-06-26T12:00:00.0;-0.12596938451852704
2022-06-26T13:00:00.0;-0.13473655298994405
2022-06-26T14:00:00.0;-0.14582955145701315
2022-06-26T15:00:00.0;-0.16208061929535036
2022-06-26T16:00:00.0;-0.18940368374209368
2022-06-26T17:00:00.0;-0.20841634493372327
2022-06-26T18:00:00.0;-0.2316151460894243
2022-06-26T19:00:00.0;-0.2530738499521823
2022-06-26T20:00:00.0;-0.26866872701343286
2022-06-26T21:00:00.0;-0.2706330168821953
2022-06-26T22:00:00.0;-0.26111537568343024
2022-06-26T23:00:00.0;-0.24695058982206286
2022-06-27T00:00:00.0;-0.23131860018935457
2022-06-27T01:00:00.0;-0.22242321273755786
2022-06-27T02:00:00.0;-0.21374278270112837
2022-06-27T03:00:00.0;-0.2045811123673232
2022-06-27T04:00:00.0;-0.19721000121773402
2022-06-27T05:00:00.0;-0.19301808733648002
2022-06-27T06:00:00.0;-0.1926916858828983
2022-06-27T07:00:00.0;-0.1832791792866566
2022-06-27T08:00:00.0;-0.1665734282738005
2022-06-27T09:00:00.0;-0.14877360373347578
2022-06-27T10:00:00.0;-0.13706538376210783
2022-06-27T11:00:00.0;-0.13120792085209113
2022-06-27T12:00:00.0;-0.1317951047687892
2022-06-27T13:00:00.0;-0.13804323970328342
2022-06-27T14:00:00.0;-0.14961807987496872
2022-06-27T15:00:00.0;-0.16424712196057442
2022-06-27T16:00:00.0;-0.18859895440179233
2022-06-27T17:00:00.0;-0.20883006327414208
2022-06-27T18:00:00.0;-0.23169350229619604
2022-06-27T19:00:00.0;-0.25304360140340504
2022-06-27T20:00:00.0;-0.2677033601730136
2022-06-27T21:00:00.0;-0.2687869859684021
2022-06-27T22:00:00.0;-0.2601874879305214
2022-06-27T23:00:00.0;-0.24666276440961885
2022-06-28T00:00:00.0;-0.2311893160755013
2022-06-28T01:00:00.0;-0.22230059355994727
2022-06-28T02:00:00.0;-0.21358339804774487
2022-06-28T03:00:00.0;-0.20409809329542986
2022-06-28T04:00:00.0;-0.19645928995065082
2022-06-28T05:00:00.0;-0.19203244579943254
2022-06-28T06:00:00.0;-0.1923113419244475
2022-06-28T07:00:00.0;-0.1826585889341308
2022-06-28T08:00:00.0;-0.16526834225151307
2022-06-28T09:00:00.0;-0.1464608703247904
2022-06-28T10:00:00.0;-0.13414086080969642
2022-06-28T11:00:00.0;-0.1282324092485505
2022-06-28T12:00:00.0;-0.12894643342688192
2022-06-28T13:00:00.0;-0.13630044811965847
2022-06-28T14:00:00.0;-0.14771730586963436
2022-06-28T15:00:00.0;-0.1630533348799188
2022-06-28T16:00:00.0;-0.1887013032138537
2022-06-28T17:00:00.0;-0.2083787805632041
2022-06-28T18:00:00.0;-0.23142959427113116
2022-06-28T19:00:00.0;-0.2529052458451492
2022-06-28T20:00:00.0;-0.2680369799821237
2022-06-28T21:00:00.0;-0.2695229991251804
2022-06-28T22:00:00.0;-0.2605392563075534
2022-06-28T23:00:00.0;-0.24672718887149034
2022-06-29T00:00:00.0;-0.23118849638614644
2022-06-29T01:00:00.0;-0.2223003706807693
2022-06-29T02:00:00.0;-0.21358522786752604
2022-06-29T03:00:00.0;-0.20411457085357762
2022-06-29T04:00:00.0;-0.19648785648482028
2022-06-29T05:00:00.0;-0.19207071433629183
2022-06-29T06:00:00.0;-0.19231867000421307
2022-06-29T07:00:00.0;-0.1826682463188525
2022-06-29T08:00:00.0;-0.1653008095864994
2022-06-29T09:00:00.0;-0.14653463316473228
2022-06-29T10:00:00.0;-0.13424210617054907
2022-06-29T11:00:00.0;-0.12833637568960407
2022-06-29T12:00:00.0;-0.12904633481833272
2022-06-29T13:00:00.0;-0.13635292804335175
2022-06-29T14:00:00.0;-0.1477806536003381
2022-06-29T15:00:00.0;-0.16308597648016646
2022-06-29T16:00:00.0;-0.18867773329805482
2022-06-29T17:00:00.0;-0.20837752000854096
2022-06-29T18:00:00.0;-0.23142336767378446
2022-06-29T19:00:00.0;-0.2528995879653442
2022-06-29T20:00:00.0;-0.26801578032789714
2022-06-29T21:00:00.0;-0.2694857500500477
2022-06-29T22:00:00.0;-0.26051992336104707
2022-06-29T23:00:00.0;-0.24671969216367645
2022-06-30T00:00:00.0;-0.23142542406199118
2022-06-30T01:00:00.0;-0.22251494278611175
2022-06-30T02:00:00.0;-0.21382537553320674
2022-06-30T03:00:00.0;-0.2046424220201076
2022-06-30T04:00:00.0;-0.1972541700893072
2022-06-30T05:00:00.0;-0.19306290058378012
2022-06-30T06:00:00.0;-0.19283758229187947
2022-06-30T07:00:00.0;-0.18355698463095613
2022-06-30T08:00:00.0;-0.16694746428109586
2022-06-30T09:00:00.0;-0.149155895475917
2022-06-30T10:00:00.0;-0.13741102359411014
2022-06-30T11:00:00.0;-0.13154306217560088
2022-06-30T12:00:00.0;-0.13210961801457277
2022-06-30T13:00:00.0;-0.13838499925290823
2022-06-30T14:00:00.0;-0.14988518415009516
2022-06-30T15:00:00.0;-0.16453838116013922
2022-06-30T16:00:00.0;-0.1889330666756165
2022-06-30T17:00:00.0;-0.20917527414557455
2022-06-30T18:00:00.0;-0.23199027791445337
2022-06-30T19:00:00.0;-0.2532405661418655
2022-06-30T20:00:00.0;-0.26783075265664114
2022-06-30T21:00:00.0;-0.2689034491766682
2022-06-30T22:00:00.0;-0.2602696034475161
2022-06-30T23:00:00.0;-0.2467461920414772
2022-07-01T00:00:00.0;-0.22408004281303281
2022-07-01T01:00:00.0;-0.21475512198621338
2022-07-01T02:00:00.0;-0.20662064766523439
2022-07-01T03:00:00.0;-0.19877812592744365
2022-07-01T04:00:00.0;-0.1940518037930428
2022-07-01T05:00:00.0;-0.19704653598541316
2022-07-01T06:00:00.0;-0.19867588170402178
2022-07-01T07:00:00.0;-0.19051271405560968
2022-07-01T08:00:00.0;-0.17173858320498722
2022-07-01T09:00:00.0;-0.15025811244396559
2022-07-01T10:00:00.0;-0.13506849119173403
2022-07-01T11:00:00.0;-0.1280816527722203
2022-07-01T12:00:00.0;-0.12652146232331798
2022-07-01T13:00:00.0;-0.1281745992251205
2022-07-01T14:00:00.0;-0.13802940969267352
2022-07-01T15:00:00.0;-0.1541016610284324
2022-07-01T16:00:00.0;-0.17931065655059858
2022-07-01T17:00:00.0;-0.2021702284482305
2022-07-01T18:00:00.0;-0.22706090826102304
2022-07-01T19:00:00.0;-0.24839634356644277
2022-07-01T20:00:00.0;-0.26053431278118405
2022-07-01T21:00:00.0;-0.25649995941095755
2022-07-01T22:00:00.0;-0.24865077410778075
2022-07-01T23:00:00.0;-0.23631047901178578
2022-07-02T00:00:00.0;-0.22600964747767135
2022-07-02T01:00:00.0;-0.21678302793331486
2022-07-02T02:00:00.0;-0.20842874247206267
2022-07-02T03:00:00.0;-0.19969141627295245
2022-07-02T04:00:00.0;-0.19380966002600872
2022-07-02T05:00:00.0;-0.1945153516279627
2022-07-02T06:00:00.0;-0.19674366703526266
2022-07-02T07:00:00.0;-0.18810920457108096
2022-07-02T08:00:00.0;-0.1689975046090039
2022-07-02T09:00:00.0;-0.14695078134132974
2022-07-02T10:00:00.0;-0.1316764501475888
2022-07-02T11:00:00.0;-0.12489396054903511
2022-07-02T12:00:00.0;-0.12406911413138325
2022-07-02T13:00:00.0;-0.12872157602910406
2022-07-02T14:00:00.0;-0.1386573303022332
2022-07-02T15:00:00.0;-0.15548579085183273
2022-07-02T16:00:00.0;-0.18255768175929665
2022-07-02T17:00:00.0;-0.20387227166821772
2022-07-02T18:00:00.0;-0.22842435159564542
2022-07-02T19:00:00.0;-0.24977968434600054
2022-07-02T20:00:00.0;-0.2632020652742523
2022-07-02T21:00:00.0;-0.2611446144128287
2022-07-02T22:00:00.0;-0.2524352674309816
2022-07-02T23:00:00.0;-0.2393332662344866
2022-07-03T00:00:00.0;-0.23121374271524708
2022-07-03T01:00:00.0;-0.22230723533143557
2022-07-03T02:00:00.0;-0.2135288696482611
2022-07-03T03:00:00.0;-0.20360706413373508
2022-07-03T04:00:00.0;-0.19560801082300655
2022-07-03T05:00:00.0;-0.1908920482111034
2022-07-03T06:00:00.0;-0.19209296606851964
2022-07-03T07:00:00.0;-0.18237080008328707
2022-07-03T08:00:00.0;-0.1643008197498296
2022-07-03T09:00:00.0;-0.14426274696597594
2022-07-03T10:00:00.0;-0.13112376178209345
2022-07-03T11:00:00.0;-0.1251342223729815
2022-07-03T12:00:00.0;-0.12596938451852704
2022-07-03T13:00:00.0;-0.13473655298994405
2022-07-03T14:00:00.0;-0.14582955145701315
2022-07-03T15:00:00.0;-0.16208061929535036
2022-07-03T16:00:00.0;-0.18940368374209368
2022-07-03T17:00:00.0;-0.20841634493372327
2022-07-03T18:00:00.0;-0.2316151460894243
2022-07-03T19:00:00.0;-0.2530738499521823
2022-07-03T20:00:00.0;-0.26866872701343286
2022-07-03T21:00:00.0;-0.2706330168821953
2022-07-03T22:00:00.0;-0.26111537568343024
2022-07-03T23:00:00.0;-0.24695058982206286
2022-07-04T00:00:00.0;-0.23119318841140749
2022-07-04T01:00:00.0;-0.22230164647473546
2022-07-04T02:00:00.0;-0.21357475370364254
2022-07-04T03:00:00.0;-0.2040202508302529
2022-07-04T04:00:00.0;-0.1963243373429059
2022-07-04T05:00:00.0;-0.19185165947046792
2022-07-04T06:00:00.0;-0.19227672297248571
2022-07-04T07:00:00.0;-0.18261296599490903
2022-07-04T08:00:00.0;-0.16511496167349352
2022-07-04T09:00:00.0;-0.14611240356484773
2022-07-04T10:00:00.0;-0.13366256248382716
2022-07-04T11:00:00.0;-0.12774125613018833
2022-07-04T12:00:00.0;-0.12847448421478455
2022-07-04T13:00:00.0;-0.13605252505994647
2022-07-04T14:00:00.0;-0.1474180416535949
2022-07-04T15:00:00.0;-0.16289913104657108
2022-07-04T16:00:00.0;-0.18881265104423872
2022-07-04T17:00:00.0;-0.20838473561319326
2022-07-04T18:00:00.0;-0.23145900965433192
2022-07-04T19:00:00.0;-0.2529319745210696
2022-07-04T20:00:00.0;-0.26813713034002834
2022-07-04T21:00:00.0;-0.26969896936348153
2022-07-04T22:00:00.0;-0.26063058805717837
2022-07-04T23:00:00.0;-0.24676260444773723
2022-07-05T00:00:00.0;-0.23118363769342337
2022-07-05T01:00:00.0;-0.22229904956877297
2022-07-05T02:00:00.0;-0.21359607408872275
2022-07-05T03:00:00.0;-0.20421224125931453
2022-07-05T04:00:00.0;-0.19665718406101843
2022-07-05T05:00:00.0;-0.19229755034490903
2022-07-05T06:00:00.0;-0.19236210705462775
2022-07-05T07:00:00.0;-0.18272549027913268
2022-07-05T08:00:00.0;-0.16549325908374077
2022-07-05T09:00:00.0;-0.14697186096516307
2022-07-05T10:00:00.0;-0.13484223607965126
2022-07-05T11:00:00.0;-0.12895263474872218
2022-07-05T12:00:00.0;-0.1296384983749208
2022-07-05T13:00:00.0;-0.13666400177127858
2022-07-05T14:00:00.0;-0.14815614604314123
2022-07-05T15:00:00.0;-0.16327945893135837
2022-07-05T16:00:00.0;-0.1885380230801563
2022-07-05T17:00:00.0;-0.20837004809526966
2022-07-05T18:00:00.0;-0.2313864596390043
2022-07-05T19:00:00.0;-0.2528660509927416
2022-07-05T20:00:00.0;-0.26789011978941085
2022-07-05T21:00:00.0;-0.2692649568810053
2022-07-05T22:00:00.0;-0.2604053276962997
2022-07-05T23:00:00.0;-0.24667525557378203
2022-07-06T00:00:00.0;-0.2322433150070617
2022-07-06T01:00:00.0;-0.22321753380423542
2022-07-06T02:00:00.0;-0.2144591006148953
2022-07-06T03:00:00.0;-0.20512117631488658
2022-07-06T04:00:00.0;-0.19760827696398986
2022-07-06T05:00:00.0;-0.1934272907879991
2022-07-06T06:00:00.0;-0.19395928554516878
2022-07-06T07:00:00.0;-0.185690482753886
2022-07-06T08:00:00.0;-0.16983072503281063
2022-07-06T09:00:00.0;-0.15212515953326922
2022-07-06T10:00:00.0;-0.14011465556919234
2022-07-06T11:00:00.0;-0.1341677681610509
2022-07-06T12:00:00.0;-0.13457405871972478
2022-07-06T13:00:00.0;-0.14103202999553519
2022-07-06T14:00:00.0;-0.15196629476911203
2022-07-06T15:00:00.0;-0.166787611946474
2022-07-06T16:00:00.0;-0.19147960147398307
2022-07-06T17:00:00.0;-0.21181912682353085
2022-07-06T18:00:00.0;-0.23426034709424956
2022-07-06T19:00:00.0;-0.2547463303014488
2022-07-06T20:00:00.0;-0.2687949811640872
2022-07-06T21:00:00.0;-0.2697751069117998
2022-07-06T22:00:00.0;-0.2608880087281319
2022-07-06T23:00:00.0;-0.24738117220485487
2022-07-07T00:00:00.0;-0.23017439582327304
2022-07-07T01:00:00.0;-0.22011559722705928
2022-07-07T02:00:00.0;-0.21159787896854484
2022-07-07T03:00:00.0;-0.20352272258433549
2022-07-07T04:00:00.0;-0.1985252780761044
2022-07-07T05:00:00.0;-0.20173673151136307
2022-07-07T06:00:00.0;-0.20653006016405182
2022-07-07T07:00:00.0;-0.205451223480544
2022-07-07T08:00:00.0;-0.1934589073672536
2022-07-07T09:00:00.0;-0.1754332411620203
2022-07-07T10:00:00.0;-0.16037067902804755
2022-07-07T11:00:00.0;-0.15308266039659507
2022-07-07T12:00:00.0;-0.1502934285937069
2022-07-07T13:00:00.0;-0.15050731531551512
2022-07-07T14:00:00.0;-0.1572379293709431
2022-07-07T15:00:00.0;-0.17243557330702142
2022-07-07T16:00:00.0;-0.19608755209840917
2022-07-07T17:00:00.0;-0.2208646021490654
2022-07-07T18:00:00.0;-0.24271526208595412
2022-07-07T19:00:00.0;-0.2587861045089629
2022-07-07T20:00:00.0;-0.26634730607563345
2022-07-07T21:00:00.0;-0.26098790154900836
2022-07-07T22:00:00.0;-0.2524687056208748
2022-07-07T23:00:00.0;-0.24091628470195148
2022-07-08T00:00:00.0;-0.23102099228718698
2022-07-08T01:00:00.0;-0.22212907267679208
2022-07-08T02:00:00.0;-0.21344755299173185
2022-07-08T03:00:00.0;-0.20416046440336277
2022-07-08T04:00:00.0;-0.1967201305071515
2022-07-08T05:00:00.0;-0.19256648447242747
2022-07-08T06:00:00.0;-0.19253469697465653
2022-07-08T07:00:00.0;-0.18294098714171797
2022-07-08T08:00:00.0;-0.16577108249804706
2022-07-08T09:00:00.0;-0.14735876628258512
2022-07-08T10:00:00.0;-0.13527729781171427
2022-07-08T11:00:00.0;-0.12937466814320714
2022-07-08T12:00:00.0;-0.12999294196818179
2022-07-08T13:00:00.0;-0.13669667089168908
2022-07-08T14:00:00.0;-0.14819828474660532
2022-07-08T15:00:00.0;-0.16321244978443095
2022-07-08T16:00:00.0;-0.1882311712172026
2022-07-08T17:00:00.0;-0.20822578043696968
2022-07-08T18:00:00.0;-0.23126309616352933
2022-07-08T19:00:00.0;-0.2527418728975564
2022-07-08T20:00:00.0;-0.2676352689313097
2022-07-08T21:00:00.0;-0.26882074453539795
2022-07-08T22:00:00.0;-0.2600598458614218
2022-07-08T23:00:00.0;-0.24641118215864494
2022-07-09T00:00:00.0;-0.2313274763851451
2022-07-09T01:00:00.0;-0.22238827023166505
2022-07-09T02:00:00.0;-0.21360705373274405
2022-07-09T03:00:00.0;-0.20371808508003728
2022-07-09T04:00:00.0;-0.1957668112544041
2022-07-09T05:00:00.0;-0.19118199765734015
2022-07-09T06:00:00.0;-0.1924840010680577
2022-07-09T07:00:00.0;-0.18304538080485017
2022-07-09T08:00:00.0;-0.16522741981329447
2022-07-09T09:00:00.0;-0.14532127319545005
2022-07-09T10:00:00.0;-0.1321743524937755
2022-07-09T11:00:00.0;-0.12616056044272464
2022-07-09T12:00:00.0;-0.1269119040331464
2022-07-09T13:00:00.0;-0.13548701406619654
2022-07-09T14:00:00.0;-0.14645462802308354
2022-07-09T15:00:00.0;-0.16265045082259322
2022-07-09T16:00:00.0;-0.189846942089815
2022-07-09T17:00:00.0;-0.20900276711557128
2022-07-09T18:00:00.0;-0.23211296593997122
2022-07-09T19:00:00.0;-0.25337817549479935
2022-07-09T20:00:00.0;-0.26874335165805513
2022-07-09T21:00:00.0;-0.2705577197658762
2022-07-09T22:00:00.0;-0.26105294124672707
2022-07-09T23:00:00.0;-0.24695246551028466
2022-07-10T00:00:00.0;-0.2294268999051497
2022-07-10T01:00:00.0;-0.22041048098313948
2022-07-10T02:00:00.0;-0.21177772460587757
2022-07-10T03:00:00.0;-0.2022626138676458
2022-07-10T04:00:00.0;-0.19499054130237853
2022-07-10T05:00:00.0;-0.19213612107365777
2022-07-10T06:00:00.0;-0.19368979917878548
2022-07-10T07:00:00.0;-0.18434109969010626
2022-07-10T08:00:00.0;-0.16591344157721535
2022-07-10T09:00:00.0;-0.1451856921999938
2022-07-10T10:00:00.0;-0.13131352910706076
2022-07-10T11:00:00.0;-0.1250517277042522
2022-07-10T12:00:00.0;-0.12531692057936006
2022-07-10T13:00:00.0;-0.1326712913364342
2022-07-10T14:00:00.0;-0.14336694629361937
2022-07-10T15:00:00.0;-0.1598162637733683
2022-07-10T16:00:00.0;-0.18705308697888537
2022-07-10T17:00:00.0;-0.20685612278705734
2022-07-10T18:00:00.0;-0.2305195765543896
2022-07-10T19:00:00.0;-0.2519427876137809
2022-07-10T20:00:00.0;-0.2667917311519121
2022-07-10T21:00:00.0;-0.26737514342721297
2022-07-10T22:00:00.0;-0.2581350326432479
2022-07-10T23:00:00.0;-0.2443351573091509
2022-07-11T00:00:00.0;-0.23114627374768307
2022-07-11T01:00:00.0;-0.2222888900547304
2022-07-11T02:00:00.0;-0.21367948286622235
2022-07-11T03:00:00.0;-0.20496333871461037
2022-07-11T04:00:00.0;-0.19795933398692758
2022-07-11T05:00:00.0;-0.19404194720244639
2022-07-11T06:00:00.0;-0.1926961433247331
2022-07-11T07:00:00.0;-0.1831657033874238
2022-07-11T08:00:00.0;-0.16697321943161042
2022-07-11T09:00:00.0;-0.1503341966267224
2022-07-11T10:00:00.0;-0.13945730903007786
2022-07-11T11:00:00.0;-0.13369174285024346
2022-07-11T12:00:00.0;-0.13419230909288093
2022-07-11T13:00:00.0;-0.13905619707027844
2022-07-11T14:00:00.0;-0.15104372919736678
2022-07-11T15:00:00.0;-0.1647673628223906
2022-07-11T16:00:00.0;-0.1874636342890923
2022-07-11T17:00:00.0;-0.20831258816150652
2022-07-11T18:00:00.0;-0.23110263230364916
2022-07-11T19:00:00.0;-0.25260814754092226
2022-07-11T20:00:00.0;-0.26692377476426143
2022-07-11T21:00:00.0;-0.26756703020441136
2022-07-11T22:00:00.0;-0.2595240729136423
2022-07-11T23:00:00.0;-0.246333532721912
2022-07-12T00:00:00.0;-0.231148658598864
2022-07-12T01:00:00.0;-0.2222895385121827
2022-07-12T02:00:00.0;-0.21367415908369403
2022-07-12T03:00:00.0;-0.20491539796269612
2022-07-12T04:00:00.0;-0.19787622087542253
2022-07-12T05:00:00.0;-0.1939306065283467
2022-07-12T06:00:00.0;-0.19267482258953078
2022-07-12T07:00:00.0;-0.18313760563890238
2022-07-12T08:00:00.0;-0.16687875710667527
2022-07-12T09:00:00.0;-0.15011958679324916
2022-07-12T10:00:00.0;-0.13916273997539322
2022-07-12T11:00:00.0;-0.1333892569288921
2022-07-12T12:00:00.0;-0.13390165025978965
2022-07-12T13:00:00.0;-0.1389035089729468
2022-07-12T14:00:00.0;-0.15085942167954414
2022-07-12T15:00:00.0;-0.1646723934801178
2022-07-12T16:00:00.0;-0.18753220995278105
2022-07-12T17:00:00.0;-0.20831625569147902
2022-07-12T18:00:00.0;-0.23112074832278195
2022-07-12T19:00:00.0;-0.25262460890064903
2022-07-12T20:00:00.0;-0.2669854542531049
2022-07-12T21:00:00.0;-0.26767540479814383
2022-07-12T22:00:00.0;-0.25958032129607356
2022-07-12T23:00:00.0;-0.24635534407322124
2022-07-13T00:00:00.0;-0.23115496453610518
2022-07-13T01:00:00.0;-0.22229125313992565
2022-07-13T02:00:00.0;-0.2136600821304747
2022-07-13T03:00:00.0;-0.2047886347603292
2022-07-13T04:00:00.0;-0.1976564561918835
2022-07-13T05:00:00.0;-0.1936362035446845
2022-07-13T06:00:00.0;-0.19261844707260328
2022-07-13T07:00:00.0;-0.18306331058845665
2022-07-13T08:00:00.0;-0.16662898324344458
2022-07-13T09:00:00.0;-0.14955212323324574
2022-07-13T10:00:00.0;-0.1383838511345004
2022-07-13T11:00:00.0;-0.13258943459548383
2022-07-13T12:00:00.0;-0.13313310068541523
2022-07-13T13:00:00.0;-0.1384997766281623
2022-07-13T14:00:00.0;-0.15037208240665823
2022-07-13T15:00:00.0;-0.16442127897998
2022-07-13T16:00:00.0;-0.18771353524257148
2022-07-13T17:00:00.0;-0.20832595324159087
2022-07-13T18:00:00.0;-0.23116865004538162
2022-07-13T19:00:00.0;-0.2526681354326904
2022-07-13T20:00:00.0;-0.2671485449267792
2022-07-13T21:00:00.0;-0.2679619649793715
2022-07-13T22:00:00.0;-0.2597290512345964
2022-07-13T23:00:00.0;-0.2464130168595149
2022-07-14T00:00:00.0;-0.23115102118990957
2022-07-14T01:00:00.0;-0.22229018091695094
2022-07-14T02:00:00.0;-0.21366888499320547
2022-07-14T03:00:00.0;-0.2048679046884425
2022-07-14T04:00:00.0;-0.19779388353941574
2022-07-14T05:00:00.0;-0.1938203051050387
2022-07-14T06:00:00.0;-0.19265370086148484
2022-07-14T07:00:00.0;-0.18310977015399335
2022-07-14T08:00:00.0;-0.16678517649048455
2022-07-14T09:00:00.0;-0.14990698012206258
2022-07-14T10:00:00.0;-0.13887092042016821
2022-07-14T11:00:00.0;-0.13308959440281629
2022-07-14T12:00:00.0;-0.1336137044282571
2022-07-14T13:00:00.0;-0.13875224606211872
2022-07-14T14:00:00.0;-0.15067683448302682
2022-07-14T15:00:00.0;-0.16457831057907538
2022-07-14T16:00:00.0;-0.18760014553310986
2022-07-14T17:00:00.0;-0.20831988898882753
2022-07-14T18:00:00.0;-0.23113869524749014
2022-07-14T19:00:00.0;-0.25264091661049665
2022-07-14T20:00:00.0;-0.2670465580272948
2022-07-14T21:00:00.0;-0.26778276782639726
2022-07-14T22:00:00.0;-0.25963604465764933
2022-07-14T23:00:00.0;-0.2463769518379769
2022-07-15T00:00:00.0;-0.23116692181718843
2022-07-15T01:00:00.0;-0.22229450440696047
2022-07-15T02:00:00.0;-0.2136333894946299
2022-07-15T03:00:00.0;-0.20454826712206411
2022-07-15T04:00:00.0;-0.19723973969237868
2022-07-15T05:00:00.0;-0.19307795833976876
2022-07-15T06:00:00.0;-0.1925115481492026
2022-07-15T07:00:00.0;-0.1829224327510639
2022-07-15T08:00:00.0;-0.16615536351402702
2022-07-15T09:00:00.0;-0.1484761021705659
2022-07-15T10:00:00.0;-0.13690692669853854
2022-07-15T11:00:00.0;-0.1310728161942179
2022-07-15T12:00:00.0;-0.13167578150577391
2022-07-15T13:00:00.0;-0.13773422173214284
2022-07-15T14:00:00.0;-0.14944799254564023
2022-07-15T15:00:00.0;-0.1639451171427494
2022-07-15T16:00:00.0;-0.1880573631898847
2022-07-15T17:00:00.0;-0.20834434167903812
2022-07-15T18:00:00.0;-0.23125948100985017
2022-07-15T19:00:00.0;-0.2527506701865724
2022-07-15T20:00:00.0;-0.2674577965023326
2022-07-15T21:00:00.0;-0.26850533870846965
2022-07-15T22:00:00.0;-0.2600110720686754
2022-07-15T23:00:00.0;-0.2465223756574526
2022-07-16T00:00:00.0;-0.22808074196787456
2022-07-16T01:00:00.0;-0.21898782786118864
2022-07-16T02:00:00.0;-0.2104458796714227
2022-07-16T03:00:00.0;-0.20119684872550886
2022-07-16T04:00:00.0;-0.19438040094892298
2022-07-16T05:00:00.0;-0.19268677892307384
2022-07-16T06:00:00.0;-0.19444516467848383
2022-07-16T07:00:00.0;-0.18538256144321602
2022-07-16T08:00:00.0;-0.1667628418264975
2022-07-16T09:00:00.0;-0.14560094993461717
2022-07-16T10:00:00.0;-0.1312504185929664
2022-07-16T11:00:00.0;-0.1248225492227369
2022-07-16T12:00:00.0;-0.12470243093712945
2022-07-16T13:00:00.0;-0.13113308651132302
2022-07-16T14:00:00.0;-0.14163393002085858
2022-07-16T15:00:00.0;-0.158310189043121
2022-07-16T16:00:00.0;-0.18556791031989275
2022-07-16T17:00:00.0;-0.2059369936230954
2022-07-16T18:00:00.0;-0.22980464539242215
2022-07-16T19:00:00.0;-0.2510502378292691
2022-07-16T20:00:00.0;-0.2652781688878718
2022-07-16T21:00:00.0;-0.2649471823441544
2022-07-16T22:00:00.0;-0.2558913877632035
2022-07-16T23:00:00.0;-0.24237866570042763
2022-07-17T00:00:00.0;-0.23059818139751936
2022-07-17T01:00:00.0;-0.22164938176646987
2022-07-17T02:00:00.0;-0.2128856136985433
2022-07-17T03:00:00.0;-0.202971361921896
2022-07-17T04:00:00.0;-0.19520826979795017
2022-07-17T05:00:00.0;-0.19124224129054707
2022-07-17T06:00:00.0;-0.1931806850912532
2022-07-17T07:00:00.0;-0.18364734273863095
2022-07-17T08:00:00.0;-0.16504686747121897
2022-07-17T09:00:00.0;-0.1447951354349622
2022-07-17T10:00:00.0;-0.13164209265596022
2022-07-17T11:00:00.0;-0.12595603727416038
2022-07-17T12:00:00.0;-0.12707885562149007
2022-07-17T13:00:00.0;-0.13583993252076074
2022-07-17T14:00:00.0;-0.1471383756028564
2022-07-17T15:00:00.0;-0.1634405016787818
2022-07-17T16:00:00.0;-0.1907958205834443
2022-07-17T17:00:00.0;-0.20998916180899221
2022-07-17T18:00:00.0;-0.23311607275722634
2022-07-17T19:00:00.0;-0.25378020041090993
2022-07-17T20:00:00.0;-0.26812206333345723
2022-07-17T21:00:00.0;-0.26935625899521026
2022-07-17T22:00:00.0;-0.25980656465249713
2022-07-17T23:00:00.0;-0.24584545915983877
2022-07-18T00:00:00.0;-0.23116911185438516
2022-07-18T01:00:00.0;-0.22229509989314944
2022-07-18T02:00:00.0;-0.2136285006018312
2022-07-18T03:00:00.0;-0.20450424255953722
2022-07-18T04:00:00.0;-0.1971634159338193
2022-07-18T05:00:00.0;-0.19297571287483625
2022-07-18T06:00:00.0;-0.19249196906455013
2022-07-18T07:00:00.0;-0.18289663025449773
2022-07-18T08:00:00.0;-0.16606861763782585
2022-07-18T09:00:00.0;-0.14827902340864899
2022-07-18T10:00:00.0;-0.13663642043302057
2022-07-18T11:00:00.0;-0.13079503977590365
2022-07-18T12:00:00.0;-0.13140886604323995
2022-07-18T13:00:00.0;-0.137594006436811
2022-07-18T14:00:00.0;-0.14927874076049782
2022-07-18T15:00:00.0;-0.16385790566649838
2022-07-18T16:00:00.0;-0.18812033703725545
2022-07-18T17:00:00.0;-0.20834770961542093
2022-07-18T18:00:00.0;-0.23127611716563
2022-07-18T19:00:00.0;-0.2527657868489448
2022-07-18T20:00:00.0;-0.26751443751034326
2022-07-18T21:00:00.0;-0.2686048603865325
2022-07-18T22:00:00.0;-0.2600627256270887
2022-07-18T23:00:00.0;-0.24654240528070978
2022-07-19T00:00:00.0;-0.23116962713066913
2022-07-19T01:00:00.0;-0.22229524000031797
2022-07-19T02:00:00.0;-0.2136273503334624
2022-07-19T03:00:00.0;-0.20449388437337723
2022-07-19T04:00:00.0;-0.197145458328923
2022-07-19T05:00:00.0;-0.1929516563595866
2022-07-19T06:00:00.0;-0.1924873624587821
2022-07-19T07:00:00.0;-0.18289055939206358
2022-07-19T08:00:00.0;-0.16604820789647395
2022-07-19T09:00:00.0;-0.1482326543276871
2022-07-19T10:00:00.0;-0.13657277518375827
2022-07-19T11:00:00.0;-0.13072968399070975
2022-07-19T12:00:00.0;-0.131346065645207
2022-07-19T13:00:00.0;-0.13756101630475362
2022-07-19T14:00:00.0;-0.1492389188656783
2022-07-19T15:00:00.0;-0.1638373863778457
2022-07-19T16:00:00.0;-0.18813515364863873
2022-07-19T17:00:00.0;-0.2083485020301555
2022-07-19T18:00:00.0;-0.2312800313532713
2022-07-19T19:00:00.0;-0.25276934352717134
2022-07-19T20:00:00.0;-0.2675277641187544
2022-07-19T21:00:00.0;-0.2686282760438193
2022-07-19T22:00:00.0;-0.26007487877849245
2022-07-19T23:00:00.0;-0.24654711789009204
2022-07-20T00:00:00.0;-0.2232145778003774
2022-07-20T01:00:00.0;-0.21379009761918027
2022-07-20T02:00:00.0;-0.20571497732602098
2022-07-20T03:00:00.0;-0.19800033306503304
2022-07-20T04:00:00.0;-0.19361725927530238
2022-07-20T05:00:00.0;-0.19768964359009097
2022-07-20T06:00:00.0;-0.19989367500081642
2022-07-20T07:00:00.0;-0.19220603923479526
2022-07-20T08:00:00.0;-0.1732877533200575
2022-07-20T09:00:00.0;-0.15119169726846662
2022-07-20T10:00:00.0;-0.13534285722094347
2022-07-20T11:00:00.0;-0.12815626894664364
2022-07-20T12:00:00.0;-0.12623129242876674
2022-07-20T13:00:00.0;-0.12732963256529642
2022-07-20T14:00:00.0;-0.13673944261249196
2022-07-20T15:00:00.0;-0.15313908985424396
2022-07-20T16:00:00.0;-0.1786728446767583
2022-07-20T17:00:00.0;-0.2019169470976477
2022-07-20T18:00:00.0;-0.22701862368938344
2022-07-20T19:00:00.0;-0.24813169594110474
2022-07-20T20:00:00.0;-0.25976092749936247
2022-07-20T21:00:00.0;-0.25495243849017385
2022-07-20T22:00:00.0;-0.2471100648187306
2022-07-20T23:00:00.0;-0.23493176619061767
2022-07-21T00:00:00.0;-0.2360851736367559
2022-07-21T01:00:00.0;-0.22657246653899374
2022-07-21T02:00:00.0;-0.21771589238475197
2022-07-21T03:00:00.0;-0.2092963311591726
2022-07-21T04:00:00.0;-0.20255701529901562
2022-07-21T05:00:00.0;-0.19952762673549213
2022-07-21T06:00:00.0;-0.2001883885271702
2022-07-21T07:00:00.0;-0.19705205772726433
2022-07-21T08:00:00.0;-0.18739065298340848
2022-07-21T09:00:00.0;-0.1747899260508626
2022-07-21T10:00:00.0;-0.1646233793642737
2022-07-21T11:00:00.0;-0.158605877284432
2022-07-21T12:00:00.0;-0.1577793325183739
2022-07-21T13:00:00.0;-0.1597288065622047
2022-07-21T14:00:00.0;-0.16917491617406516
2022-07-21T15:00:00.0;-0.1813169403465357
2022-07-21T16:00:00.0;-0.20105380807627665
2022-07-21T17:00:00.0;-0.22439582930502588
2022-07-21T18:00:00.0;-0.24447460144854125
2022-07-21T19:00:00.0;-0.26134802468859236
2022-07-21T20:00:00.0;-0.27102577461662863
2022-07-21T21:00:00.0;-0.2697373569630024
2022-07-21T22:00:00.0;-0.2616670577046536
2022-07-21T23:00:00.0;-0.24958453210110354
2022-07-22T00:00:00.0;-0.23116227987978757
2022-07-22T01:00:00.0;-0.22229324223222827
2022-07-22T02:00:00.0;-0.21364375184571885
2022-07-22T03:00:00.0;-0.20464158026927876
2022-07-22T04:00:00.0;-0.1974015132503573
2022-07-22T05:00:00.0;-0.19329467477199794
2022-07-22T06:00:00.0;-0.19255304739198076
2022-07-22T07:00:00.0;-0.18297712295176974
2022-07-22T08:00:00.0;-0.16633922748113125
2022-07-22T09:00:00.0;-0.14889382442532784
2022-07-22T10:00:00.0;-0.13748028369581375
2022-07-22T11:00:00.0;-0.13166158279011747
2022-07-22T12:00:00.0;-0.1322415275443426
2022-07-22T13:00:00.0;-0.1380314178822933
2022-07-22T14:00:00.0;-0.14980673357194108
2022-07-22T15:00:00.0;-0.16412996798180654
2022-07-22T16:00:00.0;-0.18792388570474686
2022-07-22T17:00:00.0;-0.20833720310171985
2022-07-22T18:00:00.0;-0.2312242195111714
2022-07-22T19:00:00.0;-0.2527186293607153
2022-07-22T20:00:00.0;-0.267337741914268
2022-07-22T21:00:00.0;-0.2682943955334987
2022-07-22T22:00:00.0;-0.2599015887297453
2022-07-22T23:00:00.0;-0.24647992146651063
2022-07-23T00:00:00.0;-0.23117421234213523
2022-07-23T01:00:00.0;-0.22229648675087804
2022-07-23T02:00:00.0;-0.2136171146135622
2022-07-23T03:00:00.0;-0.20440171154216413
2022-07-23T04:00:00.0;-0.19698566169469303
2022-07-23T05:00:00.0;-0.1927375882703063
2022-07-23T06:00:00.0;-0.19244637034980025
2022-07-23T07:00:00.0;-0.18283653752280782
2022-07-23T08:00:00.0;-0.16586659080486424
2022-07-23T09:00:00.0;-0.14782003677023223
2022-07-23T10:00:00.0;-0.13600642478928343
2022-07-23T11:00:00.0;-0.1301481123077513
2022-07-23T12:00:00.0;-0.13078723320113
2022-07-23T13:00:00.0;-0.1372674519850121
2022-07-23T14:00:00.0;-0.14888456176752599
2022-07-23T15:00:00.0;-0.16365479447416867
2022-07-23T16:00:00.0;-0.1882669999969358
2022-07-23T17:00:00.0;-0.2083555533718142
2022-07-23T18:00:00.0;-0.23131486194534817
2022-07-23T19:00:00.0;-0.2528009928040611
2022-07-23T20:00:00.0;-0.26764635160200134
2022-07-23T21:00:00.0;-0.2688366414268604
2022-07-23T22:00:00.0;-0.2601830241965935
2022-07-23T23:00:00.0;-0.24658905327747085
2022-07-24T00:00:00.0;-0.22502377502480717
2022-07-24T01:00:00.0;-0.21574475884047864
2022-07-24T02:00:00.0;-0.20746190313144072
2022-07-24T03:00:00.0;-0.19897106844668072
2022-07-24T04:00:00.0;-0.19345535117019644
2022-07-24T05:00:00.0;-0.19500759051873834
2022-07-24T06:00:00.0;-0.1972508483693421
2022-07-24T07:00:00.0;-0.18883535776713498
2022-07-24T08:00:00.0;-0.16968793743193816
2022-07-24T09:00:00.0;-0.14750446134350015
2022-07-24T10:00:00.0;-0.13200366098424376
2022-07-24T11:00:00.0;-0.1251173231792982
2022-07-24T12:00:00.0;-0.12400213813180223
2022-07-24T13:00:00.0;-0.1278127931039786
2022-07-24T14:00:00.0;-0.1376672558438002
2022-07-24T15:00:00.0;-0.15455063660664195
2022-07-24T16:00:00.0;-0.1814258425439605
2022-07-24T17:00:00.0;-0.20323848177830234
2022-07-24T18:00:00.0;-0.2278956418837097
2022-07-24T19:00:00.0;-0.24909879560301373
2022-07-24T20:00:00.0;-0.26199567496193593
2022-07-24T21:00:00.0;-0.25922696223786096
2022-07-24T22:00:00.0;-0.2507201282918875
2022-07-24T23:00:00.0;-0.2378773385850132
2022-07-25T00:00:00.0;-0.23049424574331914
2022-07-25T01:00:00.0;-0.2212803467881442
2022-07-25T02:00:00.0;-0.21267968289601671
2022-07-25T03:00:00.0;-0.20387535679838065
2022-07-25T04:00:00.0;-0.19727898308841046
2022-07-25T05:00:00.0;-0.1954403460325993
2022-07-25T06:00:00.0;-0.1965373926851458
2022-07-25T07:00:00.0;-0.1892652338505353
2022-07-25T08:00:00.0;-0.17354880697276637
2022-07-25T09:00:00.0;-0.15539242505225428
2022-07-25T10:00:00.0;-0.14258205396101525
2022-07-25T11:00:00.0;-0.13628660239450646
2022-07-25T12:00:00.0;-0.13588521142958754
2022-07-25T13:00:00.0;-0.14033365062304345
2022-07-25T14:00:00.0;-0.1505824139310889
2022-07-25T15:00:00.0;-0.1654778826274094
2022-07-25T16:00:00.0;-0.18975562097629708
2022-07-25T17:00:00.0;-0.21128795977468923
2022-07-25T18:00:00.0;-0.23405774094785325
2022-07-25T19:00:00.0;-0.2541090841545563
2022-07-25T20:00:00.0;-0.2668443152980055
2022-07-25T21:00:00.0;-0.2659698114358855
2022-07-25T22:00:00.0;-0.25743572086749184
2022-07-25T23:00:00.0;-0.244477571241255
2022-07-26T00:00:00.0;-0.2258000995554088
2022-07-26T01:00:00.0;-0.21638609691879587
2022-07-26T02:00:00.0;-0.20816956506718923
2022-07-26T03:00:00.0;-0.2004200661071201
2022-07-26T04:00:00.0;-0.19562480286982314
2022-07-26T05:00:00.0;-0.19821758336608356
2022-07-26T06:00:00.0;-0.19974372473979762
2022-07-26T07:00:00.0;-0.19282108085185534
2022-07-26T08:00:00.0;-0.17585672158071355
2022-07-26T09:00:00.0;-0.15602012466339182
2022-07-26T10:00:00.0;-0.14161087676189318
2022-07-26T11:00:00.0;-0.13470955991193267
2022-07-26T12:00:00.0;-0.13303508320266288
2022-07-26T13:00:00.0;-0.13401006397612983
2022-07-26T14:00:00.0;-0.14361696208050412
2022-07-26T15:00:00.0;-0.15888834525926257
2022-07-26T16:00:00.0;-0.18278977118924356
2022-07-26T17:00:00.0;-0.2061578044768896
2022-07-26T18:00:00.0;-0.23023324526109226
2022-07-26T19:00:00.0;-0.25060860256266027
2022-07-26T20:00:00.0;-0.26185284781505336
2022-07-26T21:00:00.0;-0.2577346611026419
2022-07-26T22:00:00.0;-0.25000090147314846
2022-07-26T23:00:00.0;-0.23790576029409352
2022-07-27T00:00:00.0;-0.23040525087662114
2022-07-27T01:00:00.0;-0.22149595088306684
2022-07-27T02:00:00.0;-0.21292749229526517
2022-07-27T03:00:00.0;-0.2042384692483765
2022-07-27T04:00:00.0;-0.19742089374195695
2022-07-27T05:00:00.0;-0.19418890777215708
2022-07-27T06:00:00.0;-0.19329381275615515
2022-07-27T07:00:00.0;-0.18389713199958488
2022-07-27T08:00:00.0;-0.16733145556362267
2022-07-27T09:00:00.0;-0.14999913771301465
2022-07-27T10:00:00.0;-0.13854591468580874
2022-07-27T11:00:00.0;-0.132639583374565
2022-07-27T12:00:00.0;-0.13294100505302
2022-07-27T13:00:00.0;-0.13767678774649209
2022-07-27T14:00:00.0;-0.14939138392402013
2022-07-27T15:00:00.0;-0.16349866198174703
2022-07-27T16:00:00.0;-0.18670895458645914
2022-07-27T17:00:00.0;-0.2076708798101074
2022-07-27T18:00:00.0;-0.23070431205397837
2022-07-27T19:00:00.0;-0.25218938232937604
2022-07-27T20:00:00.0;-0.2663444297826335
2022-07-27T21:00:00.0;-0.2665659051192481
2022-07-27T22:00:00.0;-0.25846393358973296
2022-07-27T23:00:00.0;-0.2453105162377546
2022-07-28T00:00:00.0;-0.22847712279508423
2022-07-28T01:00:00.0;-0.21945152973223692
2022-07-28T02:00:00.0;-0.21104727893056596
2022-07-28T03:00:00.0;-0.20284870162900567
2022-07-28T04:00:00.0;-0.19685752958417044
2022-07-28T05:00:00.0;-0.195665845273646
2022-07-28T06:00:00.0;-0.19504043833544166
2022-07-28T07:00:00.0;-0.18605445310952376
2022-07-28T08:00:00.0;-0.1691847827513233
2022-07-28T09:00:00.0;-0.1512567161062165
2022-07-28T10:00:00.0;-0.13911159339277074
2022-07-28T11:00:00.0;-0.13292162609539301
2022-07-28T12:00:00.0;-0.13259444095904566
2022-07-28T13:00:00.0;-0.1356388411298265
2022-07-28T14:00:00.0;-0.1469640997531363
2022-07-28T15:00:00.0;-0.1611754270588398
2022-07-28T16:00:00.0;-0.18409225242976357
2022-07-28T17:00:00.0;-0.20598534744677538
2022-07-28T18:00:00.0;-0.22950169426059747
2022-07-28T19:00:00.0;-0.25095055244995246
2022-07-28T20:00:00.0;-0.26424645740476854
2022-07-28T21:00:00.0;-0.2629228693147568
2022-07-28T22:00:00.0;-0.2551838383341975
2022-07-28T23:00:00.0;-0.24246581629400524
2022-07-29T00:00:00.0;-0.22887224647054188
2022-07-29T01:00:00.0;-0.21987376609890727
2022-07-29T02:00:00.0;-0.21144593261173522
2022-07-29T03:00:00.0;-0.20322016281945038
2022-07-29T04:00:00.0;-0.19711923498576991
2022-07-29T05:00:00.0;-0.19555429592296295
2022-07-29T06:00:00.0;-0.19471594619312357
2022-07-29T07:00:00.0;-0.185656738899531
2022-07-29T08:00:00.0;-0.16896583436801443
2022-07-29T09:00:00.0;-0.15137080852368098
2022-07-29T10:00:00.0;-0.13950850505063953
2022-07-29T11:00:00.0;-0.13339109016992745
2022-07-29T12:00:00.0;-0.13317344022852862
2022-07-29T13:00:00.0;-0.1363273256491026
2022-07-29T14:00:00.0;-0.14778838937740668
2022-07-29T15:00:00.0;-0.16182226488190066
2022-07-29T16:00:00.0;-0.1845144589936905
2022-07-29T17:00:00.0;-0.20632799488800288
2022-07-29T18:00:00.0;-0.2297191233830048
2022-07-29T19:00:00.0;-0.25117836809544675
2022-07-29T20:00:00.0;-0.26457327762919386
2022-07-29T21:00:00.0;-0.2634881602488594
2022-07-29T22:00:00.0;-0.2557649357904768
2022-07-29T23:00:00.0;-0.24301684647280125
2022-07-30T00:00:00.0;-0.23115272745729995
2022-07-30T01:00:00.0;-0.22229064486279954
2022-07-30T02:00:00.0;-0.2136650760358189
2022-07-30T03:00:00.0;-0.20483360496260852
2022-07-30T04:00:00.0;-0.19773441937116631
2022-07-30T05:00:00.0;-0.1937406452239709
2022-07-30T06:00:00.0;-0.19263844671250266
2022-07-30T07:00:00.0;-0.18308966731804782
2022-07-30T08:00:00.0;-0.1667175924055976
2022-07-30T09:00:00.0;-0.1497534352118247
2022-07-30T10:00:00.0;-0.13866016782636384
2022-07-30T11:00:00.0;-0.13287317760172918
2022-07-30T12:00:00.0;-0.13340574944448688
2022-07-30T13:00:00.0;-0.13864300372303406
2022-07-30T14:00:00.0;-0.15054496968996378
2022-07-30T15:00:00.0;-0.16451036374318892
2022-07-30T16:00:00.0;-0.18764920872818897
2022-07-30T17:00:00.0;-0.2083225129625351
2022-07-30T18:00:00.0;-0.2311516565479422
2022-07-30T19:00:00.0;-0.25265269406710583
2022-07-30T20:00:00.0;-0.2670906872800169
2022-07-30T21:00:00.0;-0.26786030559341106
2022-07-30T22:00:00.0;-0.2596762881669595
2022-07-30T23:00:00.0;-0.24639255700352192
2022-07-31T00:00:00.0;-0.2319616838495468
2022-07-31T01:00:00.0;-0.22268324979636545
2022-07-31T02:00:00.0;-0.21398291118955423
2022-07-31T03:00:00.0;-0.20503583582279428
2022-07-31T04:00:00.0;-0.19817666891590646
2022-07-31T05:00:00.0;-0.19575113500034455
2022-07-31T06:00:00.0;-0.197111483521018
2022-07-31T07:00:00.0;-0.190713521574724
2022-07-31T08:00:00.0;-0.17611945081983912
2022-07-31T09:00:00.0;-0.15876733166531123
2022-07-31T10:00:00.0;-0.14628019766382291
2022-07-31T11:00:00.0;-0.14004087047600985
2022-07-31T12:00:00.0;-0.13965332437235017
2022-07-31T13:00:00.0;-0.1442881539418207
2022-07-31T14:00:00.0;-0.15425459217865076
2022-07-31T15:00:00.0;-0.1688981380103129
2022-07-31T16:00:00.0;-0.19287452340470806
2022-07-31T17:00:00.0;-0.214450790833544
2022-07-31T18:00:00.0;-0.23662382771281854
2022-07-31T19:00:00.0;-0.25594731301946116
2022-07-31T20:00:00.0;-0.2682624957805776
2022-07-31T21:00:00.0;-0.2676418590849452
2022-07-31T22:00:00.0;-0.2589541160130894
2022-07-31T23:00:00.0;-0.2460055860824436
2022-08-01T00:00:00.0;-0.23114385911671195
2022-08-01T01:00:00.0;-0.2222882334999482
2022-08-01T02:00:00.0;-0.21368487312716566
2022-08-01T03:00:00.0;-0.2050118781057784
2022-08-01T04:00:00.0;-0.19804348493720372
2022-08-01T05:00:00.0;-0.19415467819470753
2022-08-01T06:00:00.0;-0.19271773029332767
2022-08-01T07:00:00.0;-0.18319415199433892
2022-08-01T08:00:00.0;-0.16706886131367504
2022-08-01T09:00:00.0;-0.15055148630699489
2022-08-01T10:00:00.0;-0.13975555638750178
2022-08-01T11:00:00.0;-0.13399800593275754
2022-08-01T12:00:00.0;-0.13448659740152294
2022-08-01T13:00:00.0;-0.1392107917937059
2022-08-01T14:00:00.0;-0.15123033817502335
2022-08-01T15:00:00.0;-0.16486351805295096
2022-08-01T16:00:00.0;-0.18739420231667872
2022-08-01T17:00:00.0;-0.2083088748348513
2022-08-01T18:00:00.0;-0.2310842900686198
2022-08-01T19:00:00.0;-0.25259148062713743
2022-08-01T20:00:00.0;-0.2668613250796722
2022-08-01T21:00:00.0;-0.26745730233015386
2022-08-01T22:00:00.0;-0.2594671221540405
2022-08-01T23:00:00.0;-0.24631144901085555
2022-08-02T00:00:00.0;-0.22404154345487484
2022-08-02T01:00:00.0;-0.2147173009051707
2022-08-02T02:00:00.0;-0.20659531128274694
2022-08-02T03:00:00.0;-0.19882961914125177
2022-08-02T04:00:00.0;-0.19417429215045956
2022-08-02T05:00:00.0;-0.19725077983107087
2022-08-02T06:00:00.0;-0.19874133156402235
2022-08-02T07:00:00.0;-0.1905963679882756
2022-08-02T08:00:00.0;-0.17192266650409194
2022-08-02T09:00:00.0;-0.15062319791729753
2022-08-02T10:00:00.0;-0.13554871949039698
2022-08-02T11:00:00.0;-0.1285694105652167
2022-08-02T12:00:00.0;-0.12697903654760176
2022-08-02T13:00:00.0;-0.12838157686023682
2022-08-02T14:00:00.0;-0.13827983751990766
2022-08-02T15:00:00.0;-0.15421140234854222
2022-08-02T16:00:00.0;-0.17915414531651247
2022-08-02T17:00:00.0;-0.20213404744370533
2022-08-02T18:00:00.0;-0.22701036084348747
2022-08-02T19:00:00.0;-0.2483477849393694
2022-08-02T20:00:00.0;-0.2603981396841631
2022-08-02T21:00:00.0;-0.25626147287499446
2022-08-02T22:00:00.0;-0.2485019969894227
2022-08-02T23:00:00.0;-0.23622448804728824
2022-08-03T00:00:00.0;-0.22405832206396903
2022-08-03T01:00:00.0;-0.2147380260106568
2022-08-03T02:00:00.0;-0.20660959187687003
2022-08-03T03:00:00.0;-0.19883875192628872
2022-08-03T04:00:00.0;-0.19415378520864082
2022-08-03T05:00:00.0;-0.19713245080706843
2022-08-03T06:00:00.0;-0.19856838996795337
2022-08-03T07:00:00.0;-0.190423662495157
2022-08-03T08:00:00.0;-0.17180305459467166
2022-08-03T09:00:00.0;-0.15058007455212571
2022-08-03T10:00:00.0;-0.13556546901894573
2022-08-03T11:00:00.0;-0.12860567536922488
2022-08-03T12:00:00.0;-0.12703327653275226
2022-08-03T13:00:00.0;-0.12845714187399954
2022-08-03T14:00:00.0;-0.13840772594921985
2022-08-03T15:00:00.0;-0.15433722947579454
2022-08-03T16:00:00.0;-0.17926002294819557
2022-08-03T17:00:00.0;-0.202242135748952
2022-08-03T18:00:00.0;-0.22705580668518507
2022-08-03T19:00:00.0;-0.24833880446837087
2022-08-03T20:00:00.0;-0.26036038640379877
2022-08-03T21:00:00.0;-0.2562685044175567
2022-08-03T22:00:00.0;-0.24851388594658885
2022-08-03T23:00:00.0;-0.23624828768602527
2022-08-04T00:00:00.0;-0.23113652871625207
2022-08-04T01:00:00.0;-0.2222862403136041
2022-08-04T02:00:00.0;-0.2137012370236661
2022-08-04T03:00:00.0;-0.20515923527115898
2022-08-04T04:00:00.0;-0.1982989526140406
2022-08-04T05:00:00.0;-0.19449690991765253
2022-08-04T06:00:00.0;-0.19278326458258666
2022-08-04T07:00:00.0;-0.1832805170263914
2022-08-04T08:00:00.0;-0.16735921346465105
2022-08-04T09:00:00.0;-0.15121114005585534
2022-08-04T10:00:00.0;-0.14066098359032944
2022-08-04T11:00:00.0;-0.1349277674854675
2022-08-04T12:00:00.0;-0.1353800056195205
2022-08-04T13:00:00.0;-0.13968011453712878
2022-08-04T14:00:00.0;-0.15179685063676482
2022-08-04T15:00:00.0;-0.16515542864084518
2022-08-04T16:00:00.0;-0.1871834189014886
2022-08-04T17:00:00.0;-0.20829760181974177
2022-08-04T18:00:00.0;-0.23102860622719473
2022-08-04T19:00:00.0;-0.2525408827701829
2022-08-04T20:00:00.0;-0.2666717386782251
2022-08-04T21:00:00.0;-0.2671241875521409
2022-08-04T22:00:00.0;-0.2592942295342681
2022-08-04T23:00:00.0;-0.24624440669771458
2022-08-05T00:00:00.0;-0.2314433765818796
2022-08-05T01:00:00.0;-0.22254786262243753
2022-08-05T02:00:00.0;-0.21392890891189972
2022-08-05T03:00:00.0;-0.2052694872947223
2022-08-05T04:00:00.0;-0.19831350318266236
2022-08-05T05:00:00.0;-0.19447559144999382
2022-08-05T06:00:00.0;-0.1931695206986623
2022-08-05T07:00:00.0;-0.1840326924101624
2022-08-05T08:00:00.0;-0.16829630212355576
2022-08-05T09:00:00.0;-0.15201122769300388
2022-08-05T10:00:00.0;-0.1412500891113225
2022-08-05T11:00:00.0;-0.13547645566604308
2022-08-05T12:00:00.0;-0.13588585171321593
2022-08-05T13:00:00.0;-0.14044768617412656
2022-08-05T14:00:00.0;-0.15230997267642646
2022-08-05T15:00:00.0;-0.1658565348095797
2022-08-05T16:00:00.0;-0.18822477219517533
2022-08-05T17:00:00.0;-0.20928381312999744
2022-08-05T18:00:00.0;-0.23189643058866014
2022-08-05T19:00:00.0;-0.2531227699803521
2022-08-05T20:00:00.0;-0.2671162498580456
2022-08-05T21:00:00.0;-0.26759999669376056
2022-08-05T22:00:00.0;-0.2596027804479615
2022-08-05T23:00:00.0;-0.24651069334807135
2022-08-06T00:00:00.0;-0.22948660990943595
2022-08-06T01:00:00.0;-0.22047546403188256
2022-08-06T02:00:00.0;-0.21178171591423747
2022-08-06T03:00:00.0;-0.20219541650158415
2022-08-06T04:00:00.0;-0.19511125677752883
2022-08-06T05:00:00.0;-0.19268633407745783
2022-08-06T06:00:00.0;-0.19527112468457603
2022-08-06T07:00:00.0;-0.1861233748187458
2022-08-06T08:00:00.0;-0.16706990180731912
2022-08-06T09:00:00.0;-0.14732518634792058
2022-08-06T10:00:00.0;-0.13473728714129046
2022-08-06T11:00:00.0;-0.12964901025859743
2022-08-06T12:00:00.0;-0.13119576083197151
2022-08-06T13:00:00.0;-0.13892774025266605
2022-08-06T14:00:00.0;-0.150824660021412
2022-08-06T15:00:00.0;-0.16655817984377796
2022-08-06T16:00:00.0;-0.1927638025869012
2022-08-06T17:00:00.0;-0.21275729126902404
2022-08-06T18:00:00.0;-0.23564980470701882
2022-08-06T19:00:00.0;-0.25491403007416313
2022-08-06T20:00:00.0;-0.26669532129104156
2022-08-06T21:00:00.0;-0.26628737361887883
2022-08-06T22:00:00.0;-0.25706542410161953
2022-08-06T23:00:00.0;-0.24372045482936106
2022-08-07T00:00:00.0;-0.22884959239952704
2022-08-07T01:00:00.0;-0.21977716573837736
2022-08-07T02:00:00.0;-0.21104399973655788
2022-08-07T03:00:00.0;-0.20107299044089605
2022-08-07T04:00:00.0;-0.19391726215402066
2022-08-07T05:00:00.0;-0.1920350219069908
2022-08-07T06:00:00.0;-0.19623908746838914
2022-08-07T07:00:00.0;-0.18723102249041684
2022-08-07T08:00:00.0;-0.1669979439776484
2022-08-07T09:00:00.0;-0.14591710394581972
2022-08-07T10:00:00.0;-0.13257717844839412
2022-08-07T11:00:00.0;-0.12774083194764246
2022-08-07T12:00:00.0;-0.12970454638531576
2022-08-07T13:00:00.0;-0.13870166784657334
2022-08-07T14:00:00.0;-0.15052709618579432
2022-08-07T15:00:00.0;-0.16713869884693847
2022-08-07T16:00:00.0;-0.19488623122667892
2022-08-07T17:00:00.0;-0.2144748974031501
2022-08-07T18:00:00.0;-0.23742361807769355
2022-08-07T19:00:00.0;-0.2558219470462586
2022-08-07T20:00:00.0;-0.2666785763590049
2022-08-07T21:00:00.0;-0.2659193997587596
2022-08-07T22:00:00.0;-0.2561826928131153
2022-08-07T23:00:00.0;-0.24273837371514514
2022-08-08T00:00:00.0;-0.23007472321907077
2022-08-08T01:00:00.0;-0.22112916654988307
2022-08-08T02:00:00.0;-0.21249986865615725
2022-08-08T03:00:00.0;-0.20347074094449474
2022-08-08T04:00:00.0;-0.19661514418197953
2022-08-08T05:00:00.0;-0.1938093054901589
2022-08-08T06:00:00.0;-0.19445861074449308
2022-08-08T07:00:00.0;-0.1852105736824588
2022-08-08T08:00:00.0;-0.16757066695928907
2022-08-08T09:00:00.0;-0.14963329455690333
2022-08-08T10:00:00.0;-0.13811919819473115
2022-08-08T11:00:00.0;-0.1328303051808336
2022-08-08T12:00:00.0;-0.13393071986007848
2022-08-08T13:00:00.0;-0.13984039079659355
2022-08-08T14:00:00.0;-0.15194951126667702
2022-08-08T15:00:00.0;-0.16644768422661751
2022-08-08T16:00:00.0;-0.19045347344699295
2022-08-08T17:00:00.0;-0.21112524946553005
2022-08-08T18:00:00.0;-0.23389866166486453
2022-08-08T19:00:00.0;-0.25398475728713515
2022-08-08T20:00:00.0;-0.26642827637224964
2022-08-08T21:00:00.0;-0.2661365318482363
2022-08-08T22:00:00.0;-0.2576376485105454
2022-08-08T23:00:00.0;-0.24454399615860056
2022-08-09T00:00:00.0;-0.23093713301764884
2022-08-09T01:00:00.0;-0.22195269181617974
2022-08-09T02:00:00.0;-0.21328514953475888
2022-08-09T03:00:00.0;-0.2043992544502226
2022-08-09T04:00:00.0;-0.19727193778935762
2022-08-09T05:00:00.0;-0.19326084217540343
2022-08-09T06:00:00.0;-0.19245482358542665
2022-08-09T07:00:00.0;-0.1834586173270367
2022-08-09T08:00:00.0;-0.16783115442502844
2022-08-09T09:00:00.0;-0.15110036969569607
2022-08-09T10:00:00.0;-0.13968999355424255
2022-08-09T11:00:00.0;-0.13371209030821982
2022-08-09T12:00:00.0;-0.13421725616526703
2022-08-09T13:00:00.0;-0.13963946164802815
2022-08-09T14:00:00.0;-0.151507257662369
2022-08-09T15:00:00.0;-0.16565794649726773
2022-08-09T16:00:00.0;-0.18900017267977892
2022-08-09T17:00:00.0;-0.20994946068313947
2022-08-09T18:00:00.0;-0.2321701741934189
2022-08-09T19:00:00.0;-0.2529416416772153
2022-08-09T20:00:00.0;-0.2668886285431637
2022-08-09T21:00:00.0;-0.26757630612231575
2022-08-09T22:00:00.0;-0.25938647479082216
2022-08-09T23:00:00.0;-0.24621373077096642
2022-08-10T00:00:00.0;-0.23040944515391606
2022-08-10T01:00:00.0;-0.2213258586442158
2022-08-10T02:00:00.0;-0.21263399680160608
2022-08-10T03:00:00.0;-0.2035426579480171
2022-08-10T04:00:00.0;-0.19634957168793443
2022-08-10T05:00:00.0;-0.19259993407408726
2022-08-10T06:00:00.0;-0.1926137420837752
2022-08-10T07:00:00.0;-0.18394014196934252
2022-08-10T08:00:00.0;-0.16816489291140232
2022-08-10T09:00:00.0;-0.15060018205871747
2022-08-10T10:00:00.0;-0.13833228564402347
2022-08-10T11:00:00.0;-0.1321412161372107
2022-08-10T12:00:00.0;-0.13257074128593524
2022-08-10T13:00:00.0;-0.13863899063744844
2022-08-10T14:00:00.0;-0.15018700918296957
2022-08-10T15:00:00.0;-0.1650600953590848
2022-08-10T16:00:00.0;-0.18954748965282836
2022-08-10T17:00:00.0;-0.21040459309574727
2022-08-10T18:00:00.0;-0.23252912322281927
2022-08-10T19:00:00.0;-0.2529171932695381
2022-08-10T20:00:00.0;-0.2667317402234703
2022-08-10T21:00:00.0;-0.26734586188395654
2022-08-10T22:00:00.0;-0.25888143729852797
2022-08-10T23:00:00.0;-0.2456288370991088
2022-08-11T00:00:00.0;-0.23088888687914963
2022-08-11T01:00:00.0;-0.22187725679469186
2022-08-11T02:00:00.0;-0.21320072315323027
2022-08-11T03:00:00.0;-0.2043053451543103
2022-08-11T04:00:00.0;-0.1971739468916087
2022-08-11T05:00:00.0;-0.1931607479622632
2022-08-11T06:00:00.0;-0.1924151888472404
2022-08-11T07:00:00.0;-0.18354267992842133
2022-08-11T08:00:00.0;-0.16808547401293686
2022-08-11T09:00:00.0;-0.15141424811957663
2022-08-11T10:00:00.0;-0.13993811581802268
2022-08-11T11:00:00.0;-0.13391811532414807
2022-08-11T12:00:00.0;-0.13441642930229736
2022-08-11T13:00:00.0;-0.13987128865379495
2022-08-11T14:00:00.0;-0.15173343419237856
2022-08-11T15:00:00.0;-0.16591988746357206
2022-08-11T16:00:00.0;-0.18929728365777315
2022-08-11T17:00:00.0;-0.21031219065045348
2022-08-11T18:00:00.0;-0.2323962670124914
2022-08-11T19:00:00.0;-0.2530050765981006
2022-08-11T20:00:00.0;-0.2668397030428773
2022-08-11T21:00:00.0;-0.26750618726162834
2022-08-11T22:00:00.0;-0.25931831076327416
2022-08-11T23:00:00.0;-0.2461724754069191
2022-08-12T00:00:00.0;-0.22918520042435916
2022-08-12T01:00:00.0;-0.22016874807022527
2022-08-12T02:00:00.0;-0.2117236514086488
2022-08-12T03:00:00.0;-0.20363351956843387
2022-08-12T04:00:00.0;-0.19755931704326588
2022-08-12T05:00:00.0;-0.19571544324402035
2022-08-12T06:00:00.0;-0.19438419516609026
2022-08-12T07:00:00.0;-0.18552313316518337
2022-08-12T08:00:00.0;-0.16964718696934636
2022-08-12T09:00:00.0;-0.1530415826312214
2022-08-12T10:00:00.0;-0.14169249081952345
2022-08-12T11:00:00.0;-0.13560220634494072
2022-08-12T12:00:00.0;-0.13543626536183118
2022-08-12T13:00:00.0;-0.13817769493730167
2022-08-12T14:00:00.0;-0.1499077377853637
2022-08-12T15:00:00.0;-0.16344007175243175
2022-08-12T16:00:00.0;-0.18526008044425957
2022-08-12T17:00:00.0;-0.2073993886261416
2022-08-12T18:00:00.0;-0.2303228937209072
2022-08-12T19:00:00.0;-0.2514758745941885
2022-08-12T20:00:00.0;-0.2645571740743564
2022-08-12T21:00:00.0;-0.2634819666606572
2022-08-12T22:00:00.0;-0.2560037638176651
2022-08-12T23:00:00.0;-0.243425636223281
2022-08-13T00:00:00.0;-0.23085177258612233
2022-08-13T01:00:00.0;-0.22182109349762738
2022-08-13T02:00:00.0;-0.21314153133750197
2022-08-13T03:00:00.0;-0.2042649666691549
2022-08-13T04:00:00.0;-0.19715186387613268
2022-08-13T05:00:00.0;-0.19315421472271746
2022-08-13T06:00:00.0;-0.19239880575686835
2022-08-13T07:00:00.0;-0.18362185492764146
2022-08-13T08:00:00.0;-0.16833073713532637
2022-08-13T09:00:00.0;-0.1517763487336642
2022-08-13T10:00:00.0;-0.14030005395724784
2022-08-13T11:00:00.0;-0.13425372758224854
2022-08-13T12:00:00.0;-0.13473980910324712
2022-08-13T13:00:00.0;-0.1401352051646743
2022-08-13T14:00:00.0;-0.15201233333730282
2022-08-13T15:00:00.0;-0.1661710924294425
2022-08-13T16:00:00.0;-0.18947538855862034
2022-08-13T17:00:00.0;-0.2105781405278499
2022-08-13T18:00:00.0;-0.23255244357364535
2022-08-13T19:00:00.0;-0.2530420001469053
2022-08-13T20:00:00.0;-0.26676615627019895
2022-08-13T21:00:00.0;-0.26738867649215986
2022-08-13T22:00:00.0;-0.25923383166630876
2022-08-13T23:00:00.0;-0.24612875781456953
2022-08-14T00:00:00.0;-0.23077527154833868
2022-08-14T01:00:00.0;-0.22168845864293624
2022-08-14T02:00:00.0;-0.2129675133240496
2022-08-14T03:00:00.0;-0.20389377043638615
2022-08-14T04:00:00.0;-0.19662465419686245
2022-08-14T05:00:00.0;-0.1925039004636583
2022-08-14T06:00:00.0;-0.19223754515886488
2022-08-14T07:00:00.0;-0.18365393302027916
2022-08-14T08:00:00.0;-0.16838780808622622
2022-08-14T09:00:00.0;-0.15143238953691227
2022-08-14T10:00:00.0;-0.13950006658353023
2022-08-14T11:00:00.0;-0.1333447242494156
2022-08-14T12:00:00.0;-0.13386850749651807
2022-08-14T13:00:00.0;-0.1399057655917731
2022-08-14T14:00:00.0;-0.1516390845972039
2022-08-14T15:00:00.0;-0.1662396973749366
2022-08-14T16:00:00.0;-0.1902984843810765
2022-08-14T17:00:00.0;-0.21124460220963365
2022-08-14T18:00:00.0;-0.23303477530642455
2022-08-14T19:00:00.0;-0.2532254300470709
2022-08-14T20:00:00.0;-0.26693909979053443
2022-08-14T21:00:00.0;-0.2677209864169478
2022-08-14T22:00:00.0;-0.2593492900001191
2022-08-14T23:00:00.0;-0.24614692657312653
2022-08-15T00:00:00.0;-0.23193907861794802
2022-08-15T01:00:00.0;-0.22298876783703878
2022-08-15T02:00:00.0;-0.214390248285415
2022-08-15T03:00:00.0;-0.20609112045744998
2022-08-15T04:00:00.0;-0.19943456480565228
2022-08-15T05:00:00.0;-0.19590728591348686
2022-08-15T06:00:00.0;-0.19411426330125683
2022-08-15T07:00:00.0;-0.18569544260011936
2022-08-15T08:00:00.0;-0.17115191700502075
2022-08-15T09:00:00.0;-0.15621594017026827
2022-08-15T10:00:00.0;-0.1461468146245038
2022-08-15T11:00:00.0;-0.14040815042665633
2022-08-15T12:00:00.0;-0.14058797428291028
2022-08-15T13:00:00.0;-0.14377993697768507
2022-08-15T14:00:00.0;-0.1556220740627696
2022-08-15T15:00:00.0;-0.16831342741666572
2022-08-15T16:00:00.0;-0.1891094262071474
2022-08-15T17:00:00.0;-0.2109297193340858
2022-08-15T18:00:00.0;-0.23314841145841028
2022-08-15T19:00:00.0;-0.2539053431047009
2022-08-15T20:00:00.0;-0.2670664967648762
2022-08-15T21:00:00.0;-0.26698821486233804
2022-08-15T22:00:00.0;-0.259391076350118
2022-08-15T23:00:00.0;-0.24668052346777056
2022-08-16T00:00:00.0;-0.2301901256686672
2022-08-16T01:00:00.0;-0.22128206582830587
2022-08-16T02:00:00.0;-0.21274208012894477
2022-08-16T03:00:00.0;-0.2043742069161535
2022-08-16T04:00:00.0;-0.198007435402697
2022-08-16T05:00:00.0;-0.195455018354249
2022-08-16T06:00:00.0;-0.19452087181754976
2022-08-16T07:00:00.0;-0.1853315032120391
2022-08-16T08:00:00.0;-0.16885567366214366
2022-08-16T09:00:00.0;-0.15284074938361306
2022-08-16T10:00:00.0;-0.14257431259453468
2022-08-16T11:00:00.0;-0.1373334161306999
2022-08-16T12:00:00.0;-0.13817853014978315
2022-08-16T13:00:00.0;-0.14194286637240933
2022-08-16T14:00:00.0;-0.15449308862768757
2022-08-16T15:00:00.0;-0.16758849691754388
2022-08-16T16:00:00.0;-0.18904151161327923
2022-08-16T17:00:00.0;-0.21067850210999164
2022-08-16T18:00:00.0;-0.23324490526646546
2022-08-16T19:00:00.0;-0.25355361130029763
2022-08-16T20:00:00.0;-0.26560397592789814
2022-08-16T21:00:00.0;-0.264766536697858
2022-08-16T22:00:00.0;-0.25708668596910983
2022-08-16T23:00:00.0;-0.24447841492661976
2022-08-17T00:00:00.0;-0.23126758586655433
2022-08-17T01:00:00.0;-0.2224309375174937
2022-08-17T02:00:00.0;-0.21396727536862556
2022-08-17T03:00:00.0;-0.206367557611474
2022-08-17T04:00:00.0;-0.20028569324269097
2022-08-17T05:00:00.0;-0.19713342517594082
2022-08-17T06:00:00.0;-0.19352704391159656
2022-08-17T07:00:00.0;-0.18440953275143393
2022-08-17T08:00:00.0;-0.17018067867647596
2022-08-17T09:00:00.0;-0.15680789129283926
2022-08-17T10:00:00.0;-0.14803138315050537
2022-08-17T11:00:00.0;-0.14246182614173913
2022-08-17T12:00:00.0;-0.14260639426423322
2022-08-17T13:00:00.0;-0.14378341837242703
2022-08-17T14:00:00.0;-0.15649686045857636
2022-08-17T15:00:00.0;-0.1678445239127518
2022-08-17T16:00:00.0;-0.18618890078725095
2022-08-17T17:00:00.0;-0.2088139462030233
2022-08-17T18:00:00.0;-0.23112866140187358
2022-08-17T19:00:00.0;-0.25250530309685354
2022-08-17T20:00:00.0;-0.2654760251476646
2022-08-17T21:00:00.0;-0.2648364312733411
2022-08-17T22:00:00.0;-0.2581445437204348
2022-08-17T23:00:00.0;-0.24588834738455442
2022-08-18T00:00:00.0;-0.23108307287079397
2022-08-18T01:00:00.0;-0.22227170530125928
2022-08-18T02:00:00.0;-0.21382056828356188
2022-08-18T03:00:00.0;-0.20623381528937554
2022-08-18T04:00:00.0;-0.20016191231552571
2022-08-18T05:00:00.0;-0.19699258340680192
2022-08-18T06:00:00.0;-0.1932611635538638
2022-08-18T07:00:00.0;-0.18391032106392513
2022-08-18T08:00:00.0;-0.16947656295952743
2022-08-18T09:00:00.0;-0.15602156604115647
2022-08-18T10:00:00.0;-0.1472636756114159
2022-08-18T11:00:00.0;-0.14170791410180397
2022-08-18T12:00:00.0;-0.14189505099713132
2022-08-18T13:00:00.0;-0.14310258022364128
2022-08-18T14:00:00.0;-0.1559280577612083
2022-08-18T15:00:00.0;-0.16728414280311082
2022-08-18T16:00:00.0;-0.18564631247337737
2022-08-18T17:00:00.0;-0.20821539504852382
2022-08-18T18:00:00.0;-0.23062254016872813
2022-08-18T19:00:00.0;-0.25217190549033713
2022-08-18T20:00:00.0;-0.26528920829231195
2022-08-18T21:00:00.0;-0.26469499801594937
2022-08-18T22:00:00.0;-0.2580334360463866
2022-08-18T23:00:00.0;-0.2457555106885504
2022-08-19T00:00:00.0;-0.23021648268793254
2022-08-19T01:00:00.0;-0.2213265512192108
2022-08-19T02:00:00.0;-0.212841893878638
2022-08-19T03:00:00.0;-0.2048472846043663
2022-08-19T04:00:00.0;-0.1987491183607453
2022-08-19T05:00:00.0;-0.1963423513411165
2022-08-19T06:00:00.0;-0.19448450491529284
2022-08-19T07:00:00.0;-0.18532138830157158
2022-08-19T08:00:00.0;-0.1695144616160964
2022-08-19T09:00:00.0;-0.15447511553701662
2022-08-19T10:00:00.0;-0.14479577165611549
2022-08-19T11:00:00.0;-0.13950201340939813
2022-08-19T12:00:00.0;-0.14011625474246137
2022-08-19T13:00:00.0;-0.14265861991601747
2022-08-19T14:00:00.0;-0.15536669817475277
2022-08-19T15:00:00.0;-0.16774453586034246
2022-08-19T16:00:00.0;-0.18786633587481152
2022-08-19T17:00:00.0;-0.21003321511869918
2022-08-19T18:00:00.0;-0.23254373899999178
2022-08-19T19:00:00.0;-0.2531096806847887
2022-08-19T20:00:00.0;-0.26512511788109383
2022-08-19T21:00:00.0;-0.2640266641814533
2022-08-19T22:00:00.0;-0.2567982602103966
2022-08-19T23:00:00.0;-0.24443318978438688
2022-08-20T00:00:00.0;-0.23088471805491645
2022-08-20T01:00:00.0;-0.22192564530125092
2022-08-20T02:00:00.0;-0.21336271046909652
2022-08-20T03:00:00.0;-0.20523450398200938
2022-08-20T04:00:00.0;-0.19873328679779861
2022-08-20T05:00:00.0;-0.19522490776468973
2022-08-20T06:00:00.0;-0.19282672213187277
2022-08-20T07:00:00.0;-0.18397671116396405
2022-08-20T08:00:00.0;-0.16956713462392353
2022-08-20T09:00:00.0;-0.15499017401586257
2022-08-20T10:00:00.0;-0.14499154794417138
2022-08-20T11:00:00.0;-0.1391461174396738
2022-08-20T12:00:00.0;-0.13943906195665876
2022-08-20T13:00:00.0;-0.14240868192056935
2022-08-20T14:00:00.0;-0.15483892515061387
2022-08-20T15:00:00.0;-0.16740452892201266
2022-08-20T16:00:00.0;-0.18783883196071138
2022-08-20T17:00:00.0;-0.20995856189055123
2022-08-20T18:00:00.0;-0.23189368145820824
2022-08-20T19:00:00.0;-0.2526612466766922
2022-08-20T20:00:00.0;-0.26577916373400967
2022-08-20T21:00:00.0;-0.26563016278931534
2022-08-20T22:00:00.0;-0.25836986797894695
2022-08-20T23:00:00.0;-0.24581647917757374
2022-08-21T00:00:00.0;-0.2265184575566552
2022-08-21T01:00:00.0;-0.21749548718603964
2022-08-21T02:00:00.0;-0.20890505311535176
2022-08-21T03:00:00.0;-0.20047367803658112
2022-08-21T04:00:00.0;-0.19360617280945056
2022-08-21T05:00:00.0;-0.18993555237256027
2022-08-21T06:00:00.0;-0.1883613541067822
2022-08-21T07:00:00.0;-0.17988688305123623
2022-08-21T08:00:00.0;-0.16422271521319792
2022-08-21T09:00:00.0;-0.14739649037191557
2022-08-21T10:00:00.0;-0.13600878775882455
2022-08-21T11:00:00.0;-0.1302755207106123
2022-08-21T12:00:00.0;-0.13013545218790518
2022-08-21T13:00:00.0;-0.13402014139695329
2022-08-21T14:00:00.0;-0.14695144455456483
2022-08-21T15:00:00.0;-0.16266889742769658
2022-08-21T16:00:00.0;-0.18678936744414582
2022-08-21T17:00:00.0;-0.20912015467813627
2022-08-21T18:00:00.0;-0.23035666408831357
2022-08-21T19:00:00.0;-0.24891593815008248
2022-08-21T20:00:00.0;-0.26018897973556
2022-08-21T21:00:00.0;-0.2596440822346796
2022-08-21T22:00:00.0;-0.2518440490120345
2022-08-21T23:00:00.0;-0.23982531256824097
2022-08-22T00:00:00.0;-0.2303391584750379
2022-08-22T01:00:00.0;-0.22146710047401214
2022-08-22T02:00:00.0;-0.2130037822690317
2022-08-22T03:00:00.0;-0.2052114616451486
2022-08-22T04:00:00.0;-0.19925201604433482
2022-08-22T05:00:00.0;-0.19686133710597103
2022-08-22T06:00:00.0;-0.1944894478876635
2022-08-22T07:00:00.0;-0.1853363245408186
2022-08-22T08:00:00.0;-0.16991653247128813
2022-08-22T09:00:00.0;-0.15559345543495112
2022-08-22T10:00:00.0;-0.14641520503588845
2022-08-22T11:00:00.0;-0.14119222449437377
2022-08-22T12:00:00.0;-0.14179223982541825
2022-08-22T13:00:00.0;-0.14368783706621036
2022-08-22T14:00:00.0;-0.15660620760009233
2022-08-22T15:00:00.0;-0.16847537298063442
2022-08-22T16:00:00.0;-0.1877016283096413
2022-08-22T17:00:00.0;-0.2101653742226021
2022-08-22T18:00:00.0;-0.2325570737626591
2022-08-22T19:00:00.0;-0.2531223220260088
2022-08-22T20:00:00.0;-0.264928824018151
2022-08-22T21:00:00.0;-0.2636734280633348
2022-08-22T22:00:00.0;-0.2567097206993445
2022-08-22T23:00:00.0;-0.24450831740713755
2022-08-23T00:00:00.0;-0.23040289095183142
2022-08-23T01:00:00.0;-0.22151546878912778
2022-08-23T02:00:00.0;-0.21304586727911837
2022-08-23T03:00:00.0;-0.20527395642095633
2022-08-23T04:00:00.0;-0.19929434659129958
2022-08-23T05:00:00.0;-0.19679014391283506
2022-08-23T06:00:00.0;-0.19427861687174794
2022-08-23T07:00:00.0;-0.1852063929905297
2022-08-23T08:00:00.0;-0.1700769599389966
2022-08-23T09:00:00.0;-0.15592887048992007
2022-08-23T10:00:00.0;-0.1467515061470257
2022-08-23T11:00:00.0;-0.14144367902857316
2022-08-23T12:00:00.0;-0.14197880410839012
2022-08-23T13:00:00.0;-0.1438068280187377
2022-08-23T14:00:00.0;-0.15670649392187574
2022-08-23T15:00:00.0;-0.16853516462294305
2022-08-23T16:00:00.0;-0.18767127001555348
2022-08-23T17:00:00.0;-0.21020712210667583
2022-08-23T18:00:00.0;-0.23248055229211598
2022-08-23T19:00:00.0;-0.25304275548639665
2022-08-23T20:00:00.0;-0.2649379711083656
2022-08-23T21:00:00.0;-0.2637589934701929
2022-08-23T22:00:00.0;-0.25683946714602596
2022-08-23T23:00:00.0;-0.24465041568198082
2022-08-24T00:00:00.0;-0.23111068183704878
2022-08-24T01:00:00.0;-0.2222732331388222
2022-08-24T02:00:00.0;-0.21381811313312704
2022-08-24T03:00:00.0;-0.20622763801778027
2022-08-24T04:00:00.0;-0.20013921744746643
2022-08-24T05:00:00.0;-0.1969440240847706
2022-08-24T06:00:00.0;-0.19319596723837973
2022-08-24T07:00:00.0;-0.1838826576789757
2022-08-24T08:00:00.0;-0.16953385220248104
2022-08-24T09:00:00.0;-0.15616324573958804
2022-08-24T10:00:00.0;-0.14744084365818388
2022-08-24T11:00:00.0;-0.14190274596200864
2022-08-24T12:00:00.0;-0.1421069372368831
2022-08-24T13:00:00.0;-0.14332320643437496
2022-08-24T14:00:00.0;-0.1561120034003457
2022-08-24T15:00:00.0;-0.1674581712065434
2022-08-24T16:00:00.0;-0.18581493829274698
2022-08-24T17:00:00.0;-0.20837682494400278
2022-08-24T18:00:00.0;-0.2307264136729748
2022-08-24T19:00:00.0;-0.25220021053789404
2022-08-24T20:00:00.0;-0.26528418681841204
2022-08-24T21:00:00.0;-0.2646899538457787
2022-08-24T22:00:00.0;-0.25802726313252505
2022-08-24T23:00:00.0;-0.24575487658284048
2022-08-25T00:00:00.0;-0.2309490822974842
2022-08-25T01:00:00.0;-0.22196759855925388
2022-08-25T02:00:00.0;-0.21348372784495992
2022-08-25T03:00:00.0;-0.20583071636874797
2022-08-25T04:00:00.0;-0.19982131535402903
2022-08-25T05:00:00.0;-0.19711319465277674
2022-08-25T06:00:00.0;-0.1942023733983758
2022-08-25T07:00:00.0;-0.18585078162017316
2022-08-25T08:00:00.0;-0.17210472349638353
2022-08-25T09:00:00.0;-0.1584964540686881
2022-08-25T10:00:00.0;-0.14909925254986237
2022-08-25T11:00:00.0;-0.14330239060055783
2022-08-25T12:00:00.0;-0.14324269042684723
2022-08-25T13:00:00.0;-0.14446015738991913
2022-08-25T14:00:00.0;-0.15679200283806766
2022-08-25T15:00:00.0;-0.16852169153762367
2022-08-25T16:00:00.0;-0.18736095561640512
2022-08-25T17:00:00.0;-0.21027795958760095
2022-08-25T18:00:00.0;-0.232256215819128
2022-08-25T19:00:00.0;-0.2529251951113041
2022-08-25T20:00:00.0;-0.26529916962588984
2022-08-25T21:00:00.0;-0.2642912601652532
2022-08-25T22:00:00.0;-0.2574883840893637
2022-08-25T23:00:00.0;-0.2453393789466135
2022-08-26T00:00:00.0;-0.23430612280822988
2022-08-26T01:00:00.0;-0.22505315374318224
2022-08-26T02:00:00.0;-0.21638322930040435
2022-08-26T03:00:00.0;-0.20857000944792564
2022-08-26T04:00:00.0;-0.20232410207300958
2022-08-26T05:00:00.0;-0.19945278981850104
2022-08-26T06:00:00.0;-0.19790552839561693
2022-08-26T07:00:00.0;-0.19263048839719107
2022-08-26T08:00:00.0;-0.18177596825673484
2022-08-26T09:00:00.0;-0.16975699721117601
2022-08-26T10:00:00.0;-0.1606738949059152
2022-08-26T11:00:00.0;-0.15487715534213964
2022-08-26T12:00:00.0;-0.15432070623664584
2022-08-26T13:00:00.0;-0.1549953758709349
2022-08-26T14:00:00.0;-0.16586383215265837
2022-08-26T15:00:00.0;-0.177072809953225
2022-08-26T16:00:00.0;-0.19512417729193435
2022-08-26T17:00:00.0;-0.21867081176923697
2022-08-26T18:00:00.0;-0.23946340258116813
2022-08-26T19:00:00.0;-0.2579956531911204
2022-08-26T20:00:00.0;-0.2685525017610193
2022-08-26T21:00:00.0;-0.2671655364704868
2022-08-26T22:00:00.0;-0.25997425100315397
2022-08-26T23:00:00.0;-0.24807588548372742
2022-08-27T00:00:00.0;-0.23284428188146228
2022-08-27T01:00:00.0;-0.22379160482305235
2022-08-27T02:00:00.0;-0.2152209132244603
2022-08-27T03:00:00.0;-0.20751040928654532
2022-08-27T04:00:00.0;-0.20134342304529268
2022-08-27T05:00:00.0;-0.19833694287516174
2022-08-27T06:00:00.0;-0.19579903835161952
2022-08-27T07:00:00.0;-0.18867538446039905
2022-08-27T08:00:00.0;-0.1761974713710602
2022-08-27T09:00:00.0;-0.16352717892697413
2022-08-27T10:00:00.0;-0.15459157915463545
2022-08-27T11:00:00.0;-0.14890413717819717
2022-08-27T12:00:00.0;-0.14868494764660764
2022-08-27T13:00:00.0;-0.14960130015123685
2022-08-27T14:00:00.0;-0.16135737959173216
2022-08-27T15:00:00.0;-0.17263307909695216
2022-08-27T16:00:00.0;-0.19082541340087292
2022-08-27T17:00:00.0;-0.21392867113678124
2022-08-27T18:00:00.0;-0.23545355639407872
2022-08-27T19:00:00.0;-0.25535424430778597
2022-08-27T20:00:00.0;-0.2670724080481664
2022-08-27T21:00:00.0;-0.2660450033437587
2022-08-27T22:00:00.0;-0.2590939783452186
2022-08-27T23:00:00.0;-0.24702346032529868
2022-08-28T00:00:00.0;-0.2289397394954618
2022-08-28T01:00:00.0;-0.2194155836875142
2022-08-28T02:00:00.0;-0.2110158456480978
2022-08-28T03:00:00.0;-0.2031745600352807
2022-08-28T04:00:00.0;-0.19797060804369304
2022-08-28T05:00:00.0;-0.19934569812303332
2022-08-28T06:00:00.0;-0.20086733263006284
2022-08-28T07:00:00.0;-0.19571742526919558
2022-08-28T08:00:00.0;-0.1814347953635172
2022-08-28T09:00:00.0;-0.1639687873424492
2022-08-28T10:00:00.0;-0.1507347731469384
2022-08-28T11:00:00.0;-0.14401863247184105
2022-08-28T12:00:00.0;-0.14236298882890613
2022-08-28T13:00:00.0;-0.14308572221105859
2022-08-28T14:00:00.0;-0.15233664826372706
2022-08-28T15:00:00.0;-0.16657831472008658
2022-08-28T16:00:00.0;-0.18896350818437377
2022-08-28T17:00:00.0;-0.21270447199196513
2022-08-28T18:00:00.0;-0.23544312814000548
2022-08-28T19:00:00.0;-0.2543558011015764
2022-08-28T20:00:00.0;-0.2645702688404176
2022-08-28T21:00:00.0;-0.26084351772847286
2022-08-28T22:00:00.0;-0.25306189602838897
2022-08-28T23:00:00.0;-0.241142297842065
2022-08-29T00:00:00.0;-0.2314637254389893
2022-08-29T01:00:00.0;-0.22229277002663642
2022-08-29T02:00:00.0;-0.21378671843530242
2022-08-29T03:00:00.0;-0.20614864751179654
2022-08-29T04:00:00.0;-0.1998490117986468
2022-08-29T05:00:00.0;-0.19632308240229304
2022-08-29T06:00:00.0;-0.19236228365025396
2022-08-29T07:00:00.0;-0.1835289182099105
2022-08-29T08:00:00.0;-0.17026642583447182
2022-08-29T09:00:00.0;-0.15797494381602115
2022-08-29T10:00:00.0;-0.14970634120715
2022-08-29T11:00:00.0;-0.14439411565200796
2022-08-29T12:00:00.0;-0.14481638606568895
2022-08-29T13:00:00.0;-0.14614441572562717
2022-08-29T14:00:00.0;-0.1584641679255579
2022-08-29T15:00:00.0;-0.16968352125481362
2022-08-29T16:00:00.0;-0.1879712039819801
2022-08-29T17:00:00.0;-0.21044107433439288
2022-08-29T18:00:00.0;-0.23205467333134064
2022-08-29T19:00:00.0;-0.2525621551268505
2022-08-29T20:00:00.0;-0.2652199758220165
2022-08-29T21:00:00.0;-0.2646254526257982
2022-08-29T22:00:00.0;-0.2579483283501059
2022-08-29T23:00:00.0;-0.24574676809512086
2022-08-30T00:00:00.0;-0.22991334399048352
2022-08-30T01:00:00.0;-0.22058716068128995
2022-08-30T02:00:00.0;-0.2121161209224275
2022-08-30T03:00:00.0;-0.20432658418983135
2022-08-30T04:00:00.0;-0.1986867627275293
2022-08-30T05:00:00.0;-0.19806178011883804
2022-08-30T06:00:00.0;-0.19768774585550955
2022-08-30T07:00:00.0;-0.19147943271002701
2022-08-30T08:00:00.0;-0.17789055307645915
2022-08-30T09:00:00.0;-0.16240346012209564
2022-08-30T10:00:00.0;-0.15090360725673166
2022-08-30T11:00:00.0;-0.14458998967303263
2022-08-30T12:00:00.0;-0.14361702486226657
2022-08-30T13:00:00.0;-0.14459594138760443
2022-08-30T14:00:00.0;-0.15521957775725176
2022-08-30T15:00:00.0;-0.1684231258204934
2022-08-30T16:00:00.0;-0.18926216407471944
2022-08-30T17:00:00.0;-0.21277478648171708
2022-08-30T18:00:00.0;-0.23481013741836637
2022-08-30T19:00:00.0;-0.25401347358860293
2022-08-30T20:00:00.0;-0.26482200495573993
2022-08-30T21:00:00.0;-0.26231157944378236
2022-08-30T22:00:00.0;-0.25494120377437923
2022-08-30T23:00:00.0;-0.24301026756819658
2022-08-31T00:00:00.0;-0.22471674294000366
2022-08-31T01:00:00.0;-0.2150779030391204
2022-08-31T02:00:00.0;-0.20670222361166068
2022-08-31T03:00:00.0;-0.1987363301365049
2022-08-31T04:00:00.0;-0.19349761682932856
2022-08-31T05:00:00.0;-0.19533165032054328
2022-08-31T06:00:00.0;-0.19757493608157986
2022-08-31T07:00:00.0;-0.1926672127163639
2022-08-31T08:00:00.0;-0.17737954249150573
2022-08-31T09:00:00.0;-0.15795750265084302
2022-08-31T10:00:00.0;-0.14322815663975924
2022-08-31T11:00:00.0;-0.13637850562159778
2022-08-31T12:00:00.0;-0.13431556969323505
2022-08-31T13:00:00.0;-0.13553596039938748
2022-08-31T14:00:00.0;-0.14519079240861432
2022-08-31T15:00:00.0;-0.16193451898180852
2022-08-31T16:00:00.0;-0.1872108992992937
2022-08-31T17:00:00.0;-0.2113707090896273
2022-08-31T18:00:00.0;-0.2335819365532736
2022-08-31T19:00:00.0;-0.25082854469082183
2022-08-31T20:00:00.0;-0.25954356097916853
2022-08-31T21:00:00.0;-0.255157008221024
2022-08-31T22:00:00.0;-0.24710624803000772
2022-08-31T23:00:00.0;-0.2356743203391551
2022-09-01T00:00:00.0;-0.22792809138520453
2022-09-01T01:00:00.0;-0.21862056754237907
2022-09-01T02:00:00.0;-0.21019728331392426
2022-09-01T03:00:00.0;-0.20245928708528838
2022-09-01T04:00:00.0;-0.19689975934429882
2022-09-01T05:00:00.0;-0.1961096445419225
2022-09-01T06:00:00.0;-0.19501050898352645
2022-09-01T07:00:00.0;-0.18752933393180538
2022-09-01T08:00:00.0;-0.17341700918614955
2022-09-01T09:00:00.0;-0.1577050503997654
2022-09-01T10:00:00.0;-0.1458654600062309
2022-09-01T11:00:00.0;-0.1393116764574284
2022-09-01T12:00:00.0;-0.13872808610318946
2022-09-01T13:00:00.0;-0.14027888535159969
2022-09-01T14:00:00.0;-0.15191195708766153
2022-09-01T15:00:00.0;-0.16534832039304012
2022-09-01T16:00:00.0;-0.18650550003650684
2022-09-01T17:00:00.0;-0.20999311395339465
2022-09-01T18:00:00.0;-0.23182845324871693
2022-09-01T19:00:00.0;-0.25148769051258707
2022-09-01T20:00:00.0;-0.262915021974954
2022-09-01T21:00:00.0;-0.26070197450586974
2022-09-01T22:00:00.0;-0.25366272235336024
2022-09-01T23:00:00.0;-0.24170131807456796
2022-09-02T00:00:00.0;-0.2262078514512932
2022-09-02T01:00:00.0;-0.2167297622948375
2022-09-02T02:00:00.0;-0.2083630534064408
2022-09-02T03:00:00.0;-0.20058257322098053
2022-09-02T04:00:00.0;-0.19534100678622207
2022-09-02T05:00:00.0;-0.19592579670236218
2022-09-02T06:00:00.0;-0.1960516555546834
2022-09-02T07:00:00.0;-0.18906967579624406
2022-09-02T08:00:00.0;-0.174401424843197
2022-09-02T09:00:00.0;-0.15712874424364975
2022-09-02T10:00:00.0;-0.1437759201440505
2022-09-02T11:00:00.0;-0.13681417749108044
2022-09-02T12:00:00.0;-0.1358307872273003
2022-09-02T13:00:00.0;-0.13746026424561525
2022-09-02T14:00:00.0;-0.14847992787914743
2022-09-02T15:00:00.0;-0.16297825814116965
2022-09-02T16:00:00.0;-0.1856119302409158
2022-09-02T17:00:00.0;-0.20935671038174408
2022-09-02T18:00:00.0;-0.23142656087679395
2022-09-02T19:00:00.0;-0.2506968113597328
2022-09-02T20:00:00.0;-0.2616433238588929
2022-09-02T21:00:00.0;-0.2585951657103836
2022-09-02T22:00:00.0;-0.25134746113318873
2022-09-02T23:00:00.0;-0.23945783472633636
2022-09-03T00:00:00.0;-0.22285649328021281
2022-09-03T01:00:00.0;-0.21353900959170494
2022-09-03T02:00:00.0;-0.2048816302799428
2022-09-03T03:00:00.0;-0.19616944591914873
2022-09-03T04:00:00.0;-0.1891338269979836
2022-09-03T05:00:00.0;-0.185773658752722
2022-09-03T06:00:00.0;-0.18556826616981686
2022-09-03T07:00:00.0;-0.17841073319709735
2022-09-03T08:00:00.0;-0.16302306756599755
2022-09-03T09:00:00.0;-0.1447020912504691
2022-09-03T10:00:00.0;-0.13146631996418504
2022-09-03T11:00:00.0;-0.12536873629935014
2022-09-03T12:00:00.0;-0.12477420689615681
2022-09-03T13:00:00.0;-0.12951479773889477
2022-09-03T14:00:00.0;-0.14252026442161858
2022-09-03T15:00:00.0;-0.16085079640355113
2022-09-03T16:00:00.0;-0.18805659338985967
2022-09-03T17:00:00.0;-0.21107977623044322
2022-09-03T18:00:00.0;-0.23094181141268152
2022-09-03T19:00:00.0;-0.24676899716357403
2022-09-03T20:00:00.0;-0.2558858123218421
2022-09-03T21:00:00.0;-0.25467228756364524
2022-09-03T22:00:00.0;-0.24646922745395283
2022-09-03T23:00:00.0;-0.23500937830101826
2022-09-04T00:00:00.0;-0.2268582068635903
2022-09-04T01:00:00.0;-0.21748274278370444
2022-09-04T02:00:00.0;-0.20873441466760614
2022-09-04T03:00:00.0;-0.1987845999254765
2022-09-04T04:00:00.0;-0.19228701795982925
2022-09-04T05:00:00.0;-0.19243977942106158
2022-09-04T06:00:00.0;-0.19889990709006783
2022-09-04T07:00:00.0;-0.1912844370403553
2022-09-04T08:00:00.0;-0.17094657637288238
2022-09-04T09:00:00.0;-0.1499092069299914
2022-09-04T10:00:00.0;-0.13619353000518644
2022-09-04T11:00:00.0;-0.1318826719639562
2022-09-04T12:00:00.0;-0.13454783286191782
2022-09-04T13:00:00.0;-0.14353927507750885
2022-09-04T14:00:00.0;-0.15592446156983583
2022-09-04T15:00:00.0;-0.17278307544495516
2022-09-04T16:00:00.0;-0.20060432717383345
2022-09-04T17:00:00.0;-0.22124513116669153
2022-09-04T18:00:00.0;-0.24300981999351431
2022-09-04T19:00:00.0;-0.25813353969784814
2022-09-04T20:00:00.0;-0.26477161531355925
2022-09-04T21:00:00.0;-0.26183573736740356
2022-09-04T22:00:00.0;-0.25211066389865383
2022-09-04T23:00:00.0;-0.23945673391970815
2022-09-05T00:00:00.0;-0.2262245765261956
2022-09-05T01:00:00.0;-0.2168338913861866
2022-09-05T02:00:00.0;-0.20818341217409936
2022-09-05T03:00:00.0;-0.198997452559943
2022-09-05T04:00:00.0;-0.1927072605069004
2022-09-05T05:00:00.0;-0.1922453509962209
2022-09-05T06:00:00.0;-0.19590119220439994
2022-09-05T07:00:00.0;-0.1885579092079989
2022-09-05T08:00:00.0;-0.17067269157169782
2022-09-05T09:00:00.0;-0.15135645225673447
2022-09-05T10:00:00.0;-0.13802360765545682
2022-09-05T11:00:00.0;-0.13280777313147746
2022-09-05T12:00:00.0;-0.13410126518602336
2022-09-05T13:00:00.0;-0.14051066752172647
2022-09-05T14:00:00.0;-0.15277685353227144
2022-09-05T15:00:00.0;-0.16910853133706555
2022-09-05T16:00:00.0;-0.19525468809922683
2022-09-05T17:00:00.0;-0.21711883291555253
2022-09-05T18:00:00.0;-0.23848500560557465
2022-09-05T19:00:00.0;-0.25463437251001597
2022-09-05T20:00:00.0;-0.26263273284099564
2022-09-05T21:00:00.0;-0.2599911164550642
2022-09-05T22:00:00.0;-0.2511922094156739
2022-09-05T23:00:00.0;-0.23896458680072488
2022-09-06T00:00:00.0;-0.2240062345397658
2022-09-06T01:00:00.0;-0.21465204056550816
2022-09-06T02:00:00.0;-0.20623333952033904
2022-09-06T03:00:00.0;-0.19736110820310382
2022-09-06T04:00:00.0;-0.19242407643035722
2022-09-06T05:00:00.0;-0.1959659588018081
2022-09-06T06:00:00.0;-0.20210947131990806
2022-09-06T07:00:00.0;-0.19441167151750788
2022-09-06T08:00:00.0;-0.17269603797923255
2022-09-06T09:00:00.0;-0.15144759222172538
2022-09-06T10:00:00.0;-0.13807121796849828
2022-09-06T11:00:00.0;-0.13406343061140433
2022-09-06T12:00:00.0;-0.13612372124568714
2022-09-06T13:00:00.0;-0.14150115901012644
2022-09-06T14:00:00.0;-0.15400548828146154
2022-09-06T15:00:00.0;-0.17008707992255678
2022-09-06T16:00:00.0;-0.1959105230950777
2022-09-06T17:00:00.0;-0.21806822702658127
2022-09-06T18:00:00.0;-0.24106841741973759
2022-09-06T19:00:00.0;-0.25640882503842
2022-09-06T20:00:00.0;-0.2610775615064899
2022-09-06T21:00:00.0;-0.2552860092845319
2022-09-06T22:00:00.0;-0.24645641636743285
2022-09-06T23:00:00.0;-0.23471568388381922
2022-09-07T00:00:00.0;-0.22666085908974926
2022-09-07T01:00:00.0;-0.2174882453456011
2022-09-07T02:00:00.0;-0.20896895848759434
2022-09-07T03:00:00.0;-0.20015841422950423
2022-09-07T04:00:00.0;-0.19472934647904303
2022-09-07T05:00:00.0;-0.1961383623452097
2022-09-07T06:00:00.0;-0.2004066380689507
2022-09-07T07:00:00.0;-0.19221011844749197
2022-09-07T08:00:00.0;-0.17196308324358037
2022-09-07T09:00:00.0;-0.15323737998169554
2022-09-07T10:00:00.0;-0.14184908414187086
2022-09-07T11:00:00.0;-0.13816128084012963
2022-09-07T12:00:00.0;-0.1406866469087323
2022-09-07T13:00:00.0;-0.14597673016503768
2022-09-07T14:00:00.0;-0.15923787422624597
2022-09-07T15:00:00.0;-0.1737255500972489
2022-09-07T16:00:00.0;-0.1973488314205427
2022-09-07T17:00:00.0;-0.21926057643871835
2022-09-07T18:00:00.0;-0.24164909210205274
2022-09-07T19:00:00.0;-0.2575500008874475
2022-09-07T20:00:00.0;-0.26317186378526153
2022-09-07T21:00:00.0;-0.25875185861853733
2022-09-07T22:00:00.0;-0.25028279685201005
2022-09-07T23:00:00.0;-0.23841030357777393
2022-09-08T00:00:00.0;-0.23047360273104728
2022-09-08T01:00:00.0;-0.22120012656911212
2022-09-08T02:00:00.0;-0.21258139051903951
2022-09-08T03:00:00.0;-0.20412876827018203
2022-09-08T04:00:00.0;-0.19825530336162317
2022-09-08T05:00:00.0;-0.1977543807084932
2022-09-08T06:00:00.0;-0.1998038711894903
2022-09-08T07:00:00.0;-0.19344415847302535
2022-09-08T08:00:00.0;-0.1778013055160004
2022-09-08T09:00:00.0;-0.16198521987083142
2022-09-08T10:00:00.0;-0.15134774084681124
2022-09-08T11:00:00.0;-0.14658611666834093
2022-09-08T12:00:00.0;-0.14755440775829123
2022-09-08T13:00:00.0;-0.15088367555444554
2022-09-08T14:00:00.0;-0.16266949728079005
2022-09-08T15:00:00.0;-0.175873316568634
2022-09-08T16:00:00.0;-0.1973045345734633
2022-09-08T17:00:00.0;-0.21997431452898425
2022-09-08T18:00:00.0;-0.24151870597367078
2022-09-08T19:00:00.0;-0.2583335066878139
2022-09-08T20:00:00.0;-0.266085078596782
2022-09-08T21:00:00.0;-0.2630300797732822
2022-09-08T22:00:00.0;-0.25497890075657775
2022-09-08T23:00:00.0;-0.24306538455853693
2022-09-09T00:00:00.0;-0.2299593058223512
2022-09-09T01:00:00.0;-0.22030107152198547
2022-09-09T02:00:00.0;-0.21173717943795722
2022-09-09T03:00:00.0;-0.20375784868772115
2022-09-09T04:00:00.0;-0.19811772053071275
2022-09-09T05:00:00.0;-0.19839374881507368
2022-09-09T06:00:00.0;-0.20006901976469404
2022-09-09T07:00:00.0;-0.1965664577984987
2022-09-09T08:00:00.0;-0.18433879908158182
2022-09-09T09:00:00.0;-0.16832426609329557
2022-09-09T10:00:00.0;-0.15564629679053266
2022-09-09T11:00:00.0;-0.14908354800962875
2022-09-09T12:00:00.0;-0.14731598673281543
2022-09-09T13:00:00.0;-0.1480570613186583
2022-09-09T14:00:00.0;-0.15729461488574747
2022-09-09T15:00:00.0;-0.17166194183144698
2022-09-09T16:00:00.0;-0.19385757696396605
2022-09-09T17:00:00.0;-0.21811222442122638
2022-09-09T18:00:00.0;-0.23931538014676026
2022-09-09T19:00:00.0;-0.2561310424862612
2022-09-09T20:00:00.0;-0.26474949201895753
2022-09-09T21:00:00.0;-0.2611893762299033
2022-09-09T22:00:00.0;-0.25327301518582646
2022-09-09T23:00:00.0;-0.24174244513987683
2022-09-10T00:00:00.0;-0.22343879162975902
2022-09-10T01:00:00.0;-0.21410874479990763
2022-09-10T02:00:00.0;-0.2055407890855011
2022-09-10T03:00:00.0;-0.19756445103413342
2022-09-10T04:00:00.0;-0.19090005109509833
2022-09-10T05:00:00.0;-0.18739529560939536
2022-09-10T06:00:00.0;-0.18493772245929177
2022-09-10T07:00:00.0;-0.17754514801385232
2022-09-10T08:00:00.0;-0.16334720616428317
2022-09-10T09:00:00.0;-0.14783120721026985
2022-09-10T10:00:00.0;-0.13688221154338445
2022-09-10T11:00:00.0;-0.13135965425533713
2022-09-10T12:00:00.0;-0.13081864345228025
2022-09-10T13:00:00.0;-0.1331639034725682
2022-09-10T14:00:00.0;-0.14668747331918816
2022-09-10T15:00:00.0;-0.16314895886601996
2022-09-10T16:00:00.0;-0.18715481738160064
2022-09-10T17:00:00.0;-0.21090846347840195
2022-09-10T18:00:00.0;-0.23050813601443135
2022-09-10T19:00:00.0;-0.24641189669087749
2022-09-10T20:00:00.0;-0.2549759286507723
2022-09-10T21:00:00.0;-0.2532789993292004
2022-09-10T22:00:00.0;-0.2459868927532307
2022-09-10T23:00:00.0;-0.23506778687636393
2022-09-11T00:00:00.0;-0.225348457452637
2022-09-11T01:00:00.0;-0.2160555517815732
2022-09-11T02:00:00.0;-0.2074678839366072
2022-09-11T03:00:00.0;-0.19798957511905912
2022-09-11T04:00:00.0;-0.19253770102147644
2022-09-11T05:00:00.0;-0.19518827729403906
2022-09-11T06:00:00.0;-0.2026063692743714
2022-09-11T07:00:00.0;-0.19473612016082642
2022-09-11T08:00:00.0;-0.17220827083197096
2022-09-11T09:00:00.0;-0.15118972847906786
2022-09-11T10:00:00.0;-0.13861481231858278
2022-09-11T11:00:00.0;-0.13557578289145078
2022-09-11T12:00:00.0;-0.13903893668088999
2022-09-11T13:00:00.0;-0.14654465416726312
2022-09-11T14:00:00.0;-0.1598640958431905
2022-09-11T15:00:00.0;-0.17582058016907526
2022-09-11T16:00:00.0;-0.20202317004834275
2022-09-11T17:00:00.0;-0.2233175462660774
2022-09-11T18:00:00.0;-0.24570773774904686
2022-09-11T19:00:00.0;-0.2596367291316027
2022-09-11T20:00:00.0;-0.2629403259724466
2022-09-11T21:00:00.0;-0.2575653427939697
2022-09-11T22:00:00.0;-0.24819810428799896
2022-09-11T23:00:00.0;-0.23626759087012228
2022-09-12T00:00:00.0;-0.22893992296444865
2022-09-12T01:00:00.0;-0.21956579427002673
2022-09-12T02:00:00.0;-0.21087731842790433
2022-09-12T03:00:00.0;-0.2019964772221453
2022-09-12T04:00:00.0;-0.19582087161743195
2022-09-12T05:00:00.0;-0.1949391064154483
2022-09-12T06:00:00.0;-0.19772634400468403
2022-09-12T07:00:00.0;-0.1909686901235139
2022-09-12T08:00:00.0;-0.1748729625745851
2022-09-12T09:00:00.0;-0.15806002921646908
2022-09-12T10:00:00.0;-0.14634827454573154
2022-09-12T11:00:00.0;-0.1413630111271287
2022-09-12T12:00:00.0;-0.1428152360158632
2022-09-12T13:00:00.0;-0.1480243417949822
2022-09-12T14:00:00.0;-0.16031375260091374
2022-09-12T15:00:00.0;-0.17465901745701032
2022-09-12T16:00:00.0;-0.19796280159714633
2022-09-12T17:00:00.0;-0.2202605589491191
2022-09-12T18:00:00.0;-0.24118754964720765
2022-09-12T19:00:00.0;-0.25734413336543305
2022-09-12T20:00:00.0;-0.26508096047678453
2022-09-12T21:00:00.0;-0.2624743371524428
2022-09-12T22:00:00.0;-0.25412996073391786
2022-09-12T23:00:00.0;-0.24204119032690416
2022-09-13T00:00:00.0;-0.22742705326813265
2022-09-13T01:00:00.0;-0.2180639859124854
2022-09-13T02:00:00.0;-0.20942203513311158
2022-09-13T03:00:00.0;-0.20016414619659673
2022-09-13T04:00:00.0;-0.19452423124223814
2022-09-13T05:00:00.0;-0.1962642837749228
2022-09-13T06:00:00.0;-0.2025712839484005
2022-09-13T07:00:00.0;-0.195836311113831
2022-09-13T08:00:00.0;-0.17587909698986925
2022-09-13T09:00:00.0;-0.15655549174953248
2022-09-13T10:00:00.0;-0.14445528884843867
2022-09-13T11:00:00.0;-0.1408856281040109
2022-09-13T12:00:00.0;-0.14352721165949306
2022-09-13T13:00:00.0;-0.14985478918855968
2022-09-13T14:00:00.0;-0.16238672573929064
2022-09-13T15:00:00.0;-0.17757173113237248
2022-09-13T16:00:00.0;-0.20244308176399822
2022-09-13T17:00:00.0;-0.2242481924305329
2022-09-13T18:00:00.0;-0.246107674496418
2022-09-13T19:00:00.0;-0.2603288434327092
2022-09-13T20:00:00.0;-0.26449330147664785
2022-09-13T21:00:00.0;-0.25970099121822465
2022-09-13T22:00:00.0;-0.25058226579458986
2022-09-13T23:00:00.0;-0.23869634026297956
2022-09-14T00:00:00.0;-0.22753590946031965
2022-09-14T01:00:00.0;-0.21817390630895375
2022-09-14T02:00:00.0;-0.2095966596497434
2022-09-14T03:00:00.0;-0.20093605411076781
2022-09-14T04:00:00.0;-0.19524216952995294
2022-09-14T05:00:00.0;-0.19553498400418784
2022-09-14T06:00:00.0;-0.19845231036526256
2022-09-14T07:00:00.0;-0.1907821861037582
2022-09-14T08:00:00.0;-0.1728888191589101
2022-09-14T09:00:00.0;-0.1559614893534939
2022-09-14T10:00:00.0;-0.14504049784787462
2022-09-14T11:00:00.0;-0.14093893235594684
2022-09-14T12:00:00.0;-0.14313368426570952
2022-09-14T13:00:00.0;-0.14791415999398413
2022-09-14T14:00:00.0;-0.1609135015571008
2022-09-14T15:00:00.0;-0.17488072220706813
2022-09-14T16:00:00.0;-0.19760338664093866
2022-09-14T17:00:00.0;-0.2198628970157895
2022-09-14T18:00:00.0;-0.2412839093183755
2022-09-14T19:00:00.0;-0.2570795278103756
2022-09-14T20:00:00.0;-0.2634244187034501
2022-09-14T21:00:00.0;-0.25969296440349665
2022-09-14T22:00:00.0;-0.2515604677319084
2022-09-14T23:00:00.0;-0.23975312378621638
2022-09-15T00:00:00.0;-0.23383129037075567
2022-09-15T01:00:00.0;-0.22413529287952974
2022-09-15T02:00:00.0;-0.21545009919582891
2022-09-15T03:00:00.0;-0.20746572031875277
2022-09-15T04:00:00.0;-0.2016251992277596
2022-09-15T05:00:00.0;-0.2011041831641057
2022-09-15T06:00:00.0;-0.2026202839147943
2022-09-15T07:00:00.0;-0.20023382906314083
2022-09-15T08:00:00.0;-0.19012988823833124
2022-09-15T09:00:00.0;-0.17635657343667505
2022-09-15T10:00:00.0;-0.1649525290802428
2022-09-15T11:00:00.0;-0.1585245993620223
2022-09-15T12:00:00.0;-0.15689777895695853
2022-09-15T13:00:00.0;-0.1572273253545002
2022-09-15T14:00:00.0;-0.1659225659146617
2022-09-15T15:00:00.0;-0.1785605549831973
2022-09-15T16:00:00.0;-0.19858430903382354
2022-09-15T17:00:00.0;-0.22290670190815226
2022-09-15T18:00:00.0;-0.2435624863789306
2022-09-15T19:00:00.0;-0.26019527065472675
2022-09-15T20:00:00.0;-0.26880432574883123
2022-09-15T21:00:00.0;-0.26568661820718353
2022-09-15T22:00:00.0;-0.2578301008216518
2022-09-15T23:00:00.0;-0.24618413368205194
2022-09-16T00:00:00.0;-0.22976743808165942
2022-09-16T01:00:00.0;-0.219681047195972
2022-09-16T02:00:00.0;-0.2111067160942662
2022-09-16T03:00:00.0;-0.20297161924158116
2022-09-16T04:00:00.0;-0.1977566173643628
2022-09-16T05:00:00.0;-0.20038884999194315
2022-09-16T06:00:00.0;-0.2050614559382818
2022-09-16T07:00:00.0;-0.20435792505797493
2022-09-16T08:00:00.0;-0.19287348676535102
2022-09-16T09:00:00.0;-0.17519825666805394
2022-09-16T10:00:00.0;-0.16029480664320228
2022-09-16T11:00:00.0;-0.15310581120525174
2022-09-16T12:00:00.0;-0.15030519600560638
2022-09-16T13:00:00.0;-0.15066278023762492
2022-09-16T14:00:00.0;-0.1576999092320158
2022-09-16T15:00:00.0;-0.17329733907193365
2022-09-16T16:00:00.0;-0.19724860917111212
2022-09-16T17:00:00.0;-0.22222496711933734
2022-09-16T18:00:00.0;-0.2433941460934299
2022-09-16T19:00:00.0;-0.2585257617008725
2022-09-16T20:00:00.0;-0.26537884292888403
2022-09-16T21:00:00.0;-0.2601343354357534
2022-09-16T22:00:00.0;-0.25157980272783453
2022-09-16T23:00:00.0;-0.2402481304961586
2022-09-17T00:00:00.0;-0.20958223881701904
2022-09-17T01:00:00.0;-0.19985669218223506
2022-09-17T02:00:00.0;-0.191090437487946
2022-09-17T03:00:00.0;-0.18244376852089006
2022-09-17T04:00:00.0;-0.17483586347600527
2022-09-17T05:00:00.0;-0.17058824175938175
2022-09-17T06:00:00.0;-0.17060186942453223
2022-09-17T07:00:00.0;-0.16644172001393234
2022-09-17T08:00:00.0;-0.1517129451696553
2022-09-17T09:00:00.0;-0.13147199763008832
2022-09-17T10:00:00.0;-0.11625664304091211
2022-09-17T11:00:00.0;-0.1105346260247057
2022-09-17T12:00:00.0;-0.10835084706965636
2022-09-17T13:00:00.0;-0.11259308419451626
2022-09-17T14:00:00.0;-0.1283394832772352
2022-09-17T15:00:00.0;-0.15414920119137734
2022-09-17T16:00:00.0;-0.18818585515996145
2022-09-17T17:00:00.0;-0.21439967000053392
2022-09-17T18:00:00.0;-0.22949445234630894
2022-09-17T19:00:00.0;-0.23605937698337123
2022-09-17T20:00:00.0;-0.23657270148568835
2022-09-17T21:00:00.0;-0.23310953735592
2022-09-17T22:00:00.0;-0.2246994020752353
2022-09-17T23:00:00.0;-0.21626518894090307
2022-09-18T00:00:00.0;-0.22667046409372
2022-09-18T01:00:00.0;-0.21646670516090857
2022-09-18T02:00:00.0;-0.20760163839727633
2022-09-18T03:00:00.0;-0.19914220373622063
2022-09-18T04:00:00.0;-0.19272128976033576
2022-09-18T05:00:00.0;-0.1921156650976424
2022-09-18T06:00:00.0;-0.19594072615140426
2022-09-18T07:00:00.0;-0.19691134554584583
2022-09-18T08:00:00.0;-0.18776918260233705
2022-09-18T09:00:00.0;-0.17169260695592084
2022-09-18T10:00:00.0;-0.15756069050798016
2022-09-18T11:00:00.0;-0.15094080947378594
2022-09-18T12:00:00.0;-0.14811683293156833
2022-09-18T13:00:00.0;-0.1493943132883335
2022-09-18T14:00:00.0;-0.15841628912870448
2022-09-18T15:00:00.0;-0.17654111379062323
2022-09-18T16:00:00.0;-0.202515136100738
2022-09-18T17:00:00.0;-0.22854512464187499
2022-09-18T18:00:00.0;-0.24601298524255588
2022-09-18T19:00:00.0;-0.2560329555631905
2022-09-18T20:00:00.0;-0.2590385377845043
2022-09-18T21:00:00.0;-0.25445861743525905
2022-09-18T22:00:00.0;-0.24573675998998848
2022-09-18T23:00:00.0;-0.23565382854812275
2022-09-19T00:00:00.0;-0.22363170603197086
2022-09-19T01:00:00.0;-0.21370066494853943
2022-09-19T02:00:00.0;-0.20512644387624623
2022-09-19T03:00:00.0;-0.19680527350958274
2022-09-19T04:00:00.0;-0.1911269466077305
2022-09-19T05:00:00.0;-0.19246919486762457
2022-09-19T06:00:00.0;-0.19624633327755464
2022-09-19T07:00:00.0;-0.1937835757328528
2022-09-19T08:00:00.0;-0.1800943194581399
2022-09-19T09:00:00.0;-0.16097736902273543
2022-09-19T10:00:00.0;-0.14582165066829678
2022-09-19T11:00:00.0;-0.1392182434766605
2022-09-19T12:00:00.0;-0.13701938743892256
2022-09-19T13:00:00.0;-0.13888050784639602
2022-09-19T14:00:00.0;-0.14859749336729935
2022-09-19T15:00:00.0;-0.16696851711096275
2022-09-19T16:00:00.0;-0.19390729793110728
2022-09-19T17:00:00.0;-0.21888803072942647
2022-09-19T18:00:00.0;-0.23894330670534694
2022-09-19T19:00:00.0;-0.2521863424699222
2022-09-19T20:00:00.0;-0.2574026908592106
2022-09-19T21:00:00.0;-0.25241612060157637
2022-09-19T22:00:00.0;-0.2438726255470187
2022-09-19T23:00:00.0;-0.23318681496374238
2022-09-20T00:00:00.0;-0.22446469965726942
2022-09-20T01:00:00.0;-0.21469825232447468
2022-09-20T02:00:00.0;-0.2061250295565003
2022-09-20T03:00:00.0;-0.19666375671452893
2022-09-20T04:00:00.0;-0.19132159932137205
2022-09-20T05:00:00.0;-0.19481692799144906
2022-09-20T06:00:00.0;-0.20275159985739943
2022-09-20T07:00:00.0;-0.19567831629589738
2022-09-20T08:00:00.0;-0.17377389078607175
2022-09-20T09:00:00.0;-0.15289893046794314
2022-09-20T10:00:00.0;-0.13993505384655974
2022-09-20T11:00:00.0;-0.13695412586425348
2022-09-20T12:00:00.0;-0.1403557058504807
2022-09-20T13:00:00.0;-0.1476920391732018
2022-09-20T14:00:00.0;-0.16005431544962354
2022-09-20T15:00:00.0;-0.17645337785227144
2022-09-20T16:00:00.0;-0.2033350906808604
2022-09-20T17:00:00.0;-0.22476745656054992
2022-09-20T18:00:00.0;-0.2466993634669651
2022-09-20T19:00:00.0;-0.25941015238177295
2022-09-20T20:00:00.0;-0.2618148302345072
2022-09-20T21:00:00.0;-0.2556430064903435
2022-09-20T22:00:00.0;-0.2461898598733409
2022-09-20T23:00:00.0;-0.23444216596090864
2022-09-21T00:00:00.0;-0.22304990212493275
2022-09-21T01:00:00.0;-0.21357221998655124
2022-09-21T02:00:00.0;-0.20495546172772577
2022-09-21T03:00:00.0;-0.1949035196630136
2022-09-21T04:00:00.0;-0.18984861491539037
2022-09-21T05:00:00.0;-0.1949416590520518
2022-09-21T06:00:00.0;-0.20642625261067546
2022-09-21T07:00:00.0;-0.19917565306066187
2022-09-21T08:00:00.0;-0.1736999996237484
2022-09-21T09:00:00.0;-0.15017404199047393
2022-09-21T10:00:00.0;-0.13641589890519185
2022-09-21T11:00:00.0;-0.13441483969911677
2022-09-21T12:00:00.0;-0.13913501173139833
2022-09-21T13:00:00.0;-0.1485674195674034
2022-09-21T14:00:00.0;-0.16221841778313587
2022-09-21T15:00:00.0;-0.17963085939309867
2022-09-21T16:00:00.0;-0.2082668358563172
2022-09-21T17:00:00.0;-0.22932851147647085
2022-09-21T18:00:00.0;-0.25165050583110593
2022-09-21T19:00:00.0;-0.26254559938532124
2022-09-21T20:00:00.0;-0.2617407501162485
2022-09-21T21:00:00.0;-0.25425944808607037
2022-09-21T22:00:00.0;-0.24403413018083905
2022-09-21T23:00:00.0;-0.2323886710557299
2022-09-22T00:00:00.0;-0.22417719921924428
2022-09-22T01:00:00.0;-0.21471201356368344
2022-09-22T02:00:00.0;-0.20610256050340048
2022-09-22T03:00:00.0;-0.196513310654117
2022-09-22T04:00:00.0;-0.19135634393518863
2022-09-22T05:00:00.0;-0.19515731365054068
2022-09-22T06:00:00.0;-0.20418092055205772
2022-09-22T07:00:00.0;-0.197058242187883
2022-09-22T08:00:00.0;-0.1741589321520622
2022-09-22T09:00:00.0;-0.15276406697021586
2022-09-22T10:00:00.0;-0.13975866481043459
2022-09-22T11:00:00.0;-0.13704063067400385
2022-09-22T12:00:00.0;-0.1409697320597579
2022-09-22T13:00:00.0;-0.1488715969200119
2022-09-22T14:00:00.0;-0.16243802546003613
2022-09-22T15:00:00.0;-0.1787940646315243
2022-09-22T16:00:00.0;-0.2055172554270086
2022-09-22T17:00:00.0;-0.2272117924997124
2022-09-22T18:00:00.0;-0.24901238094894274
2022-09-22T19:00:00.0;-0.26105022343419293
2022-09-22T20:00:00.0;-0.26200118435347175
2022-09-22T21:00:00.0;-0.25546050812594157
2022-09-22T22:00:00.0;-0.24594047155315382
2022-09-22T23:00:00.0;-0.23436808331257028
2022-09-23T00:00:00.0;-0.22843857245298865
2022-09-23T01:00:00.0;-0.21844655707123062
2022-09-23T02:00:00.0;-0.20974730352657311
2022-09-23T03:00:00.0;-0.20065181961095466
2022-09-23T04:00:00.0;-0.194278017350079
2022-09-23T05:00:00.0;-0.19384169160674808
2022-09-23T06:00:00.0;-0.19707569592307228
2022-09-23T07:00:00.0;-0.18996898790212455
2022-09-23T08:00:00.0;-0.1729948781297764
2022-09-23T09:00:00.0;-0.15703809808690206
2022-09-23T10:00:00.0;-0.14667702218710818
2022-09-23T11:00:00.0;-0.14325988371528678
2022-09-23T12:00:00.0;-0.1461187615921933
2022-09-23T13:00:00.0;-0.15218167245460765
2022-09-23T14:00:00.0;-0.16393417913563446
2022-09-23T15:00:00.0;-0.17825886538772628
2022-09-23T16:00:00.0;-0.20210438374562556
2022-09-23T17:00:00.0;-0.2233775105358239
2022-09-23T18:00:00.0;-0.24390459994505578
2022-09-23T19:00:00.0;-0.2580528909443639
2022-09-23T20:00:00.0;-0.26397367768984986
2022-09-23T21:00:00.0;-0.26052163354065316
2022-09-23T22:00:00.0;-0.25187209441379427
2022-09-23T23:00:00.0;-0.23986045103207826
2022-09-24T00:00:00.0;-0.22972751872288089
2022-09-24T01:00:00.0;-0.2191316645245335
2022-09-24T02:00:00.0;-0.21058705570094255
2022-09-24T03:00:00.0;-0.20268740045213912
2022-09-24T04:00:00.0;-0.1964653570746203
2022-09-24T05:00:00.0;-0.1953116419550647
2022-09-24T06:00:00.0;-0.19394725602702165
2022-09-24T07:00:00.0;-0.18835831228993244
2022-09-24T08:00:00.0;-0.17727869770980137
2022-09-24T09:00:00.0;-0.16471776889593204
2022-09-24T10:00:00.0;-0.15452190485564615
2022-09-24T11:00:00.0;-0.1491035357559213
2022-09-24T12:00:00.0;-0.14905232134936922
2022-09-24T13:00:00.0;-0.15054801125603073
2022-09-24T14:00:00.0;-0.15936632089771188
2022-09-24T15:00:00.0;-0.17247334147942617
2022-09-24T16:00:00.0;-0.19376602973086732
2022-09-24T17:00:00.0;-0.21649749254471037
2022-09-24T18:00:00.0;-0.23667092871331205
2022-09-24T19:00:00.0;-0.25324382512890437
2022-09-24T20:00:00.0;-0.26327261117008377
2022-09-24T21:00:00.0;-0.2605484656040754
2022-09-24T22:00:00.0;-0.25315538649463243
2022-09-24T23:00:00.0;-0.24131174864612479
2022-09-25T00:00:00.0;-0.22206305040747276
2022-09-25T01:00:00.0;-0.21245059687315554
2022-09-25T02:00:00.0;-0.20367587574276658
2022-09-25T03:00:00.0;-0.19389856856523702
2022-09-25T04:00:00.0;-0.18758033987789083
2022-09-25T05:00:00.0;-0.18822490322361352
2022-09-25T06:00:00.0;-0.19521547909877213
2022-09-25T07:00:00.0;-0.1890201185060285
2022-09-25T08:00:00.0;-0.1691865334900368
2022-09-25T09:00:00.0;-0.1481588908865324
2022-09-25T10:00:00.0;-0.13404186157392964
2022-09-25T11:00:00.0;-0.13007206509696884
2022-09-25T12:00:00.0;-0.13255559044297963
2022-09-25T13:00:00.0;-0.14098465464747928
2022-09-25T14:00:00.0;-0.1546434817280534
2022-09-25T15:00:00.0;-0.17349020341977808
2022-09-25T16:00:00.0;-0.20275430115340426
2022-09-25T17:00:00.0;-0.22500470621520333
2022-09-25T18:00:00.0;-0.24469658734016606
2022-09-25T19:00:00.0;-0.25571010386182913
2022-09-25T20:00:00.0;-0.25795805614010436
2022-09-25T21:00:00.0;-0.25341328430551696
2022-09-25T22:00:00.0;-0.2438487041249693
2022-09-25T23:00:00.0;-0.23254097393700437
2022-09-26T00:00:00.0;-0.23467086448041824
2022-09-26T01:00:00.0;-0.22432177670804562
2022-09-26T02:00:00.0;-0.21552928711868316
2022-09-26T03:00:00.0;-0.20726932861303
2022-09-26T04:00:00.0;-0.201785632548942
2022-09-26T05:00:00.0;-0.20387767415244068
2022-09-26T06:00:00.0;-0.20954754678919232
2022-09-26T07:00:00.0;-0.21191765585650707
2022-09-26T08:00:00.0;-0.20409933782965275
2022-09-26T09:00:00.0;-0.18906630784682255
2022-09-26T10:00:00.0;-0.17506896452940063
2022-09-26T11:00:00.0;-0.16787224436676854
2022-09-26T12:00:00.0;-0.16480220798404968
2022-09-26T13:00:00.0;-0.16454433496820645
2022-09-26T14:00:00.0;-0.17012306056332946
2022-09-26T15:00:00.0;-0.18421308266616487
2022-09-26T16:00:00.0;-0.20619611733535248
2022-09-26T17:00:00.0;-0.2317471829394299
2022-09-26T18:00:00.0;-0.2515856219181545
2022-09-26T19:00:00.0;-0.2649502543126112
2022-09-26T20:00:00.0;-0.27043018094625004
2022-09-26T21:00:00.0;-0.26514945426749276
2022-09-26T22:00:00.0;-0.2563678328393941
2022-09-26T23:00:00.0;-0.2451472406630668
2022-09-27T00:00:00.0;-0.22554631973342162
2022-09-27T01:00:00.0;-0.21558883103479898
2022-09-27T02:00:00.0;-0.2069048547117347
2022-09-27T03:00:00.0;-0.1980597114010843
2022-09-27T04:00:00.0;-0.19250890193289608
2022-09-27T05:00:00.0;-0.19492676435061956
2022-09-27T06:00:00.0;-0.2015914169138122
2022-09-27T07:00:00.0;-0.19947440416543244
2022-09-27T08:00:00.0;-0.1841741112197407
2022-09-27T09:00:00.0;-0.16497600939105128
2022-09-27T10:00:00.0;-0.1505629760011568
2022-09-27T11:00:00.0;-0.14529563756615077
2022-09-27T12:00:00.0;-0.1448696162416409
2022-09-27T13:00:00.0;-0.1484277103356248
2022-09-27T14:00:00.0;-0.15850653216574606
2022-09-27T15:00:00.0;-0.1760046803421966
2022-09-27T16:00:00.0;-0.20256740997771272
2022-09-27T17:00:00.0;-0.22685995155155095
2022-09-27T18:00:00.0;-0.24687390253565245
2022-09-27T19:00:00.0;-0.25828853333881185
2022-09-27T20:00:00.0;-0.26070616445682726
2022-09-27T21:00:00.0;-0.2547135042225313
2022-09-27T22:00:00.0;-0.2455693110412666
2022-09-27T23:00:00.0;-0.2347710956631244
2022-09-28T00:00:00.0;-0.2217961415431295
2022-09-28T01:00:00.0;-0.21222712245788342
2022-09-28T02:00:00.0;-0.20362391706991073
2022-09-28T03:00:00.0;-0.19347088431144563
2022-09-28T04:00:00.0;-0.18880288467194875
2022-09-28T05:00:00.0;-0.19535412152223594
2022-09-28T06:00:00.0;-0.20859490668871836
2022-09-28T07:00:00.0;-0.20171236446901494
2022-09-28T08:00:00.0;-0.1749690855740886
2022-09-28T09:00:00.0;-0.15067708847336742
2022-09-28T10:00:00.0;-0.13667147842660535
2022-09-28T11:00:00.0;-0.13527011158323993
2022-09-28T12:00:00.0;-0.14061156959542317
2022-09-28T13:00:00.0;-0.15040885112926186
2022-09-28T14:00:00.0;-0.1643939928466317
2022-09-28T15:00:00.0;-0.18215530663219584
2022-09-28T16:00:00.0;-0.2113046101712529
2022-09-28T17:00:00.0;-0.23255868344750089
2022-09-28T18:00:00.0;-0.25477300793812463
2022-09-28T19:00:00.0;-0.2640367828872708
2022-09-28T20:00:00.0;-0.26079021751488324
2022-09-28T21:00:00.0;-0.25194185054298673
2022-09-28T22:00:00.0;-0.2415083444558928
2022-09-28T23:00:00.0;-0.23018571069155785
2022-09-29T00:00:00.0;-0.22205401157499666
2022-09-29T01:00:00.0;-0.21250603018386152
2022-09-29T02:00:00.0;-0.20390704727521008
2022-09-29T03:00:00.0;-0.19382527235437141
2022-09-29T04:00:00.0;-0.1891182905597584
2022-09-29T05:00:00.0;-0.19539961665980926
2022-09-29T06:00:00.0;-0.2081691349573124
2022-09-29T07:00:00.0;-0.20121805549458585
2022-09-29T08:00:00.0;-0.17481657481120302
2022-09-29T09:00:00.0;-0.150825488472473
2022-09-29T10:00:00.0;-0.13696559174878034
2022-09-29T11:00:00.0;-0.13544886991384925
2022-09-29T12:00:00.0;-0.14064720799720326
2022-09-29T13:00:00.0;-0.15020597805474584
2022-09-29T14:00:00.0;-0.16415891940059896
2022-09-29T15:00:00.0;-0.181742379330894
2022-09-29T16:00:00.0;-0.21059215674486664
2022-09-29T17:00:00.0;-0.23188274385736993
2022-09-29T18:00:00.0;-0.25410242239446396
2022-09-29T19:00:00.0;-0.26370733107972555
2022-09-29T20:00:00.0;-0.26091514089960666
2022-09-29T21:00:00.0;-0.2522959669275306
2022-09-29T22:00:00.0;-0.24196719633545336
2022-09-29T23:00:00.0;-0.2306180370090175
2022-09-30T00:00:00.0;-0.2313415568357429
2022-09-30T01:00:00.0;-0.22150667327440718
2022-09-30T02:00:00.0;-0.21258442555079754
2022-09-30T03:00:00.0;-0.20385203068056784
2022-09-30T04:00:00.0;-0.19694765637535264
2022-09-30T05:00:00.0;-0.19335955151586923
2022-09-30T06:00:00.0;-0.19404133445862623
2022-09-30T07:00:00.0;-0.1901036349137413
2022-09-30T08:00:00.0;-0.18109645891191628
2022-09-30T09:00:00.0;-0.16789332961897696
2022-09-30T10:00:00.0;-0.15566878813874205
2022-09-30T11:00:00.0;-0.14865303173023933
2022-09-30T12:00:00.0;-0.14849008600710645
2022-09-30T13:00:00.0;-0.1528376155461586
2022-09-30T14:00:00.0;-0.163969933342689
2022-09-30T15:00:00.0;-0.17787336130628736
2022-09-30T16:00:00.0;-0.2000150998659569
2022-09-30T17:00:00.0;-0.22377248111263692
2022-09-30T18:00:00.0;-0.2417496385873587
2022-09-30T19:00:00.0;-0.2571471989599445
2022-09-30T20:00:00.0;-0.26661086064231254
2022-09-30T21:00:00.0;-0.26585866261475505
2022-09-30T22:00:00.0;-0.2580572472780962
2022-09-30T23:00:00.0;-0.24611595344469855
2022-10-01T00:00:00.0;-0.2153595047785206
2022-10-01T01:00:00.0;-0.20551652592763778
2022-10-01T02:00:00.0;-0.19678379179710687
2022-10-01T03:00:00.0;-0.1882633961987804
2022-10-01T04:00:00.0;-0.18127164061320733
2022-10-01T05:00:00.0;-0.17881430169999124
2022-10-01T06:00:00.0;-0.18015051351352152
2022-10-01T07:00:00.0;-0.17716033282083682
2022-10-01T08:00:00.0;-0.1635928472439513
2022-10-01T09:00:00.0;-0.1442494941928676
2022-10-01T10:00:00.0;-0.12919055274651395
2022-10-01T11:00:00.0;-0.12307685857056101
2022-10-01T12:00:00.0;-0.12070686386394094
2022-10-01T13:00:00.0;-0.12386380231362767
2022-10-01T14:00:00.0;-0.13717064271498125
2022-10-01T15:00:00.0;-0.16013617980700315
2022-10-01T16:00:00.0;-0.19132521881256537
2022-10-01T17:00:00.0;-0.21725563614530452
2022-10-01T18:00:00.0;-0.2338620657746735
2022-10-01T19:00:00.0;-0.24256773367875084
2022-10-01T20:00:00.0;-0.2446600128343347
2022-10-01T21:00:00.0;-0.24071906717096103
2022-10-01T22:00:00.0;-0.23225207723072278
2022-10-01T23:00:00.0;-0.22305447028971429
2022-10-02T00:00:00.0;-0.21440670679255616
2022-10-02T01:00:00.0;-0.204575051588362
2022-10-02T02:00:00.0;-0.1959298007760602
2022-10-02T03:00:00.0;-0.1872450563226553
2022-10-02T04:00:00.0;-0.18080468917859033
2022-10-02T05:00:00.0;-0.1799349656538969
2022-10-02T06:00:00.0;-0.18256053754219703
2022-10-02T07:00:00.0;-0.17788899617965245
2022-10-02T08:00:00.0;-0.16190833429175314
2022-10-02T09:00:00.0;-0.14137743501764624
2022-10-02T10:00:00.0;-0.12579000647930277
2022-10-02T11:00:00.0;-0.1199437007506348
2022-10-02T12:00:00.0;-0.1189502714658804
2022-10-02T13:00:00.0;-0.12352789826467922
2022-10-02T14:00:00.0;-0.13759447738381678
2022-10-02T15:00:00.0;-0.1599947295302001
2022-10-02T16:00:00.0;-0.1912417382097284
2022-10-02T17:00:00.0;-0.21651000546924534
2022-10-02T18:00:00.0;-0.2339317694216243
2022-10-02T19:00:00.0;-0.2433919403986525
2022-10-02T20:00:00.0;-0.2455007671105055
2022-10-02T21:00:00.0;-0.24095897901526928
2022-10-02T22:00:00.0;-0.23252045760868
2022-10-02T23:00:00.0;-0.22291927957699442
2022-10-03T00:00:00.0;-0.2228117117260181
2022-10-03T01:00:00.0;-0.2130198130929189
2022-10-03T02:00:00.0;-0.20435302119549897
2022-10-03T03:00:00.0;-0.19432756050220298
2022-10-03T04:00:00.0;-0.18929588335176098
2022-10-03T05:00:00.0;-0.1945164542101119
2022-10-03T06:00:00.0;-0.20621213717453746
2022-10-03T07:00:00.0;-0.1998550186392448
2022-10-03T08:00:00.0;-0.1756947839667021
2022-10-03T09:00:00.0;-0.15321097906669395
2022-10-03T10:00:00.0;-0.13957542425375727
2022-10-03T11:00:00.0;-0.1376307642508572
2022-10-03T12:00:00.0;-0.1425122523178367
2022-10-03T13:00:00.0;-0.1518508065498741
2022-10-03T14:00:00.0;-0.1653590812639707
2022-10-03T15:00:00.0;-0.1826860273421162
2022-10-03T16:00:00.0;-0.21109837877508672
2022-10-03T17:00:00.0;-0.2326049211784433
2022-10-03T18:00:00.0;-0.253859221613613
2022-10-03T19:00:00.0;-0.26323236920580834
2022-10-03T20:00:00.0;-0.26116688194781335
2022-10-03T21:00:00.0;-0.2532400931839665
2022-10-03T22:00:00.0;-0.243117451239875
2022-10-03T23:00:00.0;-0.23177495538619394
2022-10-04T00:00:00.0;-0.23344076815337664
2022-10-04T01:00:00.0;-0.2233647376891393
2022-10-04T02:00:00.0;-0.21427745541113472
2022-10-04T03:00:00.0;-0.2047617581131285
2022-10-04T04:00:00.0;-0.19775786780778576
2022-10-04T05:00:00.0;-0.19590089822385326
2022-10-04T06:00:00.0;-0.2012845839274698
2022-10-04T07:00:00.0;-0.20015369068530944
2022-10-04T08:00:00.0;-0.19016548018680418
2022-10-04T09:00:00.0;-0.1751386193988398
2022-10-04T10:00:00.0;-0.16201846190089775
2022-10-04T11:00:00.0;-0.15589134846982244
2022-10-04T12:00:00.0;-0.15601905779627967
2022-10-04T13:00:00.0;-0.16172645105151948
2022-10-04T14:00:00.0;-0.17106884818212462
2022-10-04T15:00:00.0;-0.18601087919196171
2022-10-04T16:00:00.0;-0.21020845602398877
2022-10-04T17:00:00.0;-0.23353255781958612
2022-10-04T18:00:00.0;-0.2516033716102554
2022-10-04T19:00:00.0;-0.2639834996656776
2022-10-04T20:00:00.0;-0.2698983774129398
2022-10-04T21:00:00.0;-0.26756532344812944
2022-10-04T22:00:00.0;-0.2583069048129757
2022-10-04T23:00:00.0;-0.24636581741844055
2022-10-05T00:00:00.0;-0.23057627180362786
2022-10-05T01:00:00.0;-0.22022099621061306
2022-10-05T02:00:00.0;-0.21126948909381563
2022-10-05T03:00:00.0;-0.20279276841473695
2022-10-05T04:00:00.0;-0.19643817794216153
2022-10-05T05:00:00.0;-0.19613167418018307
2022-10-05T06:00:00.0;-0.20079546730197873
2022-10-05T07:00:00.0;-0.20347755687736274
2022-10-05T08:00:00.0;-0.19630637499836268
2022-10-05T09:00:00.0;-0.18166852808764372
2022-10-05T10:00:00.0;-0.16798449627495418
2022-10-05T11:00:00.0;-0.16124347091388336
2022-10-05T12:00:00.0;-0.15824432846901396
2022-10-05T13:00:00.0;-0.15892331451831088
2022-10-05T14:00:00.0;-0.1665668162054079
2022-10-05T15:00:00.0;-0.18316986895475967
2022-10-05T16:00:00.0;-0.20741721201318689
2022-10-05T17:00:00.0;-0.23361627631847054
2022-10-05T18:00:00.0;-0.2509497606605535
2022-10-05T19:00:00.0;-0.2608314440804298
2022-10-05T20:00:00.0;-0.2637041160161715
2022-10-05T21:00:00.0;-0.2589645645992421
2022-10-05T22:00:00.0;-0.25012515179159517
2022-10-05T23:00:00.0;-0.23986190926474363
2022-10-06T00:00:00.0;-0.2213637459561269
2022-10-06T01:00:00.0;-0.21123481199384211
2022-10-06T02:00:00.0;-0.2024803465675229
2022-10-06T03:00:00.0;-0.1940670017081872
2022-10-06T04:00:00.0;-0.18771577572770898
2022-10-06T05:00:00.0;-0.1869057695226397
2022-10-06T06:00:00.0;-0.189609579669289
2022-10-06T07:00:00.0;-0.1882144070983714
2022-10-06T08:00:00.0;-0.17717778483732385
2022-10-06T09:00:00.0;-0.1596272870848224
2022-10-06T10:00:00.0;-0.1445057081411506
2022-10-06T11:00:00.0;-0.1376216858640292
2022-10-06T12:00:00.0;-0.13526083628369284
2022-10-06T13:00:00.0;-0.13763259418967602
2022-10-06T14:00:00.0;-0.14863680594042192
2022-10-06T15:00:00.0;-0.16836096374429638
2022-10-06T16:00:00.0;-0.1962370857727466
2022-10-06T17:00:00.0;-0.2222337937024264
2022-10-06T18:00:00.0;-0.23945573579963508
2022-10-06T19:00:00.0;-0.24977458540689368
2022-10-06T20:00:00.0;-0.25329407039617924
2022-10-06T21:00:00.0;-0.24899225768462133
2022-10-06T22:00:00.0;-0.2406678295963729
2022-10-06T23:00:00.0;-0.23073674760483734
2022-10-07T00:00:00.0;-0.2248446354411635
2022-10-07T01:00:00.0;-0.21468019955766274
2022-10-07T02:00:00.0;-0.20580788232741487
2022-10-07T03:00:00.0;-0.19731168632987722
2022-10-07T04:00:00.0;-0.19070677878470954
2022-10-07T05:00:00.0;-0.18956328192119706
2022-10-07T06:00:00.0;-0.19297205599354209
2022-10-07T07:00:00.0;-0.19354471515214922
2022-10-07T08:00:00.0;-0.18399920290200775
2022-10-07T09:00:00.0;-0.167613462262991
2022-10-07T10:00:00.0;-0.15342162921218755
2022-10-07T11:00:00.0;-0.14692113050526562
2022-10-07T12:00:00.0;-0.1441575148511437
2022-10-07T13:00:00.0;-0.14577384537602237
2022-10-07T14:00:00.0;-0.15555851251151334
2022-10-07T15:00:00.0;-0.17456991256185903
2022-10-07T16:00:00.0;-0.2014378034797339
2022-10-07T17:00:00.0;-0.2275463038940823
2022-10-07T18:00:00.0;-0.24457186271589557
2022-10-07T19:00:00.0;-0.25396386653237296
2022-10-07T20:00:00.0;-0.2565072248470581
2022-10-07T21:00:00.0;-0.25207329452285615
2022-10-07T22:00:00.0;-0.24337182968093857
2022-10-07T23:00:00.0;-0.23351986895614185
2022-10-08T00:00:00.0;-0.21066764570310698
2022-10-08T01:00:00.0;-0.20093679203694578
2022-10-08T02:00:00.0;-0.19215142695332868
2022-10-08T03:00:00.0;-0.18313270424221975
2022-10-08T04:00:00.0;-0.17582194460893105
2022-10-08T05:00:00.0;-0.17292136963265087
2022-10-08T06:00:00.0;-0.17516714403535014
2022-10-08T07:00:00.0;-0.17046773395381648
2022-10-08T08:00:00.0;-0.15359626796157014
2022-10-08T09:00:00.0;-0.13280662914164765
2022-10-08T10:00:00.0;-0.1179984162737461
2022-10-08T11:00:00.0;-0.11331129396524883
2022-10-08T12:00:00.0;-0.11275012767784817
2022-10-08T13:00:00.0;-0.11847699191722824
2022-10-08T14:00:00.0;-0.13456665035683543
2022-10-08T15:00:00.0;-0.15951113866359495
2022-10-08T16:00:00.0;-0.19325127516131757
2022-10-08T17:00:00.0;-0.2186382624477966
2022-10-08T18:00:00.0;-0.23428215625177806
2022-10-08T19:00:00.0;-0.24024744522972663
2022-10-08T20:00:00.0;-0.23921077285223047
2022-10-08T21:00:00.0;-0.2348764560125422
2022-10-08T22:00:00.0;-0.22607435949226218
2022-10-08T23:00:00.0;-0.21735679766223515
2022-10-09T00:00:00.0;-0.22675412870725153
2022-10-09T01:00:00.0;-0.21671826117411488
2022-10-09T02:00:00.0;-0.20776707971667963
2022-10-09T03:00:00.0;-0.19813182741728738
2022-10-09T04:00:00.0;-0.19151395170571614
2022-10-09T05:00:00.0;-0.1904162634840986
2022-10-09T06:00:00.0;-0.19576760783639835
2022-10-09T07:00:00.0;-0.1913711444202495
2022-10-09T08:00:00.0;-0.1779419311516002
2022-10-09T09:00:00.0;-0.1607470391795268
2022-10-09T10:00:00.0;-0.14631512753211473
2022-10-09T11:00:00.0;-0.14027395306405485
2022-10-09T12:00:00.0;-0.14196797317385937
2022-10-09T13:00:00.0;-0.14995777614509398
2022-10-09T14:00:00.0;-0.16219253860168364
2022-10-09T15:00:00.0;-0.1787025326125938
2022-10-09T16:00:00.0;-0.2051521339020914
2022-10-09T17:00:00.0;-0.228194218750242
2022-10-09T18:00:00.0;-0.2460155219321492
2022-10-09T19:00:00.0;-0.2582123302237419
2022-10-09T20:00:00.0;-0.2636665146717737
2022-10-09T21:00:00.0;-0.2610151811804668
2022-10-09T22:00:00.0;-0.25214838538654666
2022-10-09T23:00:00.0;-0.2403149038976534
2022-10-10T00:00:00.0;-0.23367681244474817
2022-10-10T01:00:00.0;-0.2234548854596511
2022-10-10T02:00:00.0;-0.21430851614254057
2022-10-10T03:00:00.0;-0.20488489593350004
2022-10-10T04:00:00.0;-0.19770543036788277
2022-10-10T05:00:00.0;-0.19501428270011884
2022-10-10T06:00:00.0;-0.19954638314888018
2022-10-10T07:00:00.0;-0.19906713574077287
2022-10-10T08:00:00.0;-0.1912457593052089
2022-10-10T09:00:00.0;-0.17739146470237296
2022-10-10T10:00:00.0;-0.16408570897832328
2022-10-10T11:00:00.0;-0.1572853674929222
2022-10-10T12:00:00.0;-0.15698479659034467
2022-10-10T13:00:00.0;-0.16243344496627735
2022-10-10T14:00:00.0;-0.17167552659027083
2022-10-10T15:00:00.0;-0.18649410344137032
2022-10-10T16:00:00.0;-0.21029624078850442
2022-10-10T17:00:00.0;-0.234155101201394
2022-10-10T18:00:00.0;-0.2512059148178873
2022-10-10T19:00:00.0;-0.2633555959693994
2022-10-10T20:00:00.0;-0.2698063851778671
2022-10-10T21:00:00.0;-0.2680383720049737
2022-10-10T22:00:00.0;-0.2590623711462769
2022-10-10T23:00:00.0;-0.2472137662055213
2022-10-11T00:00:00.0;-0.22063071710162235
2022-10-11T01:00:00.0;-0.21104970505746565
2022-10-11T02:00:00.0;-0.20242302762294004
2022-10-11T03:00:00.0;-0.19236206325095787
2022-10-11T04:00:00.0;-0.18742002663072388
2022-10-11T05:00:00.0;-0.19302319933065384
2022-10-11T06:00:00.0;-0.20524472083911324
2022-10-11T07:00:00.0;-0.19858368390952547
2022-10-11T08:00:00.0;-0.17275265969394904
2022-10-11T09:00:00.0;-0.14878284214656395
2022-10-11T10:00:00.0;-0.13471438973798378
2022-10-11T11:00:00.0;-0.13303646188708562
2022-10-11T12:00:00.0;-0.13784357032723835
2022-10-11T13:00:00.0;-0.14730993406709353
2022-10-11T14:00:00.0;-0.16156895657081274
2022-10-11T15:00:00.0;-0.1800869938451087
2022-10-11T16:00:00.0;-0.20974795550314762
2022-10-11T17:00:00.0;-0.23140501961849447
2022-10-11T18:00:00.0;-0.2529261836556865
2022-10-11T19:00:00.0;-0.26174214347023117
2022-10-11T20:00:00.0;-0.2585744114860636
2022-10-11T21:00:00.0;-0.25015101290211184
2022-10-11T22:00:00.0;-0.23985800011936573
2022-10-11T23:00:00.0;-0.2288117775063993
2022-10-12T00:00:00.0;-0.22232173346218687
2022-10-12T01:00:00.0;-0.212435238227225
2022-10-12T02:00:00.0;-0.20371111090936267
2022-10-12T03:00:00.0;-0.19374309393200279
2022-10-12T04:00:00.0;-0.18880392235515306
2022-10-12T05:00:00.0;-0.19398009786212886
2022-10-12T06:00:00.0;-0.2058749523417409
2022-10-12T07:00:00.0;-0.20056396899278683
2022-10-12T08:00:00.0;-0.1781063333362056
2022-10-12T09:00:00.0;-0.15616270964368156
2022-10-12T10:00:00.0;-0.14182193757126527
2022-10-12T11:00:00.0;-0.13919788295353705
2022-10-12T12:00:00.0;-0.1437337453295788
2022-10-12T13:00:00.0;-0.15292373296495915
2022-10-12T14:00:00.0;-0.16664847794462578
2022-10-12T15:00:00.0;-0.18412723877037165
2022-10-12T16:00:00.0;-0.21241922361757304
2022-10-12T17:00:00.0;-0.23483802098371565
2022-10-12T18:00:00.0;-0.2549729783356149
2022-10-12T19:00:00.0;-0.26340195330917604
2022-10-12T20:00:00.0;-0.2606773915530827
2022-10-12T21:00:00.0;-0.2526517607408471
2022-10-12T22:00:00.0;-0.24274067974530322
2022-10-12T23:00:00.0;-0.23168766602176197
2022-10-13T00:00:00.0;-0.2248967174573539
2022-10-13T01:00:00.0;-0.2143165733912348
2022-10-13T02:00:00.0;-0.2054627718360835
2022-10-13T03:00:00.0;-0.1960040754024949
2022-10-13T04:00:00.0;-0.1891588000150101
2022-10-13T05:00:00.0;-0.1885108123948952
2022-10-13T06:00:00.0;-0.19310365583483022
2022-10-13T07:00:00.0;-0.18802674279195158
2022-10-13T08:00:00.0;-0.17209537248106557
2022-10-13T09:00:00.0;-0.15604506039540192
2022-10-13T10:00:00.0;-0.14500693814181942
2022-10-13T11:00:00.0;-0.14209488697090936
2022-10-13T12:00:00.0;-0.14502975571312526
2022-10-13T13:00:00.0;-0.15204479159541212
2022-10-13T14:00:00.0;-0.163895274570605
2022-10-13T15:00:00.0;-0.18083969160321464
2022-10-13T16:00:00.0;-0.2076427433158657
2022-10-13T17:00:00.0;-0.2296021074306129
2022-10-13T18:00:00.0;-0.24764695252008453
2022-10-13T19:00:00.0;-0.2569033843087548
2022-10-13T20:00:00.0;-0.25873757869161884
2022-10-13T21:00:00.0;-0.25428013781705666
2022-10-13T22:00:00.0;-0.24512456183225959
2022-10-13T23:00:00.0;-0.23405636984653683
2022-10-14T00:00:00.0;-0.2267324236372972
2022-10-14T01:00:00.0;-0.21602658714060355
2022-10-14T02:00:00.0;-0.2072341068685298
2022-10-14T03:00:00.0;-0.19761155101965686
2022-10-14T04:00:00.0;-0.19135334160866932
2022-10-14T05:00:00.0;-0.19277034270892862
2022-10-14T06:00:00.0;-0.19929713789590034
2022-10-14T07:00:00.0;-0.1934937948081944
2022-10-14T08:00:00.0;-0.17554953373423093
2022-10-14T09:00:00.0;-0.15920745783507112
2022-10-14T10:00:00.0;-0.14865014531180396
2022-10-14T11:00:00.0;-0.14662608064483895
2022-10-14T12:00:00.0;-0.15104295354924654
2022-10-14T13:00:00.0;-0.15884003750363182
2022-10-14T14:00:00.0;-0.17025482449370088
2022-10-14T15:00:00.0;-0.1855682702388594
2022-10-14T16:00:00.0;-0.21127187377588827
2022-10-14T17:00:00.0;-0.23229256145799818
2022-10-14T18:00:00.0;-0.25154449364956616
2022-10-14T19:00:00.0;-0.2612622220776658
2022-10-14T20:00:00.0;-0.2624970824668006
2022-10-14T21:00:00.0;-0.25693738224128987
2022-10-14T22:00:00.0;-0.24757161904655797
2022-10-14T23:00:00.0;-0.23601917665007457
2022-10-15T00:00:00.0;-0.23544917737748128
2022-10-15T01:00:00.0;-0.22507453791528545
2022-10-15T02:00:00.0;-0.2158435372812882
2022-10-15T03:00:00.0;-0.206528492606801
2022-10-15T04:00:00.0;-0.19915575190438028
2022-10-15T05:00:00.0;-0.19573960813427083
2022-10-15T06:00:00.0;-0.19975210595749332
2022-10-15T07:00:00.0;-0.20075648198606583
2022-10-15T08:00:00.0;-0.19559222135962753
2022-10-15T09:00:00.0;-0.18326384617922084
2022-10-15T10:00:00.0;-0.1701183257126758
2022-10-15T11:00:00.0;-0.1627844776591361
2022-10-15T12:00:00.0;-0.1617809686613856
2022-10-15T13:00:00.0;-0.1664247798219587
2022-10-15T14:00:00.0;-0.1748793448300159
2022-10-15T15:00:00.0;-0.18920852452497025
2022-10-15T16:00:00.0;-0.21210738379843838
2022-10-15T17:00:00.0;-0.2365575443480205
2022-10-15T18:00:00.0;-0.2527481353752328
2022-10-15T19:00:00.0;-0.26450901274626604
2022-10-15T20:00:00.0;-0.27119801603447996
2022-10-15T21:00:00.0;-0.2698095876291117
2022-10-15T22:00:00.0;-0.26096517471076786
2022-10-15T23:00:00.0;-0.2492247457511225
2022-10-16T00:00:00.0;-0.20552946255106283
2022-10-16T01:00:00.0;-0.1957930489906228
2022-10-16T02:00:00.0;-0.18686222712837255
2022-10-16T03:00:00.0;-0.1779942599948389
2022-10-16T04:00:00.0;-0.16950132633229933
2022-10-16T05:00:00.0;-0.16281974031694985
2022-10-16T06:00:00.0;-0.1618339191563002
2022-10-16T07:00:00.0;-0.15804308783695858
2022-10-16T08:00:00.0;-0.14403281290134984
2022-10-16T09:00:00.0;-0.12423771082468392
2022-10-16T10:00:00.0;-0.10935496409673395
2022-10-16T11:00:00.0;-0.10409343354731193
2022-10-16T12:00:00.0;-0.10197658482746175
2022-10-16T13:00:00.0;-0.10715500533884623
2022-10-16T14:00:00.0;-0.12496290096026061
2022-10-16T15:00:00.0;-0.1532863564330531
2022-10-16T16:00:00.0;-0.18957724554277053
2022-10-16T17:00:00.0;-0.2164561559023111
2022-10-16T18:00:00.0;-0.22899553435234227
2022-10-16T19:00:00.0;-0.2320088268309729
2022-10-16T20:00:00.0;-0.229862596559137
2022-10-16T21:00:00.0;-0.22694582335022465
2022-10-16T22:00:00.0;-0.21847328478789366
2022-10-16T23:00:00.0;-0.2110087230778268
2022-10-17T00:00:00.0;-0.22512255464529896
2022-10-17T01:00:00.0;-0.21486948036087603
2022-10-17T02:00:00.0;-0.20575288718980278
2022-10-17T03:00:00.0;-0.19664549973673415
2022-10-17T04:00:00.0;-0.18899340002071402
2022-10-17T05:00:00.0;-0.18536028768499435
2022-10-17T06:00:00.0;-0.1886591598099582
2022-10-17T07:00:00.0;-0.18906049139957226
2022-10-17T08:00:00.0;-0.17989577686162256
2022-10-17T09:00:00.0;-0.16496182752199734
2022-10-17T10:00:00.0;-0.1522627978197277
2022-10-17T11:00:00.0;-0.14691159634587633
2022-10-17T12:00:00.0;-0.14559468302982342
2022-10-17T13:00:00.0;-0.14950449811097133
2022-10-17T14:00:00.0;-0.16068456259991873
2022-10-17T15:00:00.0;-0.18014755458270598
2022-10-17T16:00:00.0;-0.2077586480189075
2022-10-17T17:00:00.0;-0.2331305932697459
2022-10-17T18:00:00.0;-0.248250656606456
2022-10-17T19:00:00.0;-0.2550438855174991
2022-10-17T20:00:00.0;-0.25586675150930327
2022-10-17T21:00:00.0;-0.2525013741228887
2022-10-17T22:00:00.0;-0.24341614733238956
2022-10-17T23:00:00.0;-0.23369238495656208
2022-10-18T00:00:00.0;-0.2223954682925635
2022-10-18T01:00:00.0;-0.212434216303018
2022-10-18T02:00:00.0;-0.20368364929472332
2022-10-18T03:00:00.0;-0.19375626116443867
2022-10-18T04:00:00.0;-0.1887717777349389
2022-10-18T05:00:00.0;-0.19369142684802843
2022-10-18T06:00:00.0;-0.20534000148970938
2022-10-18T07:00:00.0;-0.20039698318460825
2022-10-18T08:00:00.0;-0.17886467714626444
2022-10-18T09:00:00.0;-0.15743047264232618
2022-10-18T10:00:00.0;-0.14300998372248971
2022-10-18T11:00:00.0;-0.140131990824476
2022-10-18T12:00:00.0;-0.14450759758179435
2022-10-18T13:00:00.0;-0.1535655155629578
2022-10-18T14:00:00.0;-0.16724529063373308
2022-10-18T15:00:00.0;-0.18466750932744924
2022-10-18T16:00:00.0;-0.21277482112082977
2022-10-18T17:00:00.0;-0.23546697849709805
2022-10-18T18:00:00.0;-0.2551282649390533
2022-10-18T19:00:00.0;-0.26331093334446504
2022-10-18T20:00:00.0;-0.26061445864226873
2022-10-18T21:00:00.0;-0.25272294382746724
2022-10-18T22:00:00.0;-0.24292533450798515
2022-10-18T23:00:00.0;-0.2319466546147491
2022-10-19T00:00:00.0;-0.22945905892060814
2022-10-19T01:00:00.0;-0.21909589410772753
2022-10-19T02:00:00.0;-0.20995704616645075
2022-10-19T03:00:00.0;-0.2005903485569681
2022-10-19T04:00:00.0;-0.19324460326602932
2022-10-19T05:00:00.0;-0.1892191131751379
2022-10-19T06:00:00.0;-0.19173406860022338
2022-10-19T07:00:00.0;-0.18951732175430192
2022-10-19T08:00:00.0;-0.18275302836985538
2022-10-19T09:00:00.0;-0.1692079535382216
2022-10-19T10:00:00.0;-0.15467488150036984
2022-10-19T11:00:00.0;-0.14667173105677883
2022-10-19T12:00:00.0;-0.1466711070895572
2022-10-19T13:00:00.0;-0.15343457197028823
2022-10-19T14:00:00.0;-0.1645770345499877
2022-10-19T15:00:00.0;-0.18032841651881124
2022-10-19T16:00:00.0;-0.2051727337786409
2022-10-19T17:00:00.0;-0.2294571047320859
2022-10-19T18:00:00.0;-0.24488586093379416
2022-10-19T19:00:00.0;-0.25731452084304446
2022-10-19T20:00:00.0;-0.26536364180050154
2022-10-19T21:00:00.0;-0.26484780093282423
2022-10-19T22:00:00.0;-0.25664297738541875
2022-10-19T23:00:00.0;-0.24483598217203809
2022-10-20T00:00:00.0;-0.2274293298874154
2022-10-20T01:00:00.0;-0.21715137370923157
2022-10-20T02:00:00.0;-0.20793783923187628
2022-10-20T03:00:00.0;-0.1988999484108927
2022-10-20T04:00:00.0;-0.19112244562323702
2022-10-20T05:00:00.0;-0.18689234072768904
2022-10-20T06:00:00.0;-0.19009188314268916
2022-10-20T07:00:00.0;-0.19225838748443788
2022-10-20T08:00:00.0;-0.18585011795370515
2022-10-20T09:00:00.0;-0.17205314025689877
2022-10-20T10:00:00.0;-0.15905230441638596
2022-10-20T11:00:00.0;-0.15282709428714433
2022-10-20T12:00:00.0;-0.15056312607549202
2022-10-20T13:00:00.0;-0.15368927275130487
2022-10-20T14:00:00.0;-0.16401249912805183
2022-10-20T15:00:00.0;-0.18294424538011667
2022-10-20T16:00:00.0;-0.20961625104051443
2022-10-20T17:00:00.0;-0.23572806017517786
2022-10-20T18:00:00.0;-0.2501633768349271
2022-10-20T19:00:00.0;-0.25694131619076843
2022-10-20T20:00:00.0;-0.2582713657502274
2022-10-20T21:00:00.0;-0.255373902294692
2022-10-20T22:00:00.0;-0.2463596546659944
2022-10-20T23:00:00.0;-0.23665088556466105
2022-10-21T00:00:00.0;-0.22958166623858306
2022-10-21T01:00:00.0;-0.2189082894487284
2022-10-21T02:00:00.0;-0.20979442528852735
2022-10-21T03:00:00.0;-0.2005059470683114
2022-10-21T04:00:00.0;-0.19289886686070948
2022-10-21T05:00:00.0;-0.1882689873894206
2022-10-21T06:00:00.0;-0.18941556376085858
2022-10-21T07:00:00.0;-0.1863147352138902
2022-10-21T08:00:00.0;-0.17963540528908817
2022-10-21T09:00:00.0;-0.1674091595658732
2022-10-21T10:00:00.0;-0.154235191618513
2022-10-21T11:00:00.0;-0.14694686786187902
2022-10-21T12:00:00.0;-0.14753466439291316
2022-10-21T13:00:00.0;-0.15426597799995487
2022-10-21T14:00:00.0;-0.1651340883076456
2022-10-21T15:00:00.0;-0.18038104671187194
2022-10-21T16:00:00.0;-0.20477873266352084
2022-10-21T17:00:00.0;-0.22834702642195032
2022-10-21T18:00:00.0;-0.24368514463333452
2022-10-21T19:00:00.0;-0.25613566861649956
2022-10-21T20:00:00.0;-0.2646829192251684
2022-10-21T21:00:00.0;-0.2644316065769117
2022-10-21T22:00:00.0;-0.2563787739043856
2022-10-21T23:00:00.0;-0.24448198556392103
2022-10-22T00:00:00.0;-0.21438220364012608
2022-10-22T01:00:00.0;-0.20382710166984958
2022-10-22T02:00:00.0;-0.19485077335565212
2022-10-22T03:00:00.0;-0.18599600512057787
2022-10-22T04:00:00.0;-0.17744120035241057
2022-10-22T05:00:00.0;-0.17082920479593727
2022-10-22T06:00:00.0;-0.16900077828891907
2022-10-22T07:00:00.0;-0.16507235474513807
2022-10-22T08:00:00.0;-0.15394939259222643
2022-10-22T09:00:00.0;-0.13890199643822995
2022-10-22T10:00:00.0;-0.12694419172996046
2022-10-22T11:00:00.0;-0.12236861963317151
2022-10-22T12:00:00.0;-0.12181416766119178
2022-10-22T13:00:00.0;-0.12687221853802197
2022-10-22T14:00:00.0;-0.141512177247027
2022-10-22T15:00:00.0;-0.1646937563517723
2022-10-22T16:00:00.0;-0.1961275404548529
2022-10-22T17:00:00.0;-0.22108313033323726
2022-10-22T18:00:00.0;-0.2343302302374381
2022-10-22T19:00:00.0;-0.23968146438241295
2022-10-22T20:00:00.0;-0.24073994840678173
2022-10-22T21:00:00.0;-0.2385811116463857
2022-10-22T22:00:00.0;-0.23033016608992027
2022-10-22T23:00:00.0;-0.22148593441568673
2022-10-23T00:00:00.0;-0.22523688246014628
2022-10-23T01:00:00.0;-0.21491807208910407
2022-10-23T02:00:00.0;-0.2057466150591146
2022-10-23T03:00:00.0;-0.19664720139428138
2022-10-23T04:00:00.0;-0.18896399151280913
2022-10-23T05:00:00.0;-0.18452966970017626
2022-10-23T06:00:00.0;-0.18702978393424133
2022-10-23T07:00:00.0;-0.1873311560421748
2022-10-23T08:00:00.0;-0.1804530969218526
2022-10-23T09:00:00.0;-0.1663358547149128
2022-10-23T10:00:00.0;-0.1524865283319399
2022-10-23T11:00:00.0;-0.14565709574387023
2022-10-23T12:00:00.0;-0.1441499558072168
2022-10-23T13:00:00.0;-0.14868790424100212
2022-10-23T14:00:00.0;-0.1602542397925712
2022-10-23T15:00:00.0;-0.1792566059044594
2022-10-23T16:00:00.0;-0.20638753823324496
2022-10-23T17:00:00.0;-0.23225564973816976
2022-10-23T18:00:00.0;-0.24636329644853086
2022-10-23T19:00:00.0;-0.2541188106445731
2022-10-23T20:00:00.0;-0.2569155298283445
2022-10-23T21:00:00.0;-0.25470369436035806
2022-10-23T22:00:00.0;-0.24611172056092454
2022-10-23T23:00:00.0;-0.23609308857513459
2022-10-24T00:00:00.0;-0.2273094584382141
2022-10-24T01:00:00.0;-0.2168009875191914
2022-10-24T02:00:00.0;-0.20749834159293415
2022-10-24T03:00:00.0;-0.19863766450924303
2022-10-24T04:00:00.0;-0.19086830952436717
2022-10-24T05:00:00.0;-0.18677505944740905
2022-10-24T06:00:00.0;-0.1905222440284565
2022-10-24T07:00:00.0;-0.19534539541473686
2022-10-24T08:00:00.0;-0.19112818213293103
2022-10-24T09:00:00.0;-0.17851565713045695
2022-10-24T10:00:00.0;-0.16578489132809732
2022-10-24T11:00:00.0;-0.1597027300130391
2022-10-24T12:00:00.0;-0.15665886683851277
2022-10-24T13:00:00.0;-0.1583633058804371
2022-10-24T14:00:00.0;-0.16821086555747686
2022-10-24T15:00:00.0;-0.1876433557942546
2022-10-24T16:00:00.0;-0.2141052655681307
2022-10-24T17:00:00.0;-0.24156271487981484
2022-10-24T18:00:00.0;-0.2545206888082054
2022-10-24T19:00:00.0;-0.2583642852728964
2022-10-24T20:00:00.0;-0.25668930405717755
2022-10-24T21:00:00.0;-0.2527173632709165
2022-10-24T22:00:00.0;-0.24366920913434162
2022-10-24T23:00:00.0;-0.2348600239413258
2022-10-25T00:00:00.0;-0.21583773201749087
2022-10-25T01:00:00.0;-0.20552439532560046
2022-10-25T02:00:00.0;-0.1964683236965985
2022-10-25T03:00:00.0;-0.18756041727063427
2022-10-25T04:00:00.0;-0.1794606680707527
2022-10-25T05:00:00.0;-0.17411610360659083
2022-10-25T06:00:00.0;-0.1747973348011685
2022-10-25T07:00:00.0;-0.17345167989575191
2022-10-25T08:00:00.0;-0.16335650948331729
2022-10-25T09:00:00.0;-0.14749322998539133
2022-10-25T10:00:00.0;-0.13415597410400587
2022-10-25T11:00:00.0;-0.128833669976338
2022-10-25T12:00:00.0;-0.12737615959510912
2022-10-25T13:00:00.0;-0.1317962514319379
2022-10-25T14:00:00.0;-0.14601706562247846
2022-10-25T15:00:00.0;-0.16924912663397113
2022-10-25T16:00:00.0;-0.20040143475585462
2022-10-25T17:00:00.0;-0.226667509501533
2022-10-25T18:00:00.0;-0.23968921773732713
2022-10-25T19:00:00.0;-0.24400327887482204
2022-10-25T20:00:00.0;-0.2432090311656831
2022-10-25T21:00:00.0;-0.24007331414231936
2022-10-25T22:00:00.0;-0.2315384002667376
2022-10-25T23:00:00.0;-0.22300268959815298
2022-10-26T00:00:00.0;-0.22378636745674066
2022-10-26T01:00:00.0;-0.2133713530066338
2022-10-26T02:00:00.0;-0.2042937518913958
2022-10-26T03:00:00.0;-0.19507832239437453
2022-10-26T04:00:00.0;-0.1879717172093021
2022-10-26T05:00:00.0;-0.18565135676950964
2022-10-26T06:00:00.0;-0.18999971644244953
2022-10-26T07:00:00.0;-0.18932397191558475
2022-10-26T08:00:00.0;-0.17932849185497024
2022-10-26T09:00:00.0;-0.1640951482060012
2022-10-26T10:00:00.0;-0.15059394392046116
2022-10-26T11:00:00.0;-0.14506528320428558
2022-10-26T12:00:00.0;-0.14503737836181557
2022-10-26T13:00:00.0;-0.1503428740159936
2022-10-26T14:00:00.0;-0.1624544240008718
2022-10-26T15:00:00.0;-0.18130699779567433
2022-10-26T16:00:00.0;-0.20873132494463015
2022-10-26T17:00:00.0;-0.23402248067278936
2022-10-26T18:00:00.0;-0.24889353758623475
2022-10-26T19:00:00.0;-0.2556677074802792
2022-10-26T20:00:00.0;-0.25617643808067847
2022-10-26T21:00:00.0;-0.2522818034577712
2022-10-26T22:00:00.0;-0.2434719046184709
2022-10-26T23:00:00.0;-0.23354192795129006
2022-10-27T00:00:00.0;-0.22849519412184985
2022-10-27T01:00:00.0;-0.2180641863301596
2022-10-27T02:00:00.0;-0.20889984724622512
2022-10-27T03:00:00.0;-0.1996587148291952
2022-10-27T04:00:00.0;-0.19274270225320947
2022-10-27T05:00:00.0;-0.19105154003255054
2022-10-27T06:00:00.0;-0.19677421927950137
2022-10-27T07:00:00.0;-0.19822203937943733
2022-10-27T08:00:00.0;-0.19021195161879959
2022-10-27T09:00:00.0;-0.17596267302880148
2022-10-27T10:00:00.0;-0.16249252604843972
2022-10-27T11:00:00.0;-0.15654934567305903
2022-10-27T12:00:00.0;-0.15600887606049962
2022-10-27T13:00:00.0;-0.1605112644881878
2022-10-27T14:00:00.0;-0.1709634038257367
2022-10-27T15:00:00.0;-0.1881697533007376
2022-10-27T16:00:00.0;-0.21372092025618755
2022-10-27T17:00:00.0;-0.23933183489870014
2022-10-27T18:00:00.0;-0.2544441024448786
2022-10-27T19:00:00.0;-0.26154002958788164
2022-10-27T20:00:00.0;-0.26214284129972537
2022-10-27T21:00:00.0;-0.2580323032637844
2022-10-27T22:00:00.0;-0.24901069196562464
2022-10-27T23:00:00.0;-0.2388060779891211
2022-10-28T00:00:00.0;-0.22979962368511225
2022-10-28T01:00:00.0;-0.2192697559897787
2022-10-28T02:00:00.0;-0.2100359721050366
2022-10-28T03:00:00.0;-0.20087471384787656
2022-10-28T04:00:00.0;-0.19348181645986956
2022-10-28T05:00:00.0;-0.18974083644934964
2022-10-28T06:00:00.0;-0.1931774243029236
2022-10-28T07:00:00.0;-0.19438672127080264
2022-10-28T08:00:00.0;-0.18950723113454218
2022-10-28T09:00:00.0;-0.17695241938555314
2022-10-28T10:00:00.0;-0.16313870358230073
2022-10-28T11:00:00.0;-0.15575583686018282
2022-10-28T12:00:00.0;-0.1546049111732202
2022-10-28T13:00:00.0;-0.15924295924828966
2022-10-28T14:00:00.0;-0.16947101153522606
2022-10-28T15:00:00.0;-0.1860304086836245
2022-10-28T16:00:00.0;-0.21079537661523634
2022-10-28T17:00:00.0;-0.23651498212079053
2022-10-28T18:00:00.0;-0.25073548101099125
2022-10-28T19:00:00.0;-0.2595715910858318
2022-10-28T20:00:00.0;-0.2635778782626041
2022-10-28T21:00:00.0;-0.2615143297230295
2022-10-28T22:00:00.0;-0.25301118068786366
2022-10-28T23:00:00.0;-0.24234694085765496
2022-10-29T00:00:00.0;-0.22502871044896136
2022-10-29T01:00:00.0;-0.21459054723376375
2022-10-29T02:00:00.0;-0.20558667709350492
2022-10-29T03:00:00.0;-0.19606188214254142
2022-10-29T04:00:00.0;-0.18987166838178157
2022-10-29T05:00:00.0;-0.18993260649439053
2022-10-29T06:00:00.0;-0.1965452889890398
2022-10-29T07:00:00.0;-0.19387232089608147
2022-10-29T08:00:00.0;-0.18188164314057836
2022-10-29T09:00:00.0;-0.1656891370059074
2022-10-29T10:00:00.0;-0.15099436822748236
2022-10-29T11:00:00.0;-0.1450856036106823
2022-10-29T12:00:00.0;-0.14709854122744928
2022-10-29T13:00:00.0;-0.1547677400989953
2022-10-29T14:00:00.0;-0.1674049319832879
2022-10-29T15:00:00.0;-0.18410165798074382
2022-10-29T16:00:00.0;-0.21034416656752142
2022-10-29T17:00:00.0;-0.23469407083398347
2022-10-29T18:00:00.0;-0.25069305937413056
2022-10-29T19:00:00.0;-0.25962241886983306
2022-10-29T20:00:00.0;-0.2615152897004535
2022-10-29T21:00:00.0;-0.25726365226349796
2022-10-29T22:00:00.0;-0.24860862268786346
2022-10-29T23:00:00.0;-0.23761319312903575
2022-10-30T00:00:00.0;-0.22244960834222227
2022-10-30T01:00:00.0;-0.21224319133747474
2022-10-30T02:00:00.0;-0.20339538138469196
2022-10-30T03:00:00.0;-0.19363208960487416
2022-10-30T04:00:00.0;-0.1883782195953148
2022-10-30T05:00:00.0;-0.19203488791509707
2022-10-30T06:00:00.0;-0.20242549313775718
2022-10-30T07:00:00.0;-0.19873868540851466
2022-10-30T08:00:00.0;-0.18066732990266382
2022-10-30T09:00:00.0;-0.16108295320129146
2022-10-30T10:00:00.0;-0.14638956573729653
2022-10-30T11:00:00.0;-0.14252595978201416
2022-10-30T12:00:00.0;-0.14616119559392662
2022-10-30T13:00:00.0;-0.1546735076585547
2022-10-30T14:00:00.0;-0.16823908714063326
2022-10-30T15:00:00.0;-0.18565702438420564
2022-10-30T16:00:00.0;-0.21326018284395254
2022-10-30T17:00:00.0;-0.2369484092167481
2022-10-30T18:00:00.0;-0.25484739863102507
2022-10-30T19:00:00.0;-0.2622420367771863
2022-10-30T20:00:00.0;-0.25990618460551596
2022-10-30T21:00:00.0;-0.25271987828160997
2022-10-30T22:00:00.0;-0.243352507075613
2022-10-30T23:00:00.0;-0.23266079928082875
2022-10-31T00:00:00.0;-0.22854877218572975
2022-10-31T01:00:00.0;-0.21772058850609546
2022-10-31T02:00:00.0;-0.2085807430712626
2022-10-31T03:00:00.0;-0.19932323807717744
2022-10-31T04:00:00.0;-0.1920346494529626
2022-10-31T05:00:00.0;-0.1882617767556664
2022-10-31T06:00:00.0;-0.19044488358566133
2022-10-31T07:00:00.0;-0.18830343983443262
2022-10-31T08:00:00.0;-0.18217002452590444
2022-10-31T09:00:00.0;-0.17013116343574367
2022-10-31T10:00:00.0;-0.15653028163282412
2022-10-31T11:00:00.0;-0.14921322569597364
2022-10-31T12:00:00.0;-0.1499683647382079
2022-10-31T13:00:00.0;-0.15664077539346993
2022-10-31T14:00:00.0;-0.16783695190703035
2022-10-31T15:00:00.0;-0.18324723975980395
2022-10-31T16:00:00.0;-0.20763453517767544
2022-10-31T17:00:00.0;-0.23198311617768866
2022-10-31T18:00:00.0;-0.24643032401955242
2022-10-31T19:00:00.0;-0.2571706592066144
2022-10-31T20:00:00.0;-0.2636965536472079
2022-10-31T21:00:00.0;-0.2624843203083734
2022-10-31T22:00:00.0;-0.25451346215936443
2022-10-31T23:00:00.0;-0.24305579838937355
2022-11-01T00:00:00.0;-0.22866735206191022
2022-11-01T01:00:00.0;-0.21811074652570123
2022-11-01T02:00:00.0;-0.20878491889049103
2022-11-01T03:00:00.0;-0.199924696311578
2022-11-01T04:00:00.0;-0.19220045349649925
2022-11-01T05:00:00.0;-0.18826857557428972
2022-11-01T06:00:00.0;-0.19231084369671467
2022-11-01T07:00:00.0;-0.19767104165780605
2022-11-01T08:00:00.0;-0.19406438569864903
2022-11-01T09:00:00.0;-0.18189966498692345
2022-11-01T10:00:00.0;-0.16930306638975132
2022-11-01T11:00:00.0;-0.1631697421043308
2022-11-01T12:00:00.0;-0.1600680833717336
2022-11-01T13:00:00.0;-0.1615559338839511
2022-11-01T14:00:00.0;-0.1709071991871374
2022-11-01T15:00:00.0;-0.18978537412169738
2022-11-01T16:00:00.0;-0.21563448725241835
2022-11-01T17:00:00.0;-0.24312800610049015
2022-11-01T18:00:00.0;-0.2561120777441382
2022-11-01T19:00:00.0;-0.2600074402649039
2022-11-01T20:00:00.0;-0.25836183949956665
2022-11-01T21:00:00.0;-0.2543241133324159
2022-11-01T22:00:00.0;-0.24524007192010341
2022-11-01T23:00:00.0;-0.23634705495488578
2022-11-02T00:00:00.0;-0.22362096447306207
2022-11-02T01:00:00.0;-0.21314016373931405
2022-11-02T02:00:00.0;-0.20388458641585644
2022-11-02T03:00:00.0;-0.1950289635673689
2022-11-02T04:00:00.0;-0.1872190218164013
2022-11-02T05:00:00.0;-0.1827442653744562
2022-11-02T06:00:00.0;-0.18569776932473742
2022-11-02T07:00:00.0;-0.18912442740715382
2022-11-02T08:00:00.0;-0.18394039325369219
2022-11-02T09:00:00.0;-0.1705463713860521
2022-11-02T10:00:00.0;-0.15720645438408024
2022-11-02T11:00:00.0;-0.15096391133023468
2022-11-02T12:00:00.0;-0.14823684794981237
2022-11-02T13:00:00.0;-0.15074880877131194
2022-11-02T14:00:00.0;-0.16205151432578632
2022-11-02T15:00:00.0;-0.1826871394626463
2022-11-02T16:00:00.0;-0.2105086380772224
2022-11-02T17:00:00.0;-0.23804785460819564
2022-11-02T18:00:00.0;-0.25050595539712234
2022-11-02T19:00:00.0;-0.2541318315070521
2022-11-02T20:00:00.0;-0.25250107200733507
2022-11-02T21:00:00.0;-0.24876893451459337
2022-11-02T22:00:00.0;-0.2399842917680921
2022-11-02T23:00:00.0;-0.23136820516708184
2022-11-03T00:00:00.0;-0.23155556338081934
2022-11-03T01:00:00.0;-0.22089657652124103
2022-11-03T02:00:00.0;-0.2115214418762466
2022-11-03T03:00:00.0;-0.2026621860194845
2022-11-03T04:00:00.0;-0.1950338958454337
2022-11-03T05:00:00.0;-0.1914452531190954
2022-11-03T06:00:00.0;-0.19611515775837093
2022-11-03T07:00:00.0;-0.20261764254449985
2022-11-03T08:00:00.0;-0.20030962923256093
2022-11-03T09:00:00.0;-0.18909737887538008
2022-11-03T10:00:00.0;-0.17678615111572193
2022-11-03T11:00:00.0;-0.1705440042631055
2022-11-03T12:00:00.0;-0.16731941558806662
2022-11-03T13:00:00.0;-0.1683465868304733
2022-11-03T14:00:00.0;-0.1766422443871758
2022-11-03T15:00:00.0;-0.19434140227491278
2022-11-03T16:00:00.0;-0.21888710977056436
2022-11-03T17:00:00.0;-0.24645734776765107
2022-11-03T18:00:00.0;-0.2594969287054655
2022-11-03T19:00:00.0;-0.26350239654411556
2022-11-03T20:00:00.0;-0.2619192873818509
2022-11-03T21:00:00.0;-0.2577416370863378
2022-11-03T22:00:00.0;-0.24858126418959875
2022-11-03T23:00:00.0;-0.239509938799382
2022-11-04T00:00:00.0;-0.22723793700117245
2022-11-04T01:00:00.0;-0.21616060329860337
2022-11-04T02:00:00.0;-0.20713855369428974
2022-11-04T03:00:00.0;-0.19780436670755705
2022-11-04T04:00:00.0;-0.19114046951452945
2022-11-04T05:00:00.0;-0.19011585685582857
2022-11-04T06:00:00.0;-0.19461406172406798
2022-11-04T07:00:00.0;-0.19182108401139494
2022-11-04T08:00:00.0;-0.18164167975664142
2022-11-04T09:00:00.0;-0.1687364585347688
2022-11-04T10:00:00.0;-0.156628386874218
2022-11-04T11:00:00.0;-0.15178189631861438
2022-11-04T12:00:00.0;-0.1543755836902231
2022-11-04T13:00:00.0;-0.1612742727141258
2022-11-04T14:00:00.0;-0.17258108225547444
2022-11-04T15:00:00.0;-0.18779353070378005
2022-11-04T16:00:00.0;-0.21236199528351948
2022-11-04T17:00:00.0;-0.23586501253844258
2022-11-04T18:00:00.0;-0.251346088886763
2022-11-04T19:00:00.0;-0.2598757829678078
2022-11-04T20:00:00.0;-0.2623129400902673
2022-11-04T21:00:00.0;-0.2584146322067278
2022-11-04T22:00:00.0;-0.24998778039591016
2022-11-04T23:00:00.0;-0.23890864968167083
2022-11-05T00:00:00.0;-0.2311134941043334
2022-11-05T01:00:00.0;-0.2203487256389154
2022-11-05T02:00:00.0;-0.21107868456967438
2022-11-05T03:00:00.0;-0.20188186947676398
2022-11-05T04:00:00.0;-0.1947047958760503
2022-11-05T05:00:00.0;-0.19108474225427022
2022-11-05T06:00:00.0;-0.19449161956469183
2022-11-05T07:00:00.0;-0.19547022780258355
2022-11-05T08:00:00.0;-0.19236104566234563
2022-11-05T09:00:00.0;-0.18102119685291052
2022-11-05T10:00:00.0;-0.16660183679040563
2022-11-05T11:00:00.0;-0.15828753945426766
2022-11-05T12:00:00.0;-0.15770167102621177
2022-11-05T13:00:00.0;-0.16316345159669254
2022-11-05T14:00:00.0;-0.1733621619933326
2022-11-05T15:00:00.0;-0.18847068719889118
2022-11-05T16:00:00.0;-0.21194571923658936
2022-11-05T17:00:00.0;-0.23772776614252913
2022-11-05T18:00:00.0;-0.2513074169988554
2022-11-05T19:00:00.0;-0.2610339870200728
2022-11-05T20:00:00.0;-0.26653951164723877
2022-11-05T21:00:00.0;-0.265036093263193
2022-11-05T22:00:00.0;-0.2569617541461816
2022-11-05T23:00:00.0;-0.2458218989269484
2022-11-06T00:00:00.0;-0.23662568157509703
2022-11-06T01:00:00.0;-0.22578696915078225
2022-11-06T02:00:00.0;-0.2163252783851274
2022-11-06T03:00:00.0;-0.20746771956332044
2022-11-06T04:00:00.0;-0.2000078697065967
2022-11-06T05:00:00.0;-0.19702176011213485
2022-11-06T06:00:00.0;-0.2027934509339668
2022-11-06T07:00:00.0;-0.21130116614655015
2022-11-06T08:00:00.0;-0.2112728585024126
2022-11-06T09:00:00.0;-0.2017326247468118
2022-11-06T10:00:00.0;-0.18992235197819707
2022-11-06T11:00:00.0;-0.18348917226234257
2022-11-06T12:00:00.0;-0.18004878589489987
2022-11-06T13:00:00.0;-0.18026725649538933
2022-11-06T14:00:00.0;-0.1867098446432061
2022-11-06T15:00:00.0;-0.20233929393956537
2022-11-06T16:00:00.0;-0.2245969345678018
2022-11-06T17:00:00.0;-0.2523018493978209
2022-11-06T18:00:00.0;-0.2654388742728091
2022-11-06T19:00:00.0;-0.2696376267827841
2022-11-06T20:00:00.0;-0.26816421867031914
2022-11-06T21:00:00.0;-0.2637409381938067
2022-11-06T22:00:00.0;-0.2544465689909615
2022-11-06T23:00:00.0;-0.24506223160475196
2022-11-07T00:00:00.0;-0.23680528117944824
2022-11-07T01:00:00.0;-0.22594480746633783
2022-11-07T02:00:00.0;-0.21647767585621858
2022-11-07T03:00:00.0;-0.20762111637884526
2022-11-07T04:00:00.0;-0.20017947281860182
2022-11-07T05:00:00.0;-0.19722319502864835
2022-11-07T06:00:00.0;-0.20303508924638938
2022-11-07T07:00:00.0;-0.21162314126751444
2022-11-07T08:00:00.0;-0.21177888641638687
2022-11-07T09:00:00.0;-0.20236283114994763
2022-11-07T10:00:00.0;-0.190533756846684
2022-11-07T11:00:00.0;-0.18404910136340322
2022-11-07T12:00:00.0;-0.18062493789883358
2022-11-07T13:00:00.0;-0.18084749831471786
2022-11-07T14:00:00.0;-0.18724043183232925
2022-11-07T15:00:00.0;-0.2027513767764619
2022-11-07T16:00:00.0;-0.22488241952940535
2022-11-07T17:00:00.0;-0.25261894967084164
2022-11-07T18:00:00.0;-0.26569535808422273
2022-11-07T19:00:00.0;-0.26988944157415556
2022-11-07T20:00:00.0;-0.2684384430207118
2022-11-07T21:00:00.0;-0.2640155879972886
2022-11-07T22:00:00.0;-0.2547412685856674
2022-11-07T23:00:00.0;-0.2453406733692873
2022-11-08T00:00:00.0;-0.23286399038710276
2022-11-08T01:00:00.0;-0.2220591103449757
2022-11-08T02:00:00.0;-0.21264628810161415
2022-11-08T03:00:00.0;-0.2037935413638012
2022-11-08T04:00:00.0;-0.1962878366424717
2022-11-08T05:00:00.0;-0.19290955492530276
2022-11-08T06:00:00.0;-0.19787138643974758
2022-11-08T07:00:00.0;-0.20495150253596264
2022-11-08T08:00:00.0;-0.20389952423202673
2022-11-08T09:00:00.0;-0.19353860354884034
2022-11-08T10:00:00.0;-0.1811204164541801
2022-11-08T11:00:00.0;-0.1745399734632812
2022-11-08T12:00:00.0;-0.1714139715408512
2022-11-08T13:00:00.0;-0.1724440529635177
2022-11-08T14:00:00.0;-0.18036483501370318
2022-11-08T15:00:00.0;-0.19723777130987238
2022-11-08T16:00:00.0;-0.22089858840953622
2022-11-08T17:00:00.0;-0.24867710532889667
2022-11-08T18:00:00.0;-0.2613276970280831
2022-11-08T19:00:00.0;-0.26530860732663286
2022-11-08T20:00:00.0;-0.2638735446374993
2022-11-08T21:00:00.0;-0.25969149870902225
2022-11-08T22:00:00.0;-0.2506568292491503
2022-11-08T23:00:00.0;-0.24147130745702963
2022-11-09T00:00:00.0;-0.23020028598191078
2022-11-09T01:00:00.0;-0.21942385011927892
2022-11-09T02:00:00.0;-0.21004632448792232
2022-11-09T03:00:00.0;-0.20119671150193533
2022-11-09T04:00:00.0;-0.19365496894945747
2022-11-09T05:00:00.0;-0.18999651086665845
2022-11-09T06:00:00.0;-0.19438452768714876
2022-11-09T07:00:00.0;-0.2004510294253865
2022-11-09T08:00:00.0;-0.19864406851423738
2022-11-09T09:00:00.0;-0.1876830777475294
2022-11-09T10:00:00.0;-0.17484507034391564
2022-11-09T11:00:00.0;-0.16817337914905683
2022-11-09T12:00:00.0;-0.16526304073873366
2022-11-09T13:00:00.0;-0.16685829330000995
2022-11-09T14:00:00.0;-0.17582114485717626
2022-11-09T15:00:00.0;-0.19358778191694784
2022-11-09T16:00:00.0;-0.21825548256814473
2022-11-09T17:00:00.0;-0.24607829393070163
2022-11-09T18:00:00.0;-0.2584031091782534
2022-11-09T19:00:00.0;-0.2622331188717402
2022-11-09T20:00:00.0;-0.2608198101686224
2022-11-09T21:00:00.0;-0.25680592567230026
2022-11-09T22:00:00.0;-0.2479479259136659
2022-11-09T23:00:00.0;-0.2389046949786994
2022-11-10T00:00:00.0;-0.23318190927766777
2022-11-10T01:00:00.0;-0.22230835542035587
2022-11-10T02:00:00.0;-0.212901342695044
2022-11-10T03:00:00.0;-0.2039926239096915
2022-11-10T04:00:00.0;-0.1966069379066538
2022-11-10T05:00:00.0;-0.19329016784232894
2022-11-10T06:00:00.0;-0.19812222904883864
2022-11-10T07:00:00.0;-0.20442584948983525
2022-11-10T08:00:00.0;-0.20365710029277623
2022-11-10T09:00:00.0;-0.19355781495237964
2022-11-10T10:00:00.0;-0.180727871398486
2022-11-10T11:00:00.0;-0.17366876521273564
2022-11-10T12:00:00.0;-0.17103837920516454
2022-11-10T13:00:00.0;-0.17284925512373195
2022-11-10T14:00:00.0;-0.1809925668268539
2022-11-10T15:00:00.0;-0.1971500129216428
2022-11-10T16:00:00.0;-0.2203401389943948
2022-11-10T17:00:00.0;-0.24788365827016035
2022-11-10T18:00:00.0;-0.26048358211689965
2022-11-10T19:00:00.0;-0.2654408151101647
2022-11-10T20:00:00.0;-0.26528292954399835
2022-11-10T21:00:00.0;-0.2615654440599201
2022-11-10T22:00:00.0;-0.2527666660647695
2022-11-10T23:00:00.0;-0.24318715552356188
2022-11-11T00:00:00.0;-0.21572566249216985
2022-11-11T01:00:00.0;-0.2051769315127691
2022-11-11T02:00:00.0;-0.19600249048813823
2022-11-11T03:00:00.0;-0.18716544422815165
2022-11-11T04:00:00.0;-0.1793697227870756
2022-11-11T05:00:00.0;-0.1741484545915936
2022-11-11T06:00:00.0;-0.17541277020298843
2022-11-11T07:00:00.0;-0.17592706336722996
2022-11-11T08:00:00.0;-0.16952675608334983
2022-11-11T09:00:00.0;-0.1549964026339731
2022-11-11T10:00:00.0;-0.1400507123753433
2022-11-11T11:00:00.0;-0.13309558146598877
2022-11-11T12:00:00.0;-0.1312437736500132
2022-11-11T13:00:00.0;-0.13575465104146217
2022-11-11T14:00:00.0;-0.15030417770425455
2022-11-11T15:00:00.0;-0.1731418878120606
2022-11-11T16:00:00.0;-0.20349740264055308
2022-11-11T17:00:00.0;-0.23143337598268515
2022-11-11T18:00:00.0;-0.2422922942158519
2022-11-11T19:00:00.0;-0.24535701673129323
2022-11-11T20:00:00.0;-0.243973916709725
2022-11-11T21:00:00.0;-0.2408304664008925
2022-11-11T22:00:00.0;-0.23281468947042844
2022-11-11T23:00:00.0;-0.22456923163038156
2022-11-12T00:00:00.0;-0.2212129972838918
2022-11-12T01:00:00.0;-0.21133778119965013
2022-11-12T02:00:00.0;-0.20260269831281275
2022-11-12T03:00:00.0;-0.19270143383573324
2022-11-12T04:00:00.0;-0.18755165481761718
2022-11-12T05:00:00.0;-0.19203173198383497
2022-11-12T06:00:00.0;-0.20316781281390883
2022-11-12T07:00:00.0;-0.1979433753991363
2022-11-12T08:00:00.0;-0.17593654152876856
2022-11-12T09:00:00.0;-0.1540839530329661
2022-11-12T10:00:00.0;-0.13970993478640764
2022-11-12T11:00:00.0;-0.13695037628567516
2022-11-12T12:00:00.0;-0.14108963191773344
2022-11-12T13:00:00.0;-0.15003599022244088
2022-11-12T14:00:00.0;-0.1640342061435799
2022-11-12T15:00:00.0;-0.18221187856151297
2022-11-12T16:00:00.0;-0.21103032076679157
2022-11-12T17:00:00.0;-0.23372579677049912
2022-11-12T18:00:00.0;-0.25340096548280605
2022-11-12T19:00:00.0;-0.2614525236470521
2022-11-12T20:00:00.0;-0.25869044690594417
2022-11-12T21:00:00.0;-0.25094038578371997
2022-11-12T22:00:00.0;-0.24111076917994873
2022-11-12T23:00:00.0;-0.23029272153914346
2022-11-13T00:00:00.0;-0.22285104745654605
2022-11-13T01:00:00.0;-0.21259163901261918
2022-11-13T02:00:00.0;-0.20372905483864182
2022-11-13T03:00:00.0;-0.19397319082464384
2022-11-13T04:00:00.0;-0.18874813174822067
2022-11-13T05:00:00.0;-0.1924275268963758
2022-11-13T06:00:00.0;-0.2028657802225834
2022-11-13T07:00:00.0;-0.1993970940482827
2022-11-13T08:00:00.0;-0.18182591715990568
2022-11-13T09:00:00.0;-0.162564068158717
2022-11-13T10:00:00.0;-0.14782820841599006
2022-11-13T11:00:00.0;-0.14382775591788863
2022-11-13T12:00:00.0;-0.14746916933636728
2022-11-13T13:00:00.0;-0.15596505895900162
2022-11-13T14:00:00.0;-0.1694127090967665
2022-11-13T15:00:00.0;-0.18657716412717112
2022-11-13T16:00:00.0;-0.21389240426878509
2022-11-13T17:00:00.0;-0.2376777235181762
2022-11-13T18:00:00.0;-0.2553983141027772
2022-11-13T19:00:00.0;-0.2627591776816302
2022-11-13T20:00:00.0;-0.26048085526093484
2022-11-13T21:00:00.0;-0.25331669310675786
2022-11-13T22:00:00.0;-0.244002461707653
2022-11-13T23:00:00.0;-0.23328523888635935
2022-11-14T00:00:00.0;-0.22306480526343248
2022-11-14T01:00:00.0;-0.21266550176978372
2022-11-14T02:00:00.0;-0.2037503591261418
2022-11-14T03:00:00.0;-0.19407497425127973
2022-11-14T04:00:00.0;-0.18873703704797498
2022-11-14T05:00:00.0;-0.19183450486387676
2022-11-14T06:00:00.0;-0.20170487526110703
2022-11-14T07:00:00.0;-0.19892794592692856
2022-11-14T08:00:00.0;-0.18321533138475052
2022-11-14T09:00:00.0;-0.1649727518865525
2022-11-14T10:00:00.0;-0.1500889201100132
2022-11-14T11:00:00.0;-0.14556180941197147
2022-11-14T12:00:00.0;-0.14885873921410323
2022-11-14T13:00:00.0;-0.15709092505301545
2022-11-14T14:00:00.0;-0.17042966214003805
2022-11-14T15:00:00.0;-0.1874731744238894
2022-11-14T16:00:00.0;-0.21441677443670895
2022-11-14T17:00:00.0;-0.2387150053884876
2022-11-14T18:00:00.0;-0.2555250212078267
2022-11-14T19:00:00.0;-0.2625002938481517
2022-11-14T20:00:00.0;-0.26041816853589483
2022-11-14T21:00:00.0;-0.253595280350898
2022-11-14T22:00:00.0;-0.244507849939033
2022-11-14T23:00:00.0;-0.2339133028121341
2022-11-15T00:00:00.0;-0.23353789464640035
2022-11-15T01:00:00.0;-0.2225326944409642
2022-11-15T02:00:00.0;-0.21319042226082763
2022-11-15T03:00:00.0;-0.20405210125426748
2022-11-15T04:00:00.0;-0.1973599477302434
2022-11-15T05:00:00.0;-0.19567615473372624
2022-11-15T06:00:00.0;-0.20175181066827688
2022-11-15T07:00:00.0;-0.20591837027156384
2022-11-15T08:00:00.0;-0.2038318073854218
2022-11-15T09:00:00.0;-0.19336522940222234
2022-11-15T10:00:00.0;-0.1795806433707343
2022-11-15T11:00:00.0;-0.17209406235144065
2022-11-15T12:00:00.0;-0.17137287257392841
2022-11-15T13:00:00.0;-0.17541146772109853
2022-11-15T14:00:00.0;-0.184273393942632
2022-11-15T15:00:00.0;-0.19861918805899087
2022-11-15T16:00:00.0;-0.2208392136410235
2022-11-15T17:00:00.0;-0.24755046869449313
2022-11-15T18:00:00.0;-0.26070870813003183
2022-11-15T19:00:00.0;-0.267502714039998
2022-11-15T20:00:00.0;-0.2689102756216314
2022-11-15T21:00:00.0;-0.2651819625181987
2022-11-15T22:00:00.0;-0.2567099103519344
2022-11-15T23:00:00.0;-0.24622192278712152
2022-11-16T00:00:00.0;-0.2345414265172575
2022-11-16T01:00:00.0;-0.22338492222536016
2022-11-16T02:00:00.0;-0.2140073873190277
2022-11-16T03:00:00.0;-0.20497270410336751
2022-11-16T04:00:00.0;-0.1979987390297991
2022-11-16T05:00:00.0;-0.19557876298234717
2022-11-16T06:00:00.0;-0.20079778380639607
2022-11-16T07:00:00.0;-0.2056062136790201
2022-11-16T08:00:00.0;-0.20480611577381935
2022-11-16T09:00:00.0;-0.19552120012698398
2022-11-16T10:00:00.0;-0.1825219265428816
2022-11-16T11:00:00.0;-0.17518948764180964
2022-11-16T12:00:00.0;-0.17410388841856173
2022-11-16T13:00:00.0;-0.17741941092996658
2022-11-16T14:00:00.0;-0.18563733086565262
2022-11-16T15:00:00.0;-0.19977940398014954
2022-11-16T16:00:00.0;-0.22152590926588053
2022-11-16T17:00:00.0;-0.2482846652774921
2022-11-16T18:00:00.0;-0.261074636890976
2022-11-16T19:00:00.0;-0.2675164800572922
2022-11-16T20:00:00.0;-0.26900951606733314
2022-11-16T21:00:00.0;-0.2655272622244766
2022-11-16T22:00:00.0;-0.2570848237663316
2022-11-16T23:00:00.0;-0.24671362684301557
2022-11-17T00:00:00.0;-0.2418390252013986
2022-11-17T01:00:00.0;-0.23063728348907123
2022-11-17T02:00:00.0;-0.22105909887600098
2022-11-17T03:00:00.0;-0.21221415853123862
2022-11-17T04:00:00.0;-0.20506920566369594
2022-11-17T05:00:00.0;-0.20280091807347317
2022-11-17T06:00:00.0;-0.20971911831277573
2022-11-17T07:00:00.0;-0.22039643636471964
2022-11-17T08:00:00.0;-0.22390812334893728
2022-11-17T09:00:00.0;-0.216839071895782
2022-11-17T10:00:00.0;-0.20512080020689796
2022-11-17T11:00:00.0;-0.19797359590133243
2022-11-17T12:00:00.0;-0.19458762656519227
2022-11-17T13:00:00.0;-0.19435354384811385
2022-11-17T14:00:00.0;-0.19907579679753062
2022-11-17T15:00:00.0;-0.2120539187299332
2022-11-17T16:00:00.0;-0.2314315539997954
2022-11-17T17:00:00.0;-0.25958573147524994
2022-11-17T18:00:00.0;-0.27208123258673295
2022-11-17T19:00:00.0;-0.2763454113015794
2022-11-17T20:00:00.0;-0.2751992516156578
2022-11-17T21:00:00.0;-0.27062905942892296
2022-11-17T22:00:00.0;-0.26148397711676824
2022-11-17T23:00:00.0;-0.2517179326970648
2022-11-18T00:00:00.0;-0.22573025502518917
2022-11-18T01:00:00.0;-0.21398442240766763
2022-11-18T02:00:00.0;-0.20484635342827523
2022-11-18T03:00:00.0;-0.1959549171529198
2022-11-18T04:00:00.0;-0.18827681920969275
2022-11-18T05:00:00.0;-0.18396072053423063
2022-11-18T06:00:00.0;-0.18426735047117754
2022-11-18T07:00:00.0;-0.18273112568052127
2022-11-18T08:00:00.0;-0.17762714176535038
2022-11-18T09:00:00.0;-0.16878232246562866
2022-11-18T10:00:00.0;-0.15826133816863389
2022-11-18T11:00:00.0;-0.15319414509327475
2022-11-18T12:00:00.0;-0.15472603080158048
2022-11-18T13:00:00.0;-0.1600027629636383
2022-11-18T14:00:00.0;-0.1710327293565762
2022-11-18T15:00:00.0;-0.18700825172156368
2022-11-18T16:00:00.0;-0.21134994177559716
2022-11-18T17:00:00.0;-0.23583210259522808
2022-11-18T18:00:00.0;-0.24825430382666658
2022-11-18T19:00:00.0;-0.2544619112193795
2022-11-18T20:00:00.0;-0.2568905770439289
2022-11-18T21:00:00.0;-0.25420042372199164
2022-11-18T22:00:00.0;-0.24647830739584675
2022-11-18T23:00:00.0;-0.23627661079540896
2022-11-19T00:00:00.0;-0.22342484810425411
2022-11-19T01:00:00.0;-0.21181155517657424
2022-11-19T02:00:00.0;-0.20269090717720778
2022-11-19T03:00:00.0;-0.19379851619178365
2022-11-19T04:00:00.0;-0.18622593694330442
2022-11-19T05:00:00.0;-0.18224076691255686
2022-11-19T06:00:00.0;-0.1830539339813982
2022-11-19T07:00:00.0;-0.18162415654254277
2022-11-19T08:00:00.0;-0.17558912902546214
2022-11-19T09:00:00.0;-0.16565150914998628
2022-11-19T10:00:00.0;-0.15458026341577633
2022-11-19T11:00:00.0;-0.14960048409886495
2022-11-19T12:00:00.0;-0.1509703211207425
2022-11-19T13:00:00.0;-0.15626852225799473
2022-11-19T14:00:00.0;-0.16807103657939937
2022-11-19T15:00:00.0;-0.18523015394729422
2022-11-19T16:00:00.0;-0.21069338140559504
2022-11-19T17:00:00.0;-0.23564258529197013
2022-11-19T18:00:00.0;-0.2478523712323338
2022-11-19T19:00:00.0;-0.2530501567253248
2022-11-19T20:00:00.0;-0.2540708762186223
2022-11-19T21:00:00.0;-0.25082659731116114
2022-11-19T22:00:00.0;-0.24302761792524924
2022-11-19T23:00:00.0;-0.23324743576858212
2022-11-20T00:00:00.0;-0.23361353026427015
2022-11-20T01:00:00.0;-0.2209328887514514
2022-11-20T02:00:00.0;-0.21173502365547522
2022-11-20T03:00:00.0;-0.2030576257091394
2022-11-20T04:00:00.0;-0.19446206298913235
2022-11-20T05:00:00.0;-0.18769724575113947
2022-11-20T06:00:00.0;-0.18399673909141984
2022-11-20T07:00:00.0;-0.18184601998563832
2022-11-20T08:00:00.0;-0.18096055804458305
2022-11-20T09:00:00.0;-0.1781866806991796
2022-11-20T10:00:00.0;-0.1717739143366355
2022-11-20T11:00:00.0;-0.16751353304059072
2022-11-20T12:00:00.0;-0.1698354859669974
2022-11-20T13:00:00.0;-0.174195264088676
2022-11-20T14:00:00.0;-0.18195149321837847
2022-11-20T15:00:00.0;-0.19367758441928537
2022-11-20T16:00:00.0;-0.2137113447780835
2022-11-20T17:00:00.0;-0.23605910255065846
2022-11-20T18:00:00.0;-0.24854750121859132
2022-11-20T19:00:00.0;-0.2572089902337801
2022-11-20T20:00:00.0;-0.26427404684338107
2022-11-20T21:00:00.0;-0.2637122292760381
2022-11-20T22:00:00.0;-0.25642596355302943
2022-11-20T23:00:00.0;-0.24505232050867884
2022-11-21T00:00:00.0;-0.22926279258721022
2022-11-21T01:00:00.0;-0.2173428487624559
2022-11-21T02:00:00.0;-0.20818274617630952
2022-11-21T03:00:00.0;-0.1992001455075807
2022-11-21T04:00:00.0;-0.19187368414196393
2022-11-21T05:00:00.0;-0.18856057251118402
2022-11-21T06:00:00.0;-0.18996775694879617
2022-11-21T07:00:00.0;-0.18872223622376047
2022-11-21T08:00:00.0;-0.18436237779028244
2022-11-21T09:00:00.0;-0.1764711664181937
2022-11-21T10:00:00.0;-0.16609036335398744
2022-11-21T11:00:00.0;-0.16087464708009025
2022-11-21T12:00:00.0;-0.1630889152978854
2022-11-21T13:00:00.0;-0.16871519337768762
2022-11-21T14:00:00.0;-0.17876239788877527
2022-11-21T15:00:00.0;-0.19263095229289792
2022-11-21T16:00:00.0;-0.21508960300004448
2022-11-21T17:00:00.0;-0.23916828465784062
2022-11-21T18:00:00.0;-0.2520226126966093
2022-11-21T19:00:00.0;-0.259193432157314
2022-11-21T20:00:00.0;-0.26240942256402583
2022-11-21T21:00:00.0;-0.2595768968019862
2022-11-21T22:00:00.0;-0.2518715043856722
2022-11-21T23:00:00.0;-0.24106929241196912
2022-11-22T00:00:00.0;-0.23549122747297907
2022-11-22T01:00:00.0;-0.22371105919465195
2022-11-22T02:00:00.0;-0.21428902064966932
2022-11-22T03:00:00.0;-0.20557812083118102
2022-11-22T04:00:00.0;-0.19781935919058935
2022-11-22T05:00:00.0;-0.1935553035372997
2022-11-22T06:00:00.0;-0.1959959920125568
2022-11-22T07:00:00.0;-0.20164117275003374
2022-11-22T08:00:00.0;-0.20321457041620203
2022-11-22T09:00:00.0;-0.1973592241835016
2022-11-22T10:00:00.0;-0.18732139806488468
2022-11-22T11:00:00.0;-0.18130750674645155
2022-11-22T12:00:00.0;-0.1799721993571322
2022-11-22T13:00:00.0;-0.18151880636808254
2022-11-22T14:00:00.0;-0.18841509223663955
2022-11-22T15:00:00.0;-0.20229323835318955
2022-11-22T16:00:00.0;-0.2231485219958088
2022-11-22T17:00:00.0;-0.2496353318680296
2022-11-22T18:00:00.0;-0.2613021199701658
2022-11-22T19:00:00.0;-0.26591946965041846
2022-11-22T20:00:00.0;-0.26667559458447293
2022-11-22T21:00:00.0;-0.2633767049297809
2022-11-22T22:00:00.0;-0.255075395583583
2022-11-22T23:00:00.0;-0.24523828467928627
2022-11-23T00:00:00.0;-0.2382679107306744
2022-11-23T01:00:00.0;-0.2266620626227814
2022-11-23T02:00:00.0;-0.21719653975915637
2022-11-23T03:00:00.0;-0.208316345253464
2022-11-23T04:00:00.0;-0.20114542926487627
2022-11-23T05:00:00.0;-0.19833590204743715
2022-11-23T06:00:00.0;-0.20307906127465813
2022-11-23T07:00:00.0;-0.20971871928485347
2022-11-23T08:00:00.0;-0.21188640690380425
2022-11-23T09:00:00.0;-0.20545934221556963
2022-11-23T10:00:00.0;-0.1939794524473868
2022-11-23T11:00:00.0;-0.1869596684895801
2022-11-23T12:00:00.0;-0.18565743170768417
2022-11-23T13:00:00.0;-0.1877053228940281
2022-11-23T14:00:00.0;-0.19416109757115124
2022-11-23T15:00:00.0;-0.206717077094115
2022-11-23T16:00:00.0;-0.22642459343364538
2022-11-23T17:00:00.0;-0.2533013185312098
2022-11-23T18:00:00.0;-0.26538942251422815
2022-11-23T19:00:00.0;-0.27099101566426115
2022-11-23T20:00:00.0;-0.2721624932166655
2022-11-23T21:00:00.0;-0.2685863711316102
2022-11-23T22:00:00.0;-0.2601959700829313
2022-11-23T23:00:00.0;-0.24987898510340578
2022-11-24T00:00:00.0;-0.22799712761876545
2022-11-24T01:00:00.0;-0.21676552132214003
2022-11-24T02:00:00.0;-0.2075786653885602
2022-11-24T03:00:00.0;-0.1990697723514844
2022-11-24T04:00:00.0;-0.19288707844267491
2022-11-24T05:00:00.0;-0.19119583424588937
2022-11-24T06:00:00.0;-0.19465200332715285
2022-11-24T07:00:00.0;-0.19739805378849765
2022-11-24T08:00:00.0;-0.1968602987093341
2022-11-24T09:00:00.0;-0.18683262708972334
2022-11-24T10:00:00.0;-0.17147055115623777
2022-11-24T11:00:00.0;-0.16230806334312697
2022-11-24T12:00:00.0;-0.16109344554911464
2022-11-24T13:00:00.0;-0.1645080885000658
2022-11-24T14:00:00.0;-0.17492256236669051
2022-11-24T15:00:00.0;-0.18995665790136035
2022-11-24T16:00:00.0;-0.21236681620698294
2022-11-24T17:00:00.0;-0.24047605806170164
2022-11-24T18:00:00.0;-0.25231280655781024
2022-11-24T19:00:00.0;-0.25980919668276187
2022-11-24T20:00:00.0;-0.2627242931336738
2022-11-24T21:00:00.0;-0.25924964073186396
2022-11-24T22:00:00.0;-0.2520901122741093
2022-11-24T23:00:00.0;-0.24202517459066872
2022-11-25T00:00:00.0;-0.22534512364825998
2022-11-25T01:00:00.0;-0.21312009500096524
2022-11-25T02:00:00.0;-0.20393160659555348
2022-11-25T03:00:00.0;-0.19530800621653138
2022-11-25T04:00:00.0;-0.1869713492249321
2022-11-25T05:00:00.0;-0.18071085559083536
2022-11-25T06:00:00.0;-0.17830269779183952
2022-11-25T07:00:00.0;-0.17717443016262577
2022-11-25T08:00:00.0;-0.17469823727098416
2022-11-25T09:00:00.0;-0.16857669010430928
2022-11-25T10:00:00.0;-0.15964793151865742
2022-11-25T11:00:00.0;-0.15490614323966076
2022-11-25T12:00:00.0;-0.15609508222715476
2022-11-25T13:00:00.0;-0.1603603896513771
2022-11-25T14:00:00.0;-0.17094562160091226
2022-11-25T15:00:00.0;-0.18704180597673178
2022-11-25T16:00:00.0;-0.210990951639226
2022-11-25T17:00:00.0;-0.23561911893148912
2022-11-25T18:00:00.0;-0.24653104541580814
2022-11-25T19:00:00.0;-0.2515022622944943
2022-11-25T20:00:00.0;-0.2540332489329226
2022-11-25T21:00:00.0;-0.25201433410961466
2022-11-25T22:00:00.0;-0.24466297802062298
2022-11-25T23:00:00.0;-0.23488581278297074
2022-11-26T00:00:00.0;-0.23067985279096098
2022-11-26T01:00:00.0;-0.2183259718388413
2022-11-26T02:00:00.0;-0.20912673873872636
2022-11-26T03:00:00.0;-0.2003072466054623
2022-11-26T04:00:00.0;-0.19256661764675415
2022-11-26T05:00:00.0;-0.18807139246642657
2022-11-26T06:00:00.0;-0.18766837196978078
2022-11-26T07:00:00.0;-0.18663574368570754
2022-11-26T08:00:00.0;-0.18440405918516894
2022-11-26T09:00:00.0;-0.17902096547054566
2022-11-26T10:00:00.0;-0.1701255718490822
2022-11-26T11:00:00.0;-0.16521317930417204
2022-11-26T12:00:00.0;-0.1674936841903364
2022-11-26T13:00:00.0;-0.17249085549256454
2022-11-26T14:00:00.0;-0.18168500584491884
2022-11-26T15:00:00.0;-0.19468076785190214
2022-11-26T16:00:00.0;-0.21601067619796702
2022-11-26T17:00:00.0;-0.23982069540653414
2022-11-26T18:00:00.0;-0.2519028211354454
2022-11-26T19:00:00.0;-0.25879809358452277
2022-11-26T20:00:00.0;-0.2627171593679945
2022-11-26T21:00:00.0;-0.2604566758214125
2022-11-26T22:00:00.0;-0.25301652596276436
2022-11-26T23:00:00.0;-0.2422074117737203
2022-11-27T00:00:00.0;-0.22492279906309423
2022-11-27T01:00:00.0;-0.21300096588929768
2022-11-27T02:00:00.0;-0.2037425044087842
2022-11-27T03:00:00.0;-0.19509143630277306
2022-11-27T04:00:00.0;-0.18701109372172853
2022-11-27T05:00:00.0;-0.18115976462932767
2022-11-27T06:00:00.0;-0.18018782587174126
2022-11-27T07:00:00.0;-0.18086551099997494
2022-11-27T08:00:00.0;-0.1795146892981819
2022-11-27T09:00:00.0;-0.1723221145019359
2022-11-27T10:00:00.0;-0.16155584402362627
2022-11-27T11:00:00.0;-0.15562105372341772
2022-11-27T12:00:00.0;-0.15573160270381545
2022-11-27T13:00:00.0;-0.1597179190925867
2022-11-27T14:00:00.0;-0.1706544733805732
2022-11-27T15:00:00.0;-0.18757530742114029
2022-11-27T16:00:00.0;-0.21203451653462074
2022-11-27T17:00:00.0;-0.23808043163189446
2022-11-27T18:00:00.0;-0.24835980055697715
2022-11-27T19:00:00.0;-0.25262549621408914
2022-11-27T20:00:00.0;-0.25416654208392414
2022-11-27T21:00:00.0;-0.25186400027746697
2022-11-27T22:00:00.0;-0.24444755338628682
2022-11-27T23:00:00.0;-0.23501888439885252
2022-11-28T00:00:00.0;-0.23499393285961606
2022-11-28T01:00:00.0;-0.22152859164148375
2022-11-28T02:00:00.0;-0.21236306051541207
2022-11-28T03:00:00.0;-0.2038646403610377
2022-11-28T04:00:00.0;-0.19503495351794498
2022-11-28T05:00:00.0;-0.18830461480333135
2022-11-28T06:00:00.0;-0.1833618517104376
2022-11-28T07:00:00.0;-0.18084720033797114
2022-11-28T08:00:00.0;-0.18008480732569848
2022-11-28T09:00:00.0;-0.18035075591544267
2022-11-28T10:00:00.0;-0.1772933575605995
2022-11-28T11:00:00.0;-0.17525616344719594
2022-11-28T12:00:00.0;-0.17895557276007196
2022-11-28T13:00:00.0;-0.18256192513855324
2022-11-28T14:00:00.0;-0.18906607432471317
2022-11-28T15:00:00.0;-0.19932638135903222
2022-11-28T16:00:00.0;-0.21782633800402207
2022-11-28T17:00:00.0;-0.23900001660687695
2022-11-28T18:00:00.0;-0.25128559544677836
2022-11-28T19:00:00.0;-0.25833447722612474
2022-11-28T20:00:00.0;-0.26395489910407005
2022-11-28T21:00:00.0;-0.26252568719687885
2022-11-28T22:00:00.0;-0.2552862564126019
2022-11-28T23:00:00.0;-0.24407666630847058
2022-11-29T00:00:00.0;-0.23295563246487086
2022-11-29T01:00:00.0;-0.22009204912811947
2022-11-29T02:00:00.0;-0.21101336501655624
2022-11-29T03:00:00.0;-0.20225940229121736
2022-11-29T04:00:00.0;-0.19407245698467995
2022-11-29T05:00:00.0;-0.18939335851683078
2022-11-29T06:00:00.0;-0.18725890877775217
2022-11-29T07:00:00.0;-0.18406966925453921
2022-11-29T08:00:00.0;-0.17929472227164195
2022-11-29T09:00:00.0;-0.17576787938630978
2022-11-29T10:00:00.0;-0.1710196114247078
2022-11-29T11:00:00.0;-0.16908061608899594
2022-11-29T12:00:00.0;-0.17303362757148708
2022-11-29T13:00:00.0;-0.17759612276497416
2022-11-29T14:00:00.0;-0.18525565542885303
2022-11-29T15:00:00.0;-0.1966744369878412
2022-11-29T16:00:00.0;-0.21681910580151342
2022-11-29T17:00:00.0;-0.23800520076181655
2022-11-29T18:00:00.0;-0.2518242002850645
2022-11-29T19:00:00.0;-0.2592151557882681
2022-11-29T20:00:00.0;-0.263466137645596
2022-11-29T21:00:00.0;-0.260891092595993
2022-11-29T22:00:00.0;-0.25315836071349024
2022-11-29T23:00:00.0;-0.2419313118595052
2022-11-30T00:00:00.0;-0.23115960021385507
2022-11-30T01:00:00.0;-0.21882625106881035
2022-11-30T02:00:00.0;-0.20982409151631787
2022-11-30T03:00:00.0;-0.20084495947827952
2022-11-30T04:00:00.0;-0.19322436078664584
2022-11-30T05:00:00.0;-0.19035269641794528
2022-11-30T06:00:00.0;-0.19069276975084049
2022-11-30T07:00:00.0;-0.18690912222083061
2022-11-30T08:00:00.0;-0.1785985450831425
2022-11-30T09:00:00.0;-0.17172971402561726
2022-11-30T10:00:00.0;-0.16549154970044186
2022-11-30T11:00:00.0;-0.16363908144003214
2022-11-30T12:00:00.0;-0.16781555246594024
2022-11-30T13:00:00.0;-0.17322054532893402
2022-11-30T14:00:00.0;-0.18189813499443233
2022-11-30T15:00:00.0;-0.19433769720658134
2022-11-30T16:00:00.0;-0.2159315911227983
2022-11-30T17:00:00.0;-0.23712862665813866
2022-11-30T18:00:00.0;-0.25229878767297303
2022-11-30T19:00:00.0;-0.25999115872898554
2022-11-30T20:00:00.0;-0.2630354693570866
2022-11-30T21:00:00.0;-0.2594507825081886
2022-11-30T22:00:00.0;-0.2512833822695597
2022-11-30T23:00:00.0;-0.24004094977640128
2022-12-01T00:00:00.0;-0.22880947243269814
2022-12-01T01:00:00.0;-0.21716994050822075
2022-12-01T02:00:00.0;-0.20826791417555843
2022-12-01T03:00:00.0;-0.19899414563701195
2022-12-01T04:00:00.0;-0.19211461766540386
2022-12-01T05:00:00.0;-0.1916080005204472
2022-12-01T06:00:00.0;-0.19518601427076557
2022-12-01T07:00:00.0;-0.190624577383507
2022-12-01T08:00:00.0;-0.177687589642128
2022-12-01T09:00:00.0;-0.16644573062626483
2022-12-01T10:00:00.0;-0.15825802066620545
2022-12-01T11:00:00.0;-0.15651877402716408
2022-12-01T12:00:00.0;-0.1609876443018339
2022-12-01T13:00:00.0;-0.1674950545504553
2022-12-01T14:00:00.0;-0.17750478290163366
2022-12-01T15:00:00.0;-0.1912800477271984
2022-12-01T16:00:00.0;-0.21477026848983707
2022-12-01T17:00:00.0;-0.23598161988689
2022-12-01T18:00:00.0;-0.25291979044409796
2022-12-01T19:00:00.0;-0.2610065670370535
2022-12-01T20:00:00.0;-0.26247193520634027
2022-12-01T21:00:00.0;-0.2575661210557479
2022-12-01T22:00:00.0;-0.24882995253428672
2022-12-01T23:00:00.0;-0.23756739038155436
2022-12-02T00:00:00.0;-0.23634453725784946
2022-12-02T01:00:00.0;-0.22256286661647182
2022-12-02T02:00:00.0;-0.21335268815873076
2022-12-02T03:00:00.0;-0.2050566073415058
2022-12-02T04:00:00.0;-0.19583693183777712
2022-12-02T05:00:00.0;-0.18773859174447896
2022-12-02T06:00:00.0;-0.18083664577507863
2022-12-02T07:00:00.0;-0.17863848605954472
2022-12-02T08:00:00.0;-0.18039422314209222
2022-12-02T09:00:00.0;-0.18302158772928612
2022-12-02T10:00:00.0;-0.18102674229022958
2022-12-02T11:00:00.0;-0.17883718886240102
2022-12-02T12:00:00.0;-0.18227439350030586
2022-12-02T13:00:00.0;-0.18514750649553519
2022-12-02T14:00:00.0;-0.19098273603288501
2022-12-02T15:00:00.0;-0.20044888495775823
2022-12-02T16:00:00.0;-0.21778147954784186
2022-12-02T17:00:00.0;-0.23897922873320296
2022-12-02T18:00:00.0;-0.25041780299417193
2022-12-02T19:00:00.0;-0.2575660226883662
2022-12-02T20:00:00.0;-0.26433226170289514
2022-12-02T21:00:00.0;-0.26373372617874863
2022-12-02T22:00:00.0;-0.25685705855557234
2022-12-02T23:00:00.0;-0.24563466861936878
2022-12-03T00:00:00.0;-0.2338482787359694
2022-12-03T01:00:00.0;-0.22033144764671844
2022-12-03T02:00:00.0;-0.2111008038184512
2022-12-03T03:00:00.0;-0.20272227971396423
2022-12-03T04:00:00.0;-0.1936653779980478
2022-12-03T05:00:00.0;-0.18587747223836665
2022-12-03T06:00:00.0;-0.17999841283688098
2022-12-03T07:00:00.0;-0.17836913537517438
2022-12-03T08:00:00.0;-0.1797745811044577
2022-12-03T09:00:00.0;-0.18073822534505596
2022-12-03T10:00:00.0;-0.17708297029557732
2022-12-03T11:00:00.0;-0.17419252935710217
2022-12-03T12:00:00.0;-0.177081109207026
2022-12-03T13:00:00.0;-0.18029593104917652
2022-12-03T14:00:00.0;-0.18714329441371988
2022-12-03T15:00:00.0;-0.19813376811311173
2022-12-03T16:00:00.0;-0.21695828290418412
2022-12-03T17:00:00.0;-0.23909722971588018
2022-12-03T18:00:00.0;-0.25002298851500065
2022-12-03T19:00:00.0;-0.2563016597214498
2022-12-03T20:00:00.0;-0.26193251024072706
2022-12-03T21:00:00.0;-0.26102700660758865
2022-12-03T22:00:00.0;-0.2540755583804044
2022-12-03T23:00:00.0;-0.24324194820057932
2022-12-04T00:00:00.0;-0.2364714214472479
2022-12-04T01:00:00.0;-0.2225698881915975
2022-12-04T02:00:00.0;-0.2133414048759776
2022-12-04T03:00:00.0;-0.2050282180823128
2022-12-04T04:00:00.0;-0.19573263166548416
2022-12-04T05:00:00.0;-0.187515424742976
2022-12-04T06:00:00.0;-0.18053701914054202
2022-12-04T07:00:00.0;-0.17851135177487315
2022-12-04T08:00:00.0;-0.18065751076707368
2022-12-04T09:00:00.0;-0.183672713654241
2022-12-04T10:00:00.0;-0.1818409641554743
2022-12-04T11:00:00.0;-0.17973258937913567
2022-12-04T12:00:00.0;-0.18324817185649175
2022-12-04T13:00:00.0;-0.18616145166286382
2022-12-04T14:00:00.0;-0.1918281060876682
2022-12-04T15:00:00.0;-0.2012486777749925
2022-12-04T16:00:00.0;-0.21855644338404276
2022-12-04T17:00:00.0;-0.23972112182849264
2022-12-04T18:00:00.0;-0.25089518071504274
2022-12-04T19:00:00.0;-0.2576961059005373
2022-12-04T20:00:00.0;-0.26430918421279664
2022-12-04T21:00:00.0;-0.26371054438203156
2022-12-04T22:00:00.0;-0.25682868932347874
2022-12-04T23:00:00.0;-0.24563175442155893
2022-12-05T00:00:00.0;-0.2364368240624953
2022-12-05T01:00:00.0;-0.22254134597993055
2022-12-05T02:00:00.0;-0.21331198348388786
2022-12-05T03:00:00.0;-0.20499736651940198
2022-12-05T04:00:00.0;-0.1957102269306424
2022-12-05T05:00:00.0;-0.18750797048889528
2022-12-05T06:00:00.0;-0.18056242631282537
2022-12-05T07:00:00.0;-0.17855894271511802
2022-12-05T08:00:00.0;-0.18071486320982583
2022-12-05T09:00:00.0;-0.1836993499312484
2022-12-05T10:00:00.0;-0.1818212822832009
2022-12-05T11:00:00.0;-0.17968660827422575
2022-12-05T12:00:00.0;-0.18318927850144912
2022-12-05T13:00:00.0;-0.18610993604229017
2022-12-05T14:00:00.0;-0.19179686514110453
2022-12-05T15:00:00.0;-0.20123712999775825
2022-12-05T16:00:00.0;-0.21856202597309754
2022-12-05T17:00:00.0;-0.23975476495291134
2022-12-05T18:00:00.0;-0.25091424440941285
2022-12-05T19:00:00.0;-0.257702035159102
2022-12-05T20:00:00.0;-0.2642947169812296
2022-12-05T21:00:00.0;-0.2636886034755525
2022-12-05T22:00:00.0;-0.2568078569814843
2022-12-05T23:00:00.0;-0.2456171706861347
2022-12-06T00:00:00.0;-0.2349644022922317
2022-12-06T01:00:00.0;-0.22150777924523404
2022-12-06T02:00:00.0;-0.21234350634470195
2022-12-06T03:00:00.0;-0.20384138393077308
2022-12-06T04:00:00.0;-0.19502100902340133
2022-12-06T05:00:00.0;-0.1883203883466612
2022-12-06T06:00:00.0;-0.18341831164471603
2022-12-06T07:00:00.0;-0.18089388694791833
2022-12-06T08:00:00.0;-0.1800733607008593
2022-12-06T09:00:00.0;-0.18028435993940958
2022-12-06T10:00:00.0;-0.17720246453840516
2022-12-06T11:00:00.0;-0.17516669311305544
2022-12-06T12:00:00.0;-0.17886977657326417
2022-12-06T13:00:00.0;-0.18248998139464365
2022-12-06T14:00:00.0;-0.18901086959028987
2022-12-06T15:00:00.0;-0.1992879604166849
2022-12-06T16:00:00.0;-0.21781174538631737
2022-12-06T17:00:00.0;-0.23898560387535647
2022-12-06T18:00:00.0;-0.2512933986668099
2022-12-06T19:00:00.0;-0.25834723635509826
2022-12-06T20:00:00.0;-0.2639478180068866
2022-12-06T21:00:00.0;-0.26250200545392677
2022-12-06T22:00:00.0;-0.25525542780289767
2022-12-06T23:00:00.0;-0.24404558475921426
2022-12-07T00:00:00.0;-0.2351273292960338
2022-12-07T01:00:00.0;-0.22146103667134062
2022-12-07T02:00:00.0;-0.21219839760914444
2022-12-07T03:00:00.0;-0.2038296493506675
2022-12-07T04:00:00.0;-0.1948622182378172
2022-12-07T05:00:00.0;-0.1872258304723487
2022-12-07T06:00:00.0;-0.1815240758529159
2022-12-07T07:00:00.0;-0.18036023745538005
2022-12-07T08:00:00.0;-0.1828856262361302
2022-12-07T09:00:00.0;-0.1847075205079739
2022-12-07T10:00:00.0;-0.1810763326599724
2022-12-07T11:00:00.0;-0.17794624504543738
2022-12-07T12:00:00.0;-0.1809601926685406
2022-12-07T13:00:00.0;-0.18416009399455754
2022-12-07T14:00:00.0;-0.1906144099839591
2022-12-07T15:00:00.0;-0.20080005205210918
2022-12-07T16:00:00.0;-0.21877332434731914
2022-12-07T17:00:00.0;-0.24102814141384285
2022-12-07T18:00:00.0;-0.25163579628928995
2022-12-07T19:00:00.0;-0.2579264548114821
2022-12-07T20:00:00.0;-0.26374713906001684
2022-12-07T21:00:00.0;-0.26285815046844785
2022-12-07T22:00:00.0;-0.25601936261955643
2022-12-07T23:00:00.0;-0.2450651831486362
2022-12-08T00:00:00.0;-0.23315643050113624
2022-12-08T01:00:00.0;-0.2202132076091947
2022-12-08T02:00:00.0;-0.21111444787953956
2022-12-08T03:00:00.0;-0.20239989152839824
2022-12-08T04:00:00.0;-0.19413757178555555
2022-12-08T05:00:00.0;-0.18915914754061902
2022-12-08T06:00:00.0;-0.18667556438656044
2022-12-08T07:00:00.0;-0.18371742923040163
2022-12-08T08:00:00.0;-0.1797189631154476
2022-12-08T09:00:00.0;-0.17673054038553895
2022-12-08T10:00:00.0;-0.17206259884136227
2022-12-08T11:00:00.0;-0.16997702716182503
2022-12-08T12:00:00.0;-0.17382077396402215
2022-12-08T13:00:00.0;-0.17824574629290194
2022-12-08T14:00:00.0;-0.18579470782342208
2022-12-08T15:00:00.0;-0.1970995102535676
2022-12-08T16:00:00.0;-0.21702935158129133
2022-12-08T17:00:00.0;-0.23835055688609275
2022-12-08T18:00:00.0;-0.2518197103945618
2022-12-08T19:00:00.0;-0.2590842467739833
2022-12-08T20:00:00.0;-0.2634840769271117
2022-12-08T21:00:00.0;-0.26108053357581074
2022-12-08T22:00:00.0;-0.2534428138427997
2022-12-08T23:00:00.0;-0.24224952447195147
2022-12-09T00:00:00.0;-0.22910103701569556
2022-12-09T01:00:00.0;-0.21750397677832264
2022-12-09T02:00:00.0;-0.20860964944794408
2022-12-09T03:00:00.0;-0.1994239355265698
2022-12-09T04:00:00.0;-0.1925084722645723
2022-12-09T05:00:00.0;-0.19169467591510211
2022-12-09T06:00:00.0;-0.19471754191540824
2022-12-09T07:00:00.0;-0.19004902138405314
2022-12-09T08:00:00.0;-0.1774666023365935
2022-12-09T09:00:00.0;-0.16653056583263506
2022-12-09T10:00:00.0;-0.15849449361337228
2022-12-09T11:00:00.0;-0.15660502559252065
2022-12-09T12:00:00.0;-0.1608907231675938
2022-12-09T13:00:00.0;-0.16710585269243072
2022-12-09T14:00:00.0;-0.17710108938287059
2022-12-09T15:00:00.0;-0.19066924360041013
2022-12-09T16:00:00.0;-0.2138032150801959
2022-12-09T17:00:00.0;-0.23506317499158483
2022-12-09T18:00:00.0;-0.25204573389790097
2022-12-09T19:00:00.0;-0.2605921397358271
2022-12-09T20:00:00.0;-0.2626253135858782
2022-12-09T21:00:00.0;-0.25799483736402334
2022-12-09T22:00:00.0;-0.24938522895359877
2022-12-09T23:00:00.0;-0.23808714973046174
2022-12-10T00:00:00.0;-0.23388511400533385
2022-12-10T01:00:00.0;-0.22074712418560596
2022-12-10T02:00:00.0;-0.21162883712982603
2022-12-10T03:00:00.0;-0.20299140389303866
2022-12-10T04:00:00.0;-0.1945113632237877
2022-12-10T05:00:00.0;-0.1888968825378231
2022-12-10T06:00:00.0;-0.18548181909286665
2022-12-10T07:00:00.0;-0.1826001972471807
2022-12-10T08:00:00.0;-0.17965500747544924
2022-12-10T09:00:00.0;-0.17785770831782144
2022-12-10T10:00:00.0;-0.1738804906346102
2022-12-10T11:00:00.0;-0.1718967158584411
2022-12-10T12:00:00.0;-0.17573408269116114
2022-12-10T13:00:00.0;-0.17986056899268832
2022-12-10T14:00:00.0;-0.18699323740365129
2022-12-10T15:00:00.0;-0.1978837451672006
2022-12-10T16:00:00.0;-0.21727841186925753
2022-12-10T17:00:00.0;-0.2384588448696858
2022-12-10T18:00:00.0;-0.251578592102835
2022-12-10T19:00:00.0;-0.2588135592087335
2022-12-10T20:00:00.0;-0.2636890168416716
2022-12-10T21:00:00.0;-0.26163648101449144
2022-12-10T22:00:00.0;-0.25412869844067404
2022-12-10T23:00:00.0;-0.24290961091846838
2022-12-11T00:00:00.0;-0.23195902664126555
2022-12-11T01:00:00.0;-0.21938966657529932
2022-12-11T02:00:00.0;-0.21035344541014234
2022-12-11T03:00:00.0;-0.20147453779686694
2022-12-11T04:00:00.0;-0.19360185429396531
2022-12-11T05:00:00.0;-0.1899256884560706
2022-12-11T06:00:00.0;-0.18916433438539104
2022-12-11T07:00:00.0;-0.18564526198705214
2022-12-11T08:00:00.0;-0.1789084183843218
2022-12-11T09:00:00.0;-0.17352712947056012
2022-12-11T10:00:00.0;-0.1679521283633446
2022-12-11T11:00:00.0;-0.1660611463008336
2022-12-11T12:00:00.0;-0.17013815393215984
2022-12-11T13:00:00.0;-0.17516814523176047
2022-12-11T14:00:00.0;-0.1833925906559766
2022-12-11T15:00:00.0;-0.19537779631062807
2022-12-11T16:00:00.0;-0.21632663006960914
2022-12-11T17:00:00.0;-0.237518795879024
2022-12-11T18:00:00.0;-0.2520875455308594
2022-12-11T19:00:00.0;-0.25964575443114685
2022-12-11T20:00:00.0;-0.2632271628030631
2022-12-11T21:00:00.0;-0.2600918745304535
2022-12-11T22:00:00.0;-0.2521179481956757
2022-12-11T23:00:00.0;-0.24088236306714444
2022-12-12T00:00:00.0;-0.22683692385317294
2022-12-12T01:00:00.0;-0.2157797382095461
2022-12-12T02:00:00.0;-0.2069617573667175
2022-12-12T03:00:00.0;-0.19744068958971536
2022-12-12T04:00:00.0;-0.19118316949692762
2022-12-12T05:00:00.0;-0.1926616233677306
2022-12-12T06:00:00.0;-0.1989573594573129
2022-12-12T07:00:00.0;-0.1937430953901401
2022-12-12T08:00:00.0;-0.17692299127620456
2022-12-12T09:00:00.0;-0.16201068925013326
2022-12-12T10:00:00.0;-0.15218665402144668
2022-12-12T11:00:00.0;-0.15054243844845727
2022-12-12T12:00:00.0;-0.15525673015400573
2022-12-12T13:00:00.0;-0.16268943981208864
2022-12-12T14:00:00.0;-0.17381728109875813
2022-12-12T15:00:00.0;-0.18871365019528483
2022-12-12T16:00:00.0;-0.21379552774238272
2022-12-12T17:00:00.0;-0.2350188949680694
2022-12-12T18:00:00.0;-0.2534410208826661
2022-12-12T19:00:00.0;-0.261858836531409
2022-12-12T20:00:00.0;-0.2619989402919865
2022-12-12T21:00:00.0;-0.2559842554649894
2022-12-12T22:00:00.0;-0.246770698829837
2022-12-12T23:00:00.0;-0.23549124111435388
2022-12-13T00:00:00.0;-0.230322588583892
2022-12-13T01:00:00.0;-0.2183534868613149
2022-12-13T02:00:00.0;-0.2094053264078849
2022-12-13T03:00:00.0;-0.2003681882717218
2022-12-13T04:00:00.0;-0.193062560283513
2022-12-13T05:00:00.0;-0.19102067903019865
2022-12-13T06:00:00.0;-0.19237414282156728
2022-12-13T07:00:00.0;-0.18812796967923553
2022-12-13T08:00:00.0;-0.17796974192016193
2022-12-13T09:00:00.0;-0.16932772954122563
2022-12-13T10:00:00.0;-0.16231300165838136
2022-12-13T11:00:00.0;-0.16037676851417168
2022-12-13T12:00:00.0;-0.16452351941281984
2022-12-13T13:00:00.0;-0.17017943481848893
2022-12-13T14:00:00.0;-0.1794688699241135
2022-12-13T15:00:00.0;-0.19234642551316092
2022-12-13T16:00:00.0;-0.21450545971354623
2022-12-13T17:00:00.0;-0.2357535069525863
2022-12-13T18:00:00.0;-0.2517936822737302
2022-12-13T19:00:00.0;-0.26008994961840176
2022-12-13T20:00:00.0;-0.26291082052819004
2022-12-13T21:00:00.0;-0.25895715140741815
2022-12-13T22:00:00.0;-0.2506382082546621
2022-12-13T23:00:00.0;-0.23935396577044357
2022-12-14T00:00:00.0;-0.2262055892644199
2022-12-14T01:00:00.0;-0.2153522581035981
2022-12-14T02:00:00.0;-0.20656391125121867
2022-12-14T03:00:00.0;-0.19697069127573844
2022-12-14T04:00:00.0;-0.19091986168363795
2022-12-14T05:00:00.0;-0.19303178773242155
2022-12-14T06:00:00.0;-0.20017650825022426
2022-12-14T07:00:00.0;-0.19472563574924648
2022-12-14T08:00:00.0;-0.17663288589326795
2022-12-14T09:00:00.0;-0.16051365408340174
2022-12-14T10:00:00.0;-0.150153634746839
2022-12-14T11:00:00.0;-0.14852133005082005
2022-12-14T12:00:00.0;-0.15329420961894621
2022-12-14T13:00:00.0;-0.16100193849674954
2022-12-14T14:00:00.0;-0.17250813261856152
2022-12-14T15:00:00.0;-0.1877576970329485
2022-12-14T16:00:00.0;-0.2133325601787856
2022-12-14T17:00:00.0;-0.23456661996173148
2022-12-14T18:00:00.0;-0.2534995399111824
2022-12-14T19:00:00.0;-0.26209241637573744
2022-12-14T20:00:00.0;-0.26185889537113416
2022-12-14T21:00:00.0;-0.25550444785752874
2022-12-14T22:00:00.0;-0.24614570763313995
2022-12-14T23:00:00.0;-0.2348556765340377
2022-12-15T00:00:00.0;-0.23384744577406827
2022-12-15T01:00:00.0;-0.22082371521364078
2022-12-15T02:00:00.0;-0.2117231774770168
2022-12-15T03:00:00.0;-0.2031223425818833
2022-12-15T04:00:00.0;-0.19469911390012928
2022-12-15T05:00:00.0;-0.18911149757661147
2022-12-15T06:00:00.0;-0.18562522431530856
2022-12-15T07:00:00.0;-0.18256779863153685
2022-12-15T08:00:00.0;-0.1793724256156396
2022-12-15T09:00:00.0;-0.17731511558321986
2022-12-15T10:00:00.0;-0.1732342566032499
2022-12-15T11:00:00.0;-0.1711430395100752
2022-12-15T12:00:00.0;-0.17486723337216373
2022-12-15T13:00:00.0;-0.1788866181277773
2022-12-15T14:00:00.0;-0.18616161183832666
2022-12-15T15:00:00.0;-0.19704031285022433
2022-12-15T16:00:00.0;-0.21636830452542163
2022-12-15T17:00:00.0;-0.2375893920399761
2022-12-15T18:00:00.0;-0.2509490784145055
2022-12-15T19:00:00.0;-0.2585984003692582
2022-12-15T20:00:00.0;-0.2637469504655173
2022-12-15T21:00:00.0;-0.2617626466417198
2022-12-15T22:00:00.0;-0.2542906756976761
2022-12-15T23:00:00.0;-0.24304076542922567
2022-12-16T00:00:00.0;-0.23218927287894925
2022-12-16T01:00:00.0;-0.21955193829433914
2022-12-16T02:00:00.0;-0.2105059068978756
2022-12-16T03:00:00.0;-0.20165586535148824
2022-12-16T04:00:00.0;-0.19371057781977102
2022-12-16T05:00:00.0;-0.1898027040596189
2022-12-16T06:00:00.0;-0.18872412315347398
2022-12-16T07:00:00.0;-0.18528125217475697
2022-12-16T08:00:00.0;-0.17899766632423078
2022-12-16T09:00:00.0;-0.17404481081003392
2022-12-16T10:00:00.0;-0.16866081018850423
2022-12-16T11:00:00.0;-0.16675873560049165
2022-12-16T12:00:00.0;-0.17080709635249974
2022-12-16T13:00:00.0;-0.17572908184176403
2022-12-16T14:00:00.0;-0.1838230152474806
2022-12-16T15:00:00.0;-0.19567735971923422
2022-12-16T16:00:00.0;-0.21644040693277386
2022-12-16T17:00:00.0;-0.23763117019151678
2022-12-16T18:00:00.0;-0.2520267047745443
2022-12-16T19:00:00.0;-0.2595462730563382
2022-12-16T20:00:00.0;-0.2632823732554716
2022-12-16T21:00:00.0;-0.26027651819630493
2022-12-16T22:00:00.0;-0.2523583151112524
2022-12-16T23:00:00.0;-0.24112470212160653
2022-12-17T00:00:00.0;-0.23624928372383452
2022-12-17T01:00:00.0;-0.22238662861963227
2022-12-17T02:00:00.0;-0.2131525003935953
2022-12-17T03:00:00.0;-0.20483013097261452
2022-12-17T04:00:00.0;-0.19558877868853183
2022-12-17T05:00:00.0;-0.1874675635811259
2022-12-17T06:00:00.0;-0.18070014971962367
2022-12-17T07:00:00.0;-0.17881691657974788
2022-12-17T08:00:00.0;-0.18102575077007593
2022-12-17T09:00:00.0;-0.1838437358854572
2022-12-17T10:00:00.0;-0.18171459372803928
2022-12-17T11:00:00.0;-0.17943736076466776
2022-12-17T12:00:00.0;-0.18287003819387823
2022-12-17T13:00:00.0;-0.1858306878564002
2022-12-17T14:00:00.0;-0.19162751888153798
2022-12-17T15:00:00.0;-0.20117453353074857
2022-12-17T16:00:00.0;-0.21859228723849156
2022-12-17T17:00:00.0;-0.23993713257960383
2022-12-17T18:00:00.0;-0.2510175820380764
2022-12-17T19:00:00.0;-0.25773417559882533
2022-12-17T20:00:00.0;-0.2642162951719811
2022-12-17T21:00:00.0;-0.26356966948499133
2022-12-17T22:00:00.0;-0.2566949321317977
2022-12-17T23:00:00.0;-0.24553811735016856
2022-12-18T00:00:00.0;-0.23139156297240623
2022-12-18T01:00:00.0;-0.21837909756207852
2022-12-18T02:00:00.0;-0.20902152610428532
2022-12-18T03:00:00.0;-0.20049835045111727
2022-12-18T04:00:00.0;-0.19244299335969087
2022-12-18T05:00:00.0;-0.18642093288943537
2022-12-18T06:00:00.0;-0.18426749878137078
2022-12-18T07:00:00.0;-0.1854990256368571
2022-12-18T08:00:00.0;-0.18907844473219584
2022-12-18T09:00:00.0;-0.187583660058482
2022-12-18T10:00:00.0;-0.17895111781640616
2022-12-18T11:00:00.0;-0.17298128412500857
2022-12-18T12:00:00.0;-0.17460098910367475
2022-12-18T13:00:00.0;-0.17859752555604763
2022-12-18T14:00:00.0;-0.18724106610477714
2022-12-18T15:00:00.0;-0.19955314285325204
2022-12-18T16:00:00.0;-0.2193761227477949
2022-12-18T17:00:00.0;-0.24466086834172693
2022-12-18T18:00:00.0;-0.25369426134209727
2022-12-18T19:00:00.0;-0.2585666859916243
2022-12-18T20:00:00.0;-0.2621849921847329
2022-12-18T21:00:00.0;-0.260489008982163
2022-12-18T22:00:00.0;-0.25376992202681553
2022-12-18T23:00:00.0;-0.24349045638648115
2022-12-19T00:00:00.0;-0.24081187460689032
2022-12-19T01:00:00.0;-0.22928633549397595
2022-12-19T02:00:00.0;-0.21967012183257034
2022-12-19T03:00:00.0;-0.21084681375232903
2022-12-19T04:00:00.0;-0.20395411854284892
2022-12-19T05:00:00.0;-0.20176237032738442
2022-12-19T06:00:00.0;-0.2084848450889587
2022-12-19T07:00:00.0;-0.2189736482918585
2022-12-19T08:00:00.0;-0.22444046368364504
2022-12-19T09:00:00.0;-0.2185523860848872
2022-12-19T10:00:00.0;-0.20587750258410817
2022-12-19T11:00:00.0;-0.19772290534560363
2022-12-19T12:00:00.0;-0.19493909655377417
2022-12-19T13:00:00.0;-0.19563481607520586
2022-12-19T14:00:00.0;-0.2011065424510529
2022-12-19T15:00:00.0;-0.21344664067079663
2022-12-19T16:00:00.0;-0.23222209911952435
2022-12-19T17:00:00.0;-0.26097710209387953
2022-12-19T18:00:00.0;-0.2719537963554171
2022-12-19T19:00:00.0;-0.2759093721281606
2022-12-19T20:00:00.0;-0.27517440263140935
2022-12-19T21:00:00.0;-0.2708675127243054
2022-12-19T22:00:00.0;-0.26232976085082804
2022-12-19T23:00:00.0;-0.25250616282763527
2022-12-20T00:00:00.0;-0.23593909301818036
2022-12-20T01:00:00.0;-0.22427009102980947
2022-12-20T02:00:00.0;-0.2146882897543209
2022-12-20T03:00:00.0;-0.20588264145189833
2022-12-20T04:00:00.0;-0.19907945007832725
2022-12-20T05:00:00.0;-0.19648295812942723
2022-12-20T06:00:00.0;-0.20217065587778127
2022-12-20T07:00:00.0;-0.2109233941298169
2022-12-20T08:00:00.0;-0.21632087020622776
2022-12-20T09:00:00.0;-0.21015986333264672
2022-12-20T10:00:00.0;-0.19625288841466465
2022-12-20T11:00:00.0;-0.18736361918299205
2022-12-20T12:00:00.0;-0.1852774139126283
2022-12-20T13:00:00.0;-0.18742273120133246
2022-12-20T14:00:00.0;-0.19500375710789172
2022-12-20T15:00:00.0;-0.2084048804278136
2022-12-20T16:00:00.0;-0.22844385851588953
2022-12-20T17:00:00.0;-0.257620785951559
2022-12-20T18:00:00.0;-0.26718793730481444
2022-12-20T19:00:00.0;-0.2707212299042744
2022-12-20T20:00:00.0;-0.27026128365163127
2022-12-20T21:00:00.0;-0.26637791096070157
2022-12-20T22:00:00.0;-0.25847823031916156
2022-12-20T23:00:00.0;-0.2488492761308325
2022-12-21T00:00:00.0;-0.233483688498599
2022-12-21T01:00:00.0;-0.2204069421629203
2022-12-21T02:00:00.0;-0.21105458847996372
2022-12-21T03:00:00.0;-0.20255151148067047
2022-12-21T04:00:00.0;-0.19431872459678565
2022-12-21T05:00:00.0;-0.18815326188457965
2022-12-21T06:00:00.0;-0.1857286059367432
2022-12-21T07:00:00.0;-0.1870914108694119
2022-12-21T08:00:00.0;-0.19051813585242539
2022-12-21T09:00:00.0;-0.1896526384455986
2022-12-21T10:00:00.0;-0.18221764773057778
2022-12-21T11:00:00.0;-0.1769384125646269
2022-12-21T12:00:00.0;-0.17857651221224327
2022-12-21T13:00:00.0;-0.1820025295916132
2022-12-21T14:00:00.0;-0.1896461602085365
2022-12-21T15:00:00.0;-0.20128630591720933
2022-12-21T16:00:00.0;-0.22042160278080364
2022-12-21T17:00:00.0;-0.2450791714689559
2022-12-21T18:00:00.0;-0.2547990996503607
2022-12-21T19:00:00.0;-0.2600332026306357
2022-12-21T20:00:00.0;-0.2639311276255329
2022-12-21T21:00:00.0;-0.26223980980872746
2022-12-21T22:00:00.0;-0.2553076581485415
2022-12-21T23:00:00.0;-0.2448580218556201
2022-12-22T00:00:00.0;-0.23285302584409207
2022-12-22T01:00:00.0;-0.21964700608506507
2022-12-22T02:00:00.0;-0.2103617849273082
2022-12-22T03:00:00.0;-0.20185552077067054
2022-12-22T04:00:00.0;-0.19348020382709855
2022-12-22T05:00:00.0;-0.18712386532820413
2022-12-22T06:00:00.0;-0.18380383706448308
2022-12-22T07:00:00.0;-0.18359501649867824
2022-12-22T08:00:00.0;-0.1855969448446936
2022-12-22T09:00:00.0;-0.18489600290651367
2022-12-22T10:00:00.0;-0.17848364673627173
2022-12-22T11:00:00.0;-0.17404319700825377
2022-12-22T12:00:00.0;-0.176465953906223
2022-12-22T13:00:00.0;-0.1802832837101951
2022-12-22T14:00:00.0;-0.1880604519444873
2022-12-22T15:00:00.0;-0.19954020632048092
2022-12-22T16:00:00.0;-0.21880096047451733
2022-12-22T17:00:00.0;-0.2424836604181791
2022-12-22T18:00:00.0;-0.25274051706768924
2022-12-22T19:00:00.0;-0.25845117323303046
2022-12-22T20:00:00.0;-0.26288845536792743
2022-12-22T21:00:00.0;-0.2613289906174438
2022-12-22T22:00:00.0;-0.25442120261228673
2022-12-22T23:00:00.0;-0.24377985221559614
2022-12-23T00:00:00.0;-0.2309447878880267
2022-12-23T01:00:00.0;-0.21801051626273854
2022-12-23T02:00:00.0;-0.20864159146392264
2022-12-23T03:00:00.0;-0.2000999472272521
2022-12-23T04:00:00.0;-0.19215366867890932
2022-12-23T05:00:00.0;-0.18632467200094013
2022-12-23T06:00:00.0;-0.18459559559047714
2022-12-23T07:00:00.0;-0.1861135936597196
2022-12-23T08:00:00.0;-0.18981906841324034
2022-12-23T09:00:00.0;-0.18792762897383908
2022-12-23T10:00:00.0;-0.17869695495963064
2022-12-23T11:00:00.0;-0.17238750479246942
2022-12-23T12:00:00.0;-0.1738404667735412
2022-12-23T13:00:00.0;-0.1779322759745189
2022-12-23T14:00:00.0;-0.18683763455534358
2022-12-23T15:00:00.0;-0.19940402004570124
2022-12-23T16:00:00.0;-0.21944821379496052
2022-12-23T17:00:00.0;-0.24509532053684102
2022-12-23T18:00:00.0;-0.25394044132713645
2022-12-23T19:00:00.0;-0.258643253773105
2022-12-23T20:00:00.0;-0.2619981688554459
2022-12-23T21:00:00.0;-0.2602056739724897
2022-12-23T22:00:00.0;-0.25350090252089186
2022-12-23T23:00:00.0;-0.24330212857872
2022-12-24T00:00:00.0;-0.22321497160001091
2022-12-24T01:00:00.0;-0.21140468726762465
2022-12-24T02:00:00.0;-0.20203775703329682
2022-12-24T03:00:00.0;-0.19330916512357274
2022-12-24T04:00:00.0;-0.1860141574179769
2022-12-24T05:00:00.0;-0.18135892366218173
2022-12-24T06:00:00.0;-0.1826889025416946
2022-12-24T07:00:00.0;-0.18520832129561057
2022-12-24T08:00:00.0;-0.18653911544638693
2022-12-24T09:00:00.0;-0.1786381395078841
2022-12-24T10:00:00.0;-0.16425286086033306
2022-12-24T11:00:00.0;-0.15579594122610002
2022-12-24T12:00:00.0;-0.15544689634752773
2022-12-24T13:00:00.0;-0.16039385912441756
2022-12-24T14:00:00.0;-0.17273228938604884
2022-12-24T15:00:00.0;-0.1899347795364529
2022-12-24T16:00:00.0;-0.21447674701979627
2022-12-24T17:00:00.0;-0.2428453047702705
2022-12-24T18:00:00.0;-0.251069849259352
2022-12-24T19:00:00.0;-0.2542950884531722
2022-12-24T20:00:00.0;-0.25482873857919763
2022-12-24T21:00:00.0;-0.2521656611515107
2022-12-24T22:00:00.0;-0.24523589683187993
2022-12-24T23:00:00.0;-0.23609344319721293
2022-12-25T00:00:00.0;-0.2289688295072701
2022-12-25T01:00:00.0;-0.21614595857227067
2022-12-25T02:00:00.0;-0.20693006132365563
2022-12-25T03:00:00.0;-0.19844253864098454
2022-12-25T04:00:00.0;-0.18971274084773054
2022-12-25T05:00:00.0;-0.18251850834421868
2022-12-25T06:00:00.0;-0.17827935390636265
2022-12-25T07:00:00.0;-0.1770133934361799
2022-12-25T08:00:00.0;-0.1766101597052847
2022-12-25T09:00:00.0;-0.17383827225379553
2022-12-25T10:00:00.0;-0.16728221845772914
2022-12-25T11:00:00.0;-0.1632896164988411
2022-12-25T12:00:00.0;-0.1651142857015839
2022-12-25T13:00:00.0;-0.16881500725921073
2022-12-25T14:00:00.0;-0.17775494922330537
2022-12-25T15:00:00.0;-0.19168802217416478
2022-12-25T16:00:00.0;-0.21339733268473954
2022-12-25T17:00:00.0;-0.23701303360928633
2022-12-25T18:00:00.0;-0.24772628541004446
2022-12-25T19:00:00.0;-0.253171272002804
2022-12-25T20:00:00.0;-0.25713918382742534
2022-12-25T21:00:00.0;-0.25573844920223393
2022-12-25T22:00:00.0;-0.24861284503434553
2022-12-25T23:00:00.0;-0.2384229429980467
2022-12-26T00:00:00.0;-0.22551163802405017
2022-12-26T01:00:00.0;-0.21351025334183804
2022-12-26T02:00:00.0;-0.2040188795167641
2022-12-26T03:00:00.0;-0.19526307724483496
2022-12-26T04:00:00.0;-0.18854600845919614
2022-12-26T05:00:00.0;-0.18489431046345806
2022-12-26T06:00:00.0;-0.1879886836588448
2022-12-26T07:00:00.0;-0.19267913347534982
2022-12-26T08:00:00.0;-0.19755899817772837
2022-12-26T09:00:00.0;-0.19091105850958665
2022-12-26T10:00:00.0;-0.17481539881634942
2022-12-26T11:00:00.0;-0.16466937543032556
2022-12-26T12:00:00.0;-0.1641798339993006
2022-12-26T13:00:00.0;-0.16936780922950362
2022-12-26T14:00:00.0;-0.18137077023074608
2022-12-26T15:00:00.0;-0.19704834921453304
2022-12-26T16:00:00.0;-0.2198354537036547
2022-12-26T17:00:00.0;-0.24960993117428507
2022-12-26T18:00:00.0;-0.2563730366866325
2022-12-26T19:00:00.0;-0.2591278953981535
2022-12-26T20:00:00.0;-0.2594163724714447
2022-12-26T21:00:00.0;-0.256513117857989
2022-12-26T22:00:00.0;-0.24994523307394995
2022-12-26T23:00:00.0;-0.24070099558807345
2022-12-27T00:00:00.0;-0.225475603742103
2022-12-27T01:00:00.0;-0.21349853905247476
2022-12-27T02:00:00.0;-0.2039906326611406
2022-12-27T03:00:00.0;-0.1952229057989592
2022-12-27T04:00:00.0;-0.18861190904978328
2022-12-27T05:00:00.0;-0.18514629714603562
2022-12-27T06:00:00.0;-0.18861198309602625
2022-12-27T07:00:00.0;-0.1936368101611477
2022-12-27T08:00:00.0;-0.1988853915724406
2022-12-27T09:00:00.0;-0.19213831440446005
2022-12-27T10:00:00.0;-0.17558562777205977
2022-12-27T11:00:00.0;-0.1651187724364338
2022-12-27T12:00:00.0;-0.1645305548827211
2022-12-27T13:00:00.0;-0.1697886426529967
2022-12-27T14:00:00.0;-0.18189903902647347
2022-12-27T15:00:00.0;-0.1975785375526812
2022-12-27T16:00:00.0;-0.22033071424318684
2022-12-27T17:00:00.0;-0.2504136543937513
2022-12-27T18:00:00.0;-0.2569540464235119
2022-12-27T19:00:00.0;-0.25958055603369173
2022-12-27T20:00:00.0;-0.2597111765267579
2022-12-27T21:00:00.0;-0.25673723672728826
2022-12-27T22:00:00.0;-0.2502077080967102
2022-12-27T23:00:00.0;-0.24099671922073387
2022-12-28T00:00:00.0;-0.22648770629264095
2022-12-28T01:00:00.0;-0.21454043960226915
2022-12-28T02:00:00.0;-0.2050253855760733
2022-12-28T03:00:00.0;-0.19625399068448265
2022-12-28T04:00:00.0;-0.18962440351442345
2022-12-28T05:00:00.0;-0.18624285902832355
2022-12-28T06:00:00.0;-0.18992347364590412
2022-12-28T07:00:00.0;-0.1953088905984813
2022-12-28T08:00:00.0;-0.200571874152917
2022-12-28T09:00:00.0;-0.19388148584121623
2022-12-28T10:00:00.0;-0.17758471112342678
2022-12-28T11:00:00.0;-0.16727045105285782
2022-12-28T12:00:00.0;-0.1665373375520385
2022-12-28T13:00:00.0;-0.17149433618650925
2022-12-28T14:00:00.0;-0.1831666198730089
2022-12-28T15:00:00.0;-0.1986257378649109
2022-12-28T16:00:00.0;-0.22111547483256866
2022-12-28T17:00:00.0;-0.2511107790372865
2022-12-28T18:00:00.0;-0.2579439405964408
2022-12-28T19:00:00.0;-0.2606581606588436
2022-12-28T20:00:00.0;-0.26073165736711634
2022-12-28T21:00:00.0;-0.2576697507981777
2022-12-28T22:00:00.0;-0.2510076913924127
2022-12-28T23:00:00.0;-0.2417562739607694
2022-12-29T00:00:00.0;-0.22646317053142387
2022-12-29T01:00:00.0;-0.21451518146702572
2022-12-29T02:00:00.0;-0.2050003007164156
2022-12-29T03:00:00.0;-0.19622899474653913
2022-12-29T04:00:00.0;-0.18959985825228098
2022-12-29T05:00:00.0;-0.18621627577301086
2022-12-29T06:00:00.0;-0.18989168001100698
2022-12-29T07:00:00.0;-0.1952683554112867
2022-12-29T08:00:00.0;-0.2005309898236864
2022-12-29T09:00:00.0;-0.19383922723994113
2022-12-29T10:00:00.0;-0.1775362486116624
2022-12-29T11:00:00.0;-0.1672182892707139
2022-12-29T12:00:00.0;-0.16648868839058467
2022-12-29T13:00:00.0;-0.17145298613830953
2022-12-29T14:00:00.0;-0.183135890713244
2022-12-29T15:00:00.0;-0.19860035125088282
2022-12-29T16:00:00.0;-0.22109645037855122
2022-12-29T17:00:00.0;-0.2510938790860086
2022-12-29T18:00:00.0;-0.25791994321885864
2022-12-29T19:00:00.0;-0.26063203697231097
2022-12-29T20:00:00.0;-0.2607069184963247
2022-12-29T21:00:00.0;-0.25764714445007325
2022-12-29T22:00:00.0;-0.2509882979039657
2022-12-29T23:00:00.0;-0.241737860556196
2022-12-30T00:00:00.0;-0.2299117183286704
2022-12-30T01:00:00.0;-0.21806526030442572
2022-12-30T02:00:00.0;-0.2085260253414439
2022-12-30T03:00:00.0;-0.19974222125590432
2022-12-30T04:00:00.0;-0.19304974142262105
2022-12-30T05:00:00.0;-0.18995260275064618
2022-12-30T06:00:00.0;-0.19436033572626726
2022-12-30T07:00:00.0;-0.20096565288961124
2022-12-30T08:00:00.0;-0.20627735987769447
2022-12-30T09:00:00.0;-0.19977875383757024
2022-12-30T10:00:00.0;-0.18434774660087752
2022-12-30T11:00:00.0;-0.17454972673138175
2022-12-30T12:00:00.0;-0.1733264203478341
2022-12-30T13:00:00.0;-0.17726481387715454
2022-12-30T14:00:00.0;-0.18745493242875802
2022-12-30T15:00:00.0;-0.20216848802526005
2022-12-30T16:00:00.0;-0.22377037349082882
2022-12-30T17:00:00.0;-0.25346919930686146
2022-12-30T18:00:00.0;-0.2612928201746047
2022-12-30T19:00:00.0;-0.2643037706858512
2022-12-30T20:00:00.0;-0.264184013729688
2022-12-30T21:00:00.0;-0.2608245095731608
2022-12-30T22:00:00.0;-0.25371408950558005
2022-12-30T23:00:00.0;-0.24432589950960576
2022-12-31T00:00:00.0;-0.22692945045746848
2022-12-31T01:00:00.0;-0.21499518945736795
2022-12-31T02:00:00.0;-0.20547701576114386
2022-12-31T03:00:00.0;-0.19670401991460343
2022-12-31T04:00:00.0;-0.1900663187348102
2022-12-31T05:00:00.0;-0.18672146647044047
2022-12-31T06:00:00.0;-0.1904958892547049
2022-12-31T07:00:00.0;-0.19603868994136586
2022-12-31T08:00:00.0;-0.20130795948202987
2022-12-31T09:00:00.0;-0.19464231369415638
2022-12-31T10:00:00.0;-0.17845723476740025
2022-12-31T11:00:00.0;-0.16820957671051404
2022-12-31T12:00:00.0;-0.16741322165466901
2022-12-31T13:00:00.0;-0.17223880636397565
2022-12-31T14:00:00.0;-0.18371987057088188
2022-12-31T15:00:00.0;-0.19908280086419602
2022-12-31T16:00:00.0;-0.22145799290147558
2022-12-31T17:00:00.0;-0.25141504735799713
2022-12-31T18:00:00.0;-0.25837599165140135
2022-12-31T19:00:00.0;-0.26112849398119226
2022-12-31T20:00:00.0;-0.2611770583359283
2022-12-31T21:00:00.0;-0.2580767576268988
2022-12-31T22:00:00.0;-0.2513568535920813
2022-12-31T23:00:00.0;-0.2420877906377103
