timestamp;elastic_demand
2022-01-01T00:00:00.0;0.07602551207578345
2022-01-01T01:00:00.0;0.07186912284080642
2022-01-01T02:00:00.0;0.06873045886667296
2022-01-01T03:00:00.0;0.06585330911113796
2022-01-01T04:00:00.0;0.06341407229316048
2022-01-01T05:00:00.0;0.06183738308679445
2022-01-01T06:00:00.0;0.06189830172464439
2022-01-01T07:00:00.0;0.06293729650912588
2022-01-01T08:00:00.0;0.06286526092123235
2022-01-01T09:00:00.0;0.06156801300160248
2022-01-01T10:00:00.0;0.05885250734693131
2022-01-01T11:00:00.0;0.05561940301057873
2022-01-01T12:00:00.0;0.05577992861485173
2022-01-01T13:00:00.0;0.05730765307822156
2022-01-01T14:00:00.0;0.060735941288492266
2022-01-01T15:00:00.0;0.0653538879693803
2022-01-01T16:00:00.0;0.07236720313392656
2022-01-01T17:00:00.0;0.08168420514181787
2022-01-01T18:00:00.0;0.08424408213336178
2022-01-01T19:00:00.0;0.08547349315752849
2022-01-01T20:00:00.0;0.08586543367671594
2022-01-01T21:00:00.0;0.08509217527155273
2022-01-01T22:00:00.0;0.08386434743575516
2022-01-01T23:00:00.0;0.08062293851489924
2022-01-02T00:00:00.0;0.0750071140880545
2022-01-02T01:00:00.0;0.07102396979479825
2022-01-02T02:00:00.0;0.06786542575601268
2022-01-02T03:00:00.0;0.06494763184372347
2022-01-02T04:00:00.0;0.06270291715627681
2022-01-02T05:00:00.0;0.0614745227581929
2022-01-02T06:00:00.0;0.062284442818213596
2022-01-02T07:00:00.0;0.06380141844679686
2022-01-02T08:00:00.0;0.06333885348472619
2022-01-02T09:00:00.0;0.06114516751261833
2022-01-02T10:00:00.0;0.05768678687478873
2022-01-02T11:00:00.0;0.05428871896120542
2022-01-02T12:00:00.0;0.054112747018861256
2022-01-02T13:00:00.0;0.05583605421779028
2022-01-02T14:00:00.0;0.05985002139513722
2022-01-02T15:00:00.0;0.06512484857364369
2022-01-02T16:00:00.0;0.07275746981786929
2022-01-02T17:00:00.0;0.08257141201216496
2022-01-02T18:00:00.0;0.08485548696006497
2022-01-02T19:00:00.0;0.08576493857557256
2022-01-02T20:00:00.0;0.08581988249876078
2022-01-02T21:00:00.0;0.08490720608938773
2022-01-02T22:00:00.0;0.08307925482725127
2022-01-02T23:00:00.0;0.08001217433947877
2022-01-03T00:00:00.0;0.07691008192936007
2022-01-03T01:00:00.0;0.0729792776908908
2022-01-03T02:00:00.0;0.06980225150963626
2022-01-03T03:00:00.0;0.06687753127443367
2022-01-03T04:00:00.0;0.06464317808989095
2022-01-03T05:00:00.0;0.06364393255492172
2022-01-03T06:00:00.0;0.06502266467328335
2022-01-03T07:00:00.0;0.06735100310264784
2022-01-03T08:00:00.0;0.06751481332026484
2022-01-03T09:00:00.0;0.06545492402697081
2022-01-03T10:00:00.0;0.06196109287431115
2022-01-03T11:00:00.0;0.05876761203957861
2022-01-03T12:00:00.0;0.05830669164195648
2022-01-03T13:00:00.0;0.05949946791829759
2022-01-03T14:00:00.0;0.06271466380696036
2022-01-03T15:00:00.0;0.06751302386353084
2022-01-03T16:00:00.0;0.07457977770557289
2022-01-03T17:00:00.0;0.08439776495153022
2022-01-03T18:00:00.0;0.08710399147285917
2022-01-03T19:00:00.0;0.08813602991932024
2022-01-03T20:00:00.0;0.0880746136580638
2022-01-03T21:00:00.0;0.086926830525143
2022-01-03T22:00:00.0;0.08475075247912711
2022-01-03T23:00:00.0;0.08158579567283383
2022-01-04T00:00:00.0;0.07741948749771485
2022-01-04T01:00:00.0;0.07300599976472624
2022-01-04T02:00:00.0;0.06991117863890098
2022-01-04T03:00:00.0;0.06710165339790698
2022-01-04T04:00:00.0;0.0642979234710474
2022-01-04T05:00:00.0;0.06207125447487703
2022-01-04T06:00:00.0;0.06078842643426104
2022-01-04T07:00:00.0;0.060859843592619166
2022-01-04T08:00:00.0;0.0612312072156242
2022-01-04T09:00:00.0;0.06123319384508129
2022-01-04T10:00:00.0;0.05970946245530261
2022-01-04T11:00:00.0;0.056846995715295834
2022-01-04T12:00:00.0;0.057555434877299715
2022-01-04T13:00:00.0;0.058748338781437384
2022-01-04T14:00:00.0;0.061266776666851264
2022-01-04T15:00:00.0;0.06498371607562245
2022-01-04T16:00:00.0;0.0711729211851922
2022-01-04T17:00:00.0;0.07947047645722295
2022-01-04T18:00:00.0;0.0826315324707123
2022-01-04T19:00:00.0;0.08441253433814196
2022-01-04T20:00:00.0;0.08534135283252192
2022-01-04T21:00:00.0;0.08489653908122934
2022-01-04T22:00:00.0;0.08464377362693615
2022-01-04T23:00:00.0;0.08113541101617157
2022-01-05T00:00:00.0;0.07881686358952879
2022-01-05T01:00:00.0;0.07494853509324949
2022-01-05T02:00:00.0;0.0717609686011515
2022-01-05T03:00:00.0;0.06883234987736259
2022-01-05T04:00:00.0;0.06656412091801935
2022-01-05T05:00:00.0;0.06573042336875771
2022-01-05T06:00:00.0;0.06758354069761315
2022-01-05T07:00:00.0;0.07061616879381398
2022-01-05T08:00:00.0;0.07133799550590884
2022-01-05T09:00:00.0;0.06936440735445455
2022-01-05T10:00:00.0;0.06586582575750907
2022-01-05T11:00:00.0;0.06297096929521608
2022-01-05T12:00:00.0;0.062227010761046475
2022-01-05T13:00:00.0;0.06283130232686658
2022-01-05T14:00:00.0;0.06519002934599209
2022-01-05T15:00:00.0;0.06955727902264054
2022-01-05T16:00:00.0;0.07611084169066296
2022-01-05T17:00:00.0;0.08575731849231513
2022-01-05T18:00:00.0;0.0890353653166732
2022-01-05T19:00:00.0;0.09023871724836535
2022-01-05T20:00:00.0;0.09006571054984469
2022-01-05T21:00:00.0;0.08874612908299856
2022-01-05T22:00:00.0;0.08623434017774279
2022-01-05T23:00:00.0;0.08296615511645447
2022-01-06T00:00:00.0;0.07655606032749916
2022-01-06T01:00:00.0;0.07230181918172732
2022-01-06T02:00:00.0;0.06917984183359399
2022-01-06T03:00:00.0;0.06632843002680414
2022-01-06T04:00:00.0;0.06375046681621298
2022-01-06T05:00:00.0;0.0619263947394608
2022-01-06T06:00:00.0;0.06147588222882759
2022-01-06T07:00:00.0;0.06214661613162295
2022-01-06T08:00:00.0;0.062243338667042694
2022-01-06T09:00:00.0;0.06144058054094064
2022-01-06T10:00:00.0;0.05917866520265411
2022-01-06T11:00:00.0;0.056086625856159596
2022-01-06T12:00:00.0;0.056455687834579944
2022-01-06T13:00:00.0;0.057855979303407155
2022-01-06T14:00:00.0;0.06093797769280184
2022-01-06T15:00:00.0;0.06521300022633819
2022-01-06T16:00:00.0;0.07191265839091097
2022-01-06T17:00:00.0;0.08084165808907218
2022-01-06T18:00:00.0;0.08363034433653105
2022-01-06T19:00:00.0;0.08506969131290046
2022-01-06T20:00:00.0;0.0856659680539728
2022-01-06T21:00:00.0;0.08501771596825504
2022-01-06T22:00:00.0;0.08416099771851769
2022-01-06T23:00:00.0;0.08081798599230397
2022-01-07T00:00:00.0;0.076385128169462
2022-01-07T01:00:00.0;0.0722655369854823
2022-01-07T02:00:00.0;0.06912062615841727
2022-01-07T03:00:00.0;0.06623691850267824
2022-01-07T04:00:00.0;0.06381936128943937
2022-01-07T05:00:00.0;0.062337595142479836
2022-01-07T06:00:00.0;0.06262765653006297
2022-01-07T07:00:00.0;0.0639219607812098
2022-01-07T08:00:00.0;0.06395223696531299
2022-01-07T09:00:00.0;0.06256913439898498
2022-01-07T10:00:00.0;0.059753980756156455
2022-01-07T11:00:00.0;0.05656461135688381
2022-01-07T12:00:00.0;0.05660939171747029
2022-01-07T13:00:00.0;0.05801824701005235
2022-01-07T14:00:00.0;0.061308447510888965
2022-01-07T15:00:00.0;0.06589348981023954
2022-01-07T16:00:00.0;0.07284710924087413
2022-01-07T17:00:00.0;0.08220563259959121
2022-01-07T18:00:00.0;0.0848582226350269
2022-01-07T19:00:00.0;0.08608471781057095
2022-01-07T20:00:00.0;0.08640451520191363
2022-01-07T21:00:00.0;0.08556134283823545
2022-01-07T22:00:00.0;0.08416936298860085
2022-01-07T23:00:00.0;0.08092430618921437
2022-01-08T00:00:00.0;0.07787590989523474
2022-01-08T01:00:00.0;0.07380755892454549
2022-01-08T02:00:00.0;0.07065399963908155
2022-01-08T03:00:00.0;0.06776668661775494
2022-01-08T04:00:00.0;0.06532533127276753
2022-01-08T05:00:00.0;0.0639790938555104
2022-01-08T06:00:00.0;0.06465341557692751
2022-01-08T07:00:00.0;0.06651008079426125
2022-01-08T08:00:00.0;0.06697635135966312
2022-01-08T09:00:00.0;0.06565094469791967
2022-01-08T10:00:00.0;0.06282262343152407
2022-01-08T11:00:00.0;0.059865523152877236
2022-01-08T12:00:00.0;0.05968304522011414
2022-01-08T13:00:00.0;0.06063105016910992
2022-01-08T14:00:00.0;0.06325388045407082
2022-01-08T15:00:00.0;0.06750650071266044
2022-01-08T16:00:00.0;0.07406244195171849
2022-01-08T17:00:00.0;0.08329394447527429
2022-01-08T18:00:00.0;0.08639215302985769
2022-01-08T19:00:00.0;0.08774921432906921
2022-01-08T20:00:00.0;0.08797687524497752
2022-01-08T21:00:00.0;0.08699579441281736
2022-01-08T22:00:00.0;0.08533169206737701
2022-01-08T23:00:00.0;0.08200744271262696
2022-01-09T00:00:00.0;0.07476611114177778
2022-01-09T01:00:00.0;0.07076246888041567
2022-01-09T02:00:00.0;0.06765045493074834
2022-01-09T03:00:00.0;0.06475998292007631
2022-01-09T04:00:00.0;0.06225868184940129
2022-01-09T05:00:00.0;0.06057903127200703
2022-01-09T06:00:00.0;0.060584957802155046
2022-01-09T07:00:00.0;0.06124981676225008
2022-01-09T08:00:00.0;0.06041401913604819
2022-01-09T09:00:00.0;0.05823060498099252
2022-01-09T10:00:00.0;0.05513532866461047
2022-01-09T11:00:00.0;0.05214441245725002
2022-01-09T12:00:00.0;0.05215780511156247
2022-01-09T13:00:00.0;0.05372065976841704
2022-01-09T14:00:00.0;0.057539971359183144
2022-01-09T15:00:00.0;0.06296447483292804
2022-01-09T16:00:00.0;0.07081633096524284
2022-01-09T17:00:00.0;0.07970280000191772
2022-01-09T18:00:00.0;0.08261063337315099
2022-01-09T19:00:00.0;0.0837944290947638
2022-01-09T20:00:00.0;0.08400251845311697
2022-01-09T21:00:00.0;0.08348077726214803
2022-01-09T22:00:00.0;0.08198404955603296
2022-01-09T23:00:00.0;0.07887093600327519
2022-01-10T00:00:00.0;0.07646328806382756
2022-01-10T01:00:00.0;0.07245109918647442
2022-01-10T02:00:00.0;0.06947614353307824
2022-01-10T03:00:00.0;0.06599631907520612
2022-01-10T04:00:00.0;0.06401981461505293
2022-01-10T05:00:00.0;0.06272346778231683
2022-01-10T06:00:00.0;0.06316386299559634
2022-01-10T07:00:00.0;0.06184140118158015
2022-01-10T08:00:00.0;0.05864093858126196
2022-01-10T09:00:00.0;0.05641163428685559
2022-01-10T10:00:00.0;0.05411881196416737
2022-01-10T11:00:00.0;0.05242178082179143
2022-01-10T12:00:00.0;0.05381972456946088
2022-01-10T13:00:00.0;0.055721233168320734
2022-01-10T14:00:00.0;0.0587174878262199
2022-01-10T15:00:00.0;0.062146731407659334
2022-01-10T16:00:00.0;0.06954762024175096
2022-01-10T17:00:00.0;0.0768023228406562
2022-01-10T18:00:00.0;0.08191794128305213
2022-01-10T19:00:00.0;0.08445598137448754
2022-01-10T20:00:00.0;0.0847993387635597
2022-01-10T21:00:00.0;0.08349101607834994
2022-01-10T22:00:00.0;0.08237014177741595
2022-01-10T23:00:00.0;0.07867401951003743
2022-01-11T00:00:00.0;0.07735660178142281
2022-01-11T01:00:00.0;0.0730805455295754
2022-01-11T02:00:00.0;0.0700676231849047
2022-01-11T03:00:00.0;0.06690602887930451
2022-01-11T04:00:00.0;0.06444163011878055
2022-01-11T05:00:00.0;0.06251529601128225
2022-01-11T06:00:00.0;0.06174143718687164
2022-01-11T07:00:00.0;0.060705481840109474
2022-01-11T08:00:00.0;0.0592288945900561
2022-01-11T09:00:00.0;0.058422625083879055
2022-01-11T10:00:00.0;0.056872209546335865
2022-01-11T11:00:00.0;0.0547871930052944
2022-01-11T12:00:00.0;0.05606687264813188
2022-01-11T13:00:00.0;0.057542798338551235
2022-01-11T14:00:00.0;0.06002044321025214
2022-01-11T15:00:00.0;0.0632713538381146
2022-01-11T16:00:00.0;0.06985932596753382
2022-01-11T17:00:00.0;0.0772283104905256
2022-01-11T18:00:00.0;0.08168632052750632
2022-01-11T19:00:00.0;0.0840775865711614
2022-01-11T20:00:00.0;0.0848606890193617
2022-01-11T21:00:00.0;0.08404404061952421
2022-01-11T22:00:00.0;0.08363581909335643
2022-01-11T23:00:00.0;0.07993202973137993
2022-01-12T00:00:00.0;0.07777735930883081
2022-01-12T01:00:00.0;0.07337701952492846
2022-01-12T02:00:00.0;0.07034621458108811
2022-01-12T03:00:00.0;0.06733450908764795
2022-01-12T04:00:00.0;0.06464030841608531
2022-01-12T05:00:00.0;0.06241724553032418
2022-01-12T06:00:00.0;0.06107146385677271
2022-01-12T07:00:00.0;0.060170455226235514
2022-01-12T08:00:00.0;0.05950582632368139
2022-01-12T09:00:00.0;0.05936981698156269
2022-01-12T10:00:00.0;0.058169080663196204
2022-01-12T11:00:00.0;0.055901320060580975
2022-01-12T12:00:00.0;0.05712529641424902
2022-01-12T13:00:00.0;0.0584007693312076
2022-01-12T14:00:00.0;0.06063414506539007
2022-01-12T15:00:00.0;0.06380105952133162
2022-01-12T16:00:00.0;0.07000614172539812
2022-01-12T17:00:00.0;0.07742895390026511
2022-01-12T18:00:00.0;0.0815772253972287
2022-01-12T19:00:00.0;0.08389935975263663
2022-01-12T20:00:00.0;0.08488958545454303
2022-01-12T21:00:00.0;0.08430451936731152
2022-01-12T22:00:00.0;0.08423196269605975
2022-01-12T23:00:00.0;0.08052456207445305
2022-01-13T00:00:00.0;0.07746969255697235
2022-01-13T01:00:00.0;0.07316023150518063
2022-01-13T02:00:00.0;0.07014250269389388
2022-01-13T03:00:00.0;0.0670211953490946
2022-01-13T04:00:00.0;0.0644950306672282
2022-01-13T05:00:00.0;0.06248894210383616
2022-01-13T06:00:00.0;0.06156136244414475
2022-01-13T07:00:00.0;0.060561677937003115
2022-01-13T08:00:00.0;0.059303328016649545
2022-01-13T09:00:00.0;0.058677210348136055
2022-01-13T10:00:00.0;0.05722078123154619
2022-01-13T11:00:00.0;0.05508664692955161
2022-01-13T12:00:00.0;0.056351354699606115
2022-01-13T13:00:00.0;0.05777340289970133
2022-01-13T14:00:00.0;0.06018539336380326
2022-01-13T15:00:00.0;0.06341372758695052
2022-01-13T16:00:00.0;0.06989878695596118
2022-01-13T17:00:00.0;0.0772822392198727
2022-01-13T18:00:00.0;0.08165699805057339
2022-01-13T19:00:00.0;0.0840296829501499
2022-01-13T20:00:00.0;0.08486845577349537
2022-01-13T21:00:00.0;0.08411405182950282
2022-01-13T22:00:00.0;0.08379604995787343
2022-01-13T23:00:00.0;0.080091289965247
2022-01-14T00:00:00.0;0.07729530630219708
2022-01-14T01:00:00.0;0.07303735553429454
2022-01-14T02:00:00.0;0.07002703830638232
2022-01-14T03:00:00.0;0.0668436083686818
2022-01-14T04:00:00.0;0.06441268688983807
2022-01-14T05:00:00.0;0.06252957989410583
2022-01-14T06:00:00.0;0.0618390381414876
2022-01-14T07:00:00.0;0.06078342391020849
2022-01-14T08:00:00.0;0.05918855148929224
2022-01-14T09:00:00.0;0.05828463924285346
2022-01-14T10:00:00.0;0.05668328283338635
2022-01-14T11:00:00.0;0.05462488823990414
2022-01-14T12:00:00.0;0.055912682674710106
2022-01-14T13:00:00.0;0.05741781009774515
2022-01-14T14:00:00.0;0.05993103982026615
2022-01-14T15:00:00.0;0.06319418691515685
2022-01-14T16:00:00.0;0.0698379380144968
2022-01-14T17:00:00.0;0.07719908098623311
2022-01-14T18:00:00.0;0.08170221338231215
2022-01-14T19:00:00.0;0.0841035504518783
2022-01-14T20:00:00.0;0.0848564794194687
2022-01-14T21:00:00.0;0.08400609437107062
2022-01-14T22:00:00.0;0.08354897356966455
2022-01-14T23:00:00.0;0.07984571029189384
2022-01-15T00:00:00.0;0.07779726118568905
2022-01-15T01:00:00.0;0.07339104277718858
2022-01-15T02:00:00.0;0.07035939198446045
2022-01-15T03:00:00.0;0.06735477624815528
2022-01-15T04:00:00.0;0.06464970592117981
2022-01-15T05:00:00.0;0.06241260773189918
2022-01-15T06:00:00.0;0.061039774045312724
2022-01-15T07:00:00.0;0.060145148409145886
2022-01-15T08:00:00.0;0.059518925224834034
2022-01-15T09:00:00.0;0.05941461926145283
2022-01-15T10:00:00.0;0.05823042280822628
2022-01-15T11:00:00.0;0.055954018391601544
2022-01-15T12:00:00.0;0.05717535997362694
2022-01-15T13:00:00.0;0.05844135145257563
2022-01-15T14:00:00.0;0.060663173229957595
2022-01-15T15:00:00.0;0.06382611465782184
2022-01-15T16:00:00.0;0.07001308612673032
2022-01-15T17:00:00.0;0.07743844435539173
2022-01-15T18:00:00.0;0.08157206518568835
2022-01-15T19:00:00.0;0.08389092960471517
2022-01-15T20:00:00.0;0.08489095225907334
2022-01-15T21:00:00.0;0.08431684004044264
2022-01-15T22:00:00.0;0.08426016035337539
2022-01-15T23:00:00.0;0.08055258891879499
2022-01-16T00:00:00.0;0.07751932286436729
2022-01-16T01:00:00.0;0.07307794976139494
2022-01-16T02:00:00.0;0.06999416024048162
2022-01-16T03:00:00.0;0.06719516808113535
2022-01-16T04:00:00.0;0.06431872129122448
2022-01-16T05:00:00.0;0.06196329922906834
2022-01-16T06:00:00.0;0.06043309334485516
2022-01-16T07:00:00.0;0.06028654013610006
2022-01-16T08:00:00.0;0.06064640616858049
2022-01-16T09:00:00.0;0.06077570091302798
2022-01-16T10:00:00.0;0.0594203302890494
2022-01-16T11:00:00.0;0.0566531344358736
2022-01-16T12:00:00.0;0.05744224790515338
2022-01-16T13:00:00.0;0.05857932878787287
2022-01-16T14:00:00.0;0.060981272935171936
2022-01-16T15:00:00.0;0.06463279360629848
2022-01-16T16:00:00.0;0.07077417093474361
2022-01-16T17:00:00.0;0.07883774286642481
2022-01-16T18:00:00.0;0.08214798476807841
2022-01-16T19:00:00.0;0.08402241076905743
2022-01-16T20:00:00.0;0.08502555260898309
2022-01-16T21:00:00.0;0.08466955895932013
2022-01-16T22:00:00.0;0.08455951958573017
2022-01-16T23:00:00.0;0.08101859315043893
2022-01-17T00:00:00.0;0.07753360910177268
2022-01-17T01:00:00.0;0.07311858043096599
2022-01-17T02:00:00.0;0.07004035149766986
2022-01-17T03:00:00.0;0.06718225636107811
2022-01-17T04:00:00.0;0.06439874153981112
2022-01-17T05:00:00.0;0.062160873595718015
2022-01-17T06:00:00.0;0.060837540911241605
2022-01-17T07:00:00.0;0.06065130879475519
2022-01-17T08:00:00.0;0.06077559700499261
2022-01-17T09:00:00.0;0.06076773627134297
2022-01-17T10:00:00.0;0.059345770745223445
2022-01-17T11:00:00.0;0.056636762628362175
2022-01-17T12:00:00.0;0.0574824459559567
2022-01-17T13:00:00.0;0.05868947240969655
2022-01-17T14:00:00.0;0.061120735975300086
2022-01-17T15:00:00.0;0.06468536519261538
2022-01-17T16:00:00.0;0.07086315724822298
2022-01-17T17:00:00.0;0.07892617262447785
2022-01-17T18:00:00.0;0.0823417089301008
2022-01-17T19:00:00.0;0.08426633133391417
2022-01-17T20:00:00.0;0.08522026801319765
2022-01-17T21:00:00.0;0.0847469970315717
2022-01-17T22:00:00.0;0.08455677743706276
2022-01-17T23:00:00.0;0.08099439718662099
2022-01-18T00:00:00.0;0.07825745404516171
2022-01-18T01:00:00.0;0.0737153036799496
2022-01-18T02:00:00.0;0.07066409424855044
2022-01-18T03:00:00.0;0.06782341559376535
2022-01-18T04:00:00.0;0.0648670052629529
2022-01-18T05:00:00.0;0.06230536750857453
2022-01-18T06:00:00.0;0.06030700773107
2022-01-18T07:00:00.0;0.05955997663848408
2022-01-18T08:00:00.0;0.059821812275152125
2022-01-18T09:00:00.0;0.06045058634337192
2022-01-18T10:00:00.0;0.05964884265519133
2022-01-18T11:00:00.0;0.057172566562436765
2022-01-18T12:00:00.0;0.05833298408664952
2022-01-18T13:00:00.0;0.05937973543559647
2022-01-18T14:00:00.0;0.06133439404760855
2022-01-18T15:00:00.0;0.06440546679571524
2022-01-18T16:00:00.0;0.07017366213316192
2022-01-18T17:00:00.0;0.07765789298898168
2022-01-18T18:00:00.0;0.08145274515767537
2022-01-18T19:00:00.0;0.08369599854844414
2022-01-18T20:00:00.0;0.0849225570011598
2022-01-18T21:00:00.0;0.08460173205536282
2022-01-18T22:00:00.0;0.08491217727835923
2022-01-18T23:00:00.0;0.08120065612027476
2022-01-19T00:00:00.0;0.07869957793600602
2022-01-19T01:00:00.0;0.07438787703439574
2022-01-19T02:00:00.0;0.07127579097352173
2022-01-19T03:00:00.0;0.06844971884094536
2022-01-19T04:00:00.0;0.06569039604324813
2022-01-19T05:00:00.0;0.06372725896730129
2022-01-19T06:00:00.0;0.06309704979505973
2022-01-19T07:00:00.0;0.06393429777302534
2022-01-19T08:00:00.0;0.06467326993586939
2022-01-19T09:00:00.0;0.06448886285998227
2022-01-19T10:00:00.0;0.06272569490806451
2022-01-19T11:00:00.0;0.06003359749906148
2022-01-19T12:00:00.0;0.0604028262342728
2022-01-19T13:00:00.0;0.06118180339635219
2022-01-19T14:00:00.0;0.0631813418210239
2022-01-19T15:00:00.0;0.06672465588077311
2022-01-19T16:00:00.0;0.07265807215057604
2022-01-19T17:00:00.0;0.08101720280854079
2022-01-19T18:00:00.0;0.08452594290017601
2022-01-19T19:00:00.0;0.08633768308391306
2022-01-19T20:00:00.0;0.08706934528933961
2022-01-19T21:00:00.0;0.0864194536254318
2022-01-19T22:00:00.0;0.08570007713355905
2022-01-19T23:00:00.0;0.08216026230561829
2022-01-20T00:00:00.0;0.079526197574047
2022-01-20T01:00:00.0;0.07568111042105784
2022-01-20T02:00:00.0;0.07248962287137638
2022-01-20T03:00:00.0;0.06955955388692035
2022-01-20T04:00:00.0;0.06727872294024953
2022-01-20T05:00:00.0;0.06650661021466432
2022-01-20T06:00:00.0;0.0685362016299793
2022-01-20T07:00:00.0;0.07183082962164157
2022-01-20T08:00:00.0;0.07276024174937332
2022-01-20T09:00:00.0;0.0708187581299105
2022-01-20T10:00:00.0;0.06731840933977039
2022-01-20T11:00:00.0;0.06453464289916243
2022-01-20T12:00:00.0;0.06368539251466632
2022-01-20T13:00:00.0;0.06407076430940736
2022-01-20T14:00:00.0;0.06611087987524727
2022-01-20T15:00:00.0;0.07031775395675276
2022-01-20T16:00:00.0;0.07668040649180552
2022-01-20T17:00:00.0;0.08626308040013916
2022-01-20T18:00:00.0;0.0897538477380458
2022-01-20T19:00:00.0;0.09102092929312332
2022-01-20T20:00:00.0;0.09080641029607772
2022-01-20T21:00:00.0;0.08942291883928233
2022-01-20T22:00:00.0;0.08678624352127932
2022-01-20T23:00:00.0;0.08347965694241818
2022-01-21T00:00:00.0;0.07728261599570725
2022-01-21T01:00:00.0;0.07303623098200084
2022-01-21T02:00:00.0;0.0699681617865973
2022-01-21T03:00:00.0;0.06695172355250147
2022-01-21T04:00:00.0;0.06443748562179549
2022-01-21T05:00:00.0;0.06260839412120757
2022-01-21T06:00:00.0;0.062114540654579026
2022-01-21T07:00:00.0;0.06204808934813198
2022-01-21T08:00:00.0;0.061409176556150885
2022-01-21T09:00:00.0;0.06058143396144724
2022-01-21T10:00:00.0;0.058655595290311
2022-01-21T11:00:00.0;0.05613436406320167
2022-01-21T12:00:00.0;0.05691209342313441
2022-01-21T13:00:00.0;0.05825465668676682
2022-01-21T14:00:00.0;0.060890719395679145
2022-01-21T15:00:00.0;0.06457786373917139
2022-01-21T16:00:00.0;0.0711493594489847
2022-01-21T17:00:00.0;0.07925998852087134
2022-01-21T18:00:00.0;0.08301023493236448
2022-01-21T19:00:00.0;0.08496451586476095
2022-01-21T20:00:00.0;0.0856240306594331
2022-01-21T21:00:00.0;0.08484725611762785
2022-01-21T22:00:00.0;0.08413486472433106
2022-01-21T23:00:00.0;0.08059138633198998
2022-01-22T00:00:00.0;0.07789265619663784
2022-01-22T01:00:00.0;0.07344162773801129
2022-01-22T02:00:00.0;0.0703948360111664
2022-01-22T03:00:00.0;0.0674703355383868
2022-01-22T04:00:00.0;0.064670485718942
2022-01-22T05:00:00.0;0.06233029095614031
2022-01-22T06:00:00.0;0.06076852830657612
2022-01-22T07:00:00.0;0.06005663663359028
2022-01-22T08:00:00.0;0.05985611481771356
2022-01-22T09:00:00.0;0.060002857290934686
2022-01-22T10:00:00.0;0.05889436150870058
2022-01-22T11:00:00.0;0.056471553976494046
2022-01-22T12:00:00.0;0.05760149448268033
2022-01-22T13:00:00.0;0.058786626432850965
2022-01-22T14:00:00.0;0.060963884186888063
2022-01-22T15:00:00.0;0.06417475262337119
2022-01-22T16:00:00.0;0.07022712074175197
2022-01-22T17:00:00.0;0.07779349727751231
2022-01-22T18:00:00.0;0.0816818814585716
2022-01-22T19:00:00.0;0.08390112032941155
2022-01-22T20:00:00.0;0.08496416137631027
2022-01-22T21:00:00.0;0.08448974346679991
2022-01-22T22:00:00.0;0.08452389997525153
2022-01-22T23:00:00.0;0.08084293249025598
2022-01-23T00:00:00.0;0.07767383941092998
2022-01-23T01:00:00.0;0.07330407737718303
2022-01-23T02:00:00.0;0.07027767212846316
2022-01-23T03:00:00.0;0.06722908916160768
2022-01-23T04:00:00.0;0.064591427158562
2022-01-23T05:00:00.0;0.06244136910534477
2022-01-23T06:00:00.0;0.0612362988655612
2022-01-23T07:00:00.0;0.06030208899826487
2022-01-23T08:00:00.0;0.05943769220147806
2022-01-23T09:00:00.0;0.059136777280182316
2022-01-23T10:00:00.0;0.057850008616084046
2022-01-23T11:00:00.0;0.05562720893600451
2022-01-23T12:00:00.0;0.05686489009215841
2022-01-23T13:00:00.0;0.05818968084490338
2022-01-23T14:00:00.0;0.06048315465108472
2022-01-23T15:00:00.0;0.06367073486954959
2022-01-23T16:00:00.0;0.06997002032227559
2022-01-23T17:00:00.0;0.07737958916181667
2022-01-23T18:00:00.0;0.08160406631156097
2022-01-23T19:00:00.0;0.08394320928795103
2022-01-23T20:00:00.0;0.08488247600117664
2022-01-23T21:00:00.0;0.08424043320932312
2022-01-23T22:00:00.0;0.08408529217713583
2022-01-23T23:00:00.0;0.08037878004166153
2022-01-24T00:00:00.0;0.07542234128925607
2022-01-24T01:00:00.0;0.07171762769968187
2022-01-24T02:00:00.0;0.06878691328432436
2022-01-24T03:00:00.0;0.0649362665228716
2022-01-24T04:00:00.0;0.06352828797729847
2022-01-24T05:00:00.0;0.06296604295982401
2022-01-24T06:00:00.0;0.06482136531364548
2022-01-24T07:00:00.0;0.06316504768043871
2022-01-24T08:00:00.0;0.05795581430869202
2022-01-24T09:00:00.0;0.05406829807403029
2022-01-24T10:00:00.0;0.05091037547000188
2022-01-24T11:00:00.0;0.04966544994446222
2022-01-24T12:00:00.0;0.05120120265671785
2022-01-24T13:00:00.0;0.05359862791635219
2022-01-24T14:00:00.0;0.05719920015448232
2022-01-24T15:00:00.0;0.060836248798319656
2022-01-24T16:00:00.0;0.0691844006208292
2022-01-24T17:00:00.0;0.07630593454905746
2022-01-24T18:00:00.0;0.08218784073008881
2022-01-24T19:00:00.0;0.0848969114109111
2022-01-24T20:00:00.0;0.0847278494875771
2022-01-24T21:00:00.0;0.08284659620540327
2022-01-24T22:00:00.0;0.080895292915559
2022-01-24T23:00:00.0;0.07720810484143746
2022-01-25T00:00:00.0;0.07762166010475491
2022-01-25T01:00:00.0;0.07326731081599569
2022-01-25T02:00:00.0;0.07024312323792102
2022-01-25T03:00:00.0;0.06717595214438342
2022-01-25T04:00:00.0;0.06456678851271468
2022-01-25T05:00:00.0;0.06245352861701897
2022-01-25T06:00:00.0;0.06131938411357976
2022-01-25T07:00:00.0;0.06036843913029726
2022-01-25T08:00:00.0;0.05940334913028585
2022-01-25T09:00:00.0;0.05901931338989792
2022-01-25T10:00:00.0;0.05768918003746506
2022-01-25T11:00:00.0;0.055489042954533274
2022-01-25T12:00:00.0;0.05673363202983585
2022-01-25T13:00:00.0;0.05808328148613031
2022-01-25T14:00:00.0;0.06040704778450832
2022-01-25T15:00:00.0;0.06360504460086319
2022-01-25T16:00:00.0;0.06995181329356687
2022-01-25T17:00:00.0;0.07735470681693432
2022-01-25T18:00:00.0;0.08161759550078317
2022-01-25T19:00:00.0;0.0839653116892787
2022-01-25T20:00:00.0;0.08487889247422707
2022-01-25T21:00:00.0;0.08420813051846783
2022-01-25T22:00:00.0;0.0840113627580678
2022-01-25T23:00:00.0;0.08030529846490089
2022-01-26T00:00:00.0;0.07855039827464569
2022-01-26T01:00:00.0;0.07412861480970778
2022-01-26T02:00:00.0;0.07107302806822557
2022-01-26T03:00:00.0;0.06825986646168414
2022-01-26T04:00:00.0;0.06525202892973156
2022-01-26T05:00:00.0;0.06256504490085193
2022-01-26T06:00:00.0;0.060748457487286134
2022-01-26T07:00:00.0;0.06012658115159069
2022-01-26T08:00:00.0;0.060329449287061146
2022-01-26T09:00:00.0;0.06067119090734864
2022-01-26T10:00:00.0;0.059587293131324666
2022-01-26T11:00:00.0;0.057076017533110326
2022-01-26T12:00:00.0;0.05800545576976576
2022-01-26T13:00:00.0;0.059034753825196525
2022-01-26T14:00:00.0;0.06095471714121256
2022-01-26T15:00:00.0;0.06420958086383495
2022-01-26T16:00:00.0;0.06989371590698183
2022-01-26T17:00:00.0;0.07743425964994945
2022-01-26T18:00:00.0;0.0814393802195914
2022-01-26T19:00:00.0;0.08402533272679208
2022-01-26T20:00:00.0;0.08560143759709611
2022-01-26T21:00:00.0;0.08540559226665687
2022-01-26T22:00:00.0;0.0854001226617242
2022-01-26T23:00:00.0;0.08155184193592094
2022-01-27T00:00:00.0;0.08031980288179981
2022-01-27T01:00:00.0;0.07648490691657854
2022-01-27T02:00:00.0;0.07330855575082589
2022-01-27T03:00:00.0;0.0703898866439118
2022-01-27T04:00:00.0;0.06798075696080971
2022-01-27T05:00:00.0;0.06708158944355642
2022-01-27T06:00:00.0;0.06895696466091505
2022-01-27T07:00:00.0;0.07219309066458947
2022-01-27T08:00:00.0;0.0732376828260439
2022-01-27T09:00:00.0;0.07138483777630564
2022-01-27T10:00:00.0;0.06806720213536241
2022-01-27T11:00:00.0;0.06558713149569079
2022-01-27T12:00:00.0;0.06470726290373821
2022-01-27T13:00:00.0;0.06475932837064645
2022-01-27T14:00:00.0;0.06631435924237437
2022-01-27T15:00:00.0;0.07035795685013588
2022-01-27T16:00:00.0;0.07655123052500697
2022-01-27T17:00:00.0;0.08565930954459622
2022-01-27T18:00:00.0;0.08966676693904675
2022-01-27T19:00:00.0;0.09113619670485194
2022-01-27T20:00:00.0;0.090951825473348
2022-01-27T21:00:00.0;0.08965750107653342
2022-01-27T22:00:00.0;0.0870378825513364
2022-01-27T23:00:00.0;0.08365835074702403
2022-01-28T00:00:00.0;0.07545023272554689
2022-01-28T01:00:00.0;0.07172866657586119
2022-01-28T02:00:00.0;0.06868443689993392
2022-01-28T03:00:00.0;0.06569897958107114
2022-01-28T04:00:00.0;0.06354297348381877
2022-01-28T05:00:00.0;0.06218423297239586
2022-01-28T06:00:00.0;0.06267596819777216
2022-01-28T07:00:00.0;0.06266897858809273
2022-01-28T08:00:00.0;0.06063273124836803
2022-01-28T09:00:00.0;0.05779041206444795
2022-01-28T10:00:00.0;0.0547609521302981
2022-01-28T11:00:00.0;0.05198747616615105
2022-01-28T12:00:00.0;0.052153176003889516
2022-01-28T13:00:00.0;0.053826834188963384
2022-01-28T14:00:00.0;0.057686045036692946
2022-01-28T15:00:00.0;0.06237742749629158
2022-01-28T16:00:00.0;0.0696194371701331
2022-01-28T17:00:00.0;0.07814383263353628
2022-01-28T18:00:00.0;0.08219429276207958
2022-01-28T19:00:00.0;0.08484055340191922
2022-01-28T20:00:00.0;0.0860188326539587
2022-01-28T21:00:00.0;0.08523114108389693
2022-01-28T22:00:00.0;0.08333072779117771
2022-01-28T23:00:00.0;0.07980830005466222
2022-01-29T00:00:00.0;0.07973415343306095
2022-01-29T01:00:00.0;0.07600609947223852
2022-01-29T02:00:00.0;0.07283116114762844
2022-01-29T03:00:00.0;0.06989525104944945
2022-01-29T04:00:00.0;0.06752542613855894
2022-01-29T05:00:00.0;0.06671474057804212
2022-01-29T06:00:00.0;0.06884090565214437
2022-01-29T07:00:00.0;0.07215794422709365
2022-01-29T08:00:00.0;0.07287767629350865
2022-01-29T09:00:00.0;0.07046996887777894
2022-01-29T10:00:00.0;0.06679888740973412
2022-01-29T11:00:00.0;0.06436368236881031
2022-01-29T12:00:00.0;0.06331225681346224
2022-01-29T13:00:00.0;0.06339645994416597
2022-01-29T14:00:00.0;0.06519989915824952
2022-01-29T15:00:00.0;0.06967429390485978
2022-01-29T16:00:00.0;0.076290979063432
2022-01-29T17:00:00.0;0.08540802988146158
2022-01-29T18:00:00.0;0.08947755411868877
2022-01-29T19:00:00.0;0.09084378484553216
2022-01-29T20:00:00.0;0.0904879183801398
2022-01-29T21:00:00.0;0.08921711875226264
2022-01-29T22:00:00.0;0.08630110583600857
2022-01-29T23:00:00.0;0.08300967988750808
2022-01-30T00:00:00.0;0.07311158371771757
2022-01-30T01:00:00.0;0.06944305117133884
2022-01-30T02:00:00.0;0.06639171675134553
2022-01-30T03:00:00.0;0.06348300493737093
2022-01-30T04:00:00.0;0.060958058761872054
2022-01-30T05:00:00.0;0.05915221324807162
2022-01-30T06:00:00.0;0.05916164503020005
2022-01-30T07:00:00.0;0.05904721727677194
2022-01-30T08:00:00.0;0.05673343338566994
2022-01-30T09:00:00.0;0.05300815426435471
2022-01-30T10:00:00.0;0.04935316620441722
2022-01-30T11:00:00.0;0.04675246028524293
2022-01-30T12:00:00.0;0.04653992239469614
2022-01-30T13:00:00.0;0.048177655451569774
2022-01-30T14:00:00.0;0.052604868047418034
2022-01-30T15:00:00.0;0.059061225118781015
2022-01-30T16:00:00.0;0.06792711126404845
2022-01-30T17:00:00.0;0.07606151353262726
2022-01-30T18:00:00.0;0.07985951044026263
2022-01-30T19:00:00.0;0.08153075336963826
2022-01-30T20:00:00.0;0.08190676558460948
2022-01-30T21:00:00.0;0.08175271457970427
2022-01-30T22:00:00.0;0.07970560411517486
2022-01-30T23:00:00.0;0.07662668719768433
2022-01-31T00:00:00.0;0.08113385593120945
2022-01-31T01:00:00.0;0.0773916396055645
2022-01-31T02:00:00.0;0.07421991462565421
2022-01-31T03:00:00.0;0.0713066880026875
2022-01-31T04:00:00.0;0.06904389692632247
2022-01-31T05:00:00.0;0.0685845539408195
2022-01-31T06:00:00.0;0.07104191529087399
2022-01-31T07:00:00.0;0.07472528249163742
2022-01-31T08:00:00.0;0.07579727431118384
2022-01-31T09:00:00.0;0.07360810124571807
2022-01-31T10:00:00.0;0.06998018674671412
2022-01-31T11:00:00.0;0.0675155969123742
2022-01-31T12:00:00.0;0.06638338021855159
2022-01-31T13:00:00.0;0.06616746779315238
2022-01-31T14:00:00.0;0.06738573149390464
2022-01-31T15:00:00.0;0.07124268837988794
2022-01-31T16:00:00.0;0.07722580340468478
2022-01-31T17:00:00.0;0.08652880385274433
2022-01-31T18:00:00.0;0.09075323926893367
2022-01-31T19:00:00.0;0.0925510852724302
2022-01-31T20:00:00.0;0.09244621813381074
2022-01-31T21:00:00.0;0.09086467299551461
2022-01-31T22:00:00.0;0.08788754414573922
2022-01-31T23:00:00.0;0.08443914180541776
2022-02-01T00:00:00.0;0.08267998256939034
2022-02-01T01:00:00.0;0.07893822924974328
2022-02-01T02:00:00.0;0.07572930820210096
2022-02-01T03:00:00.0;0.0727927911826838
2022-02-01T04:00:00.0;0.07045593027070374
2022-02-01T05:00:00.0;0.06995763114645542
2022-02-01T06:00:00.0;0.07277184777089674
2022-02-01T07:00:00.0;0.07723135909977723
2022-02-01T08:00:00.0;0.07908372118250417
2022-02-01T09:00:00.0;0.07728497820917861
2022-02-01T10:00:00.0;0.07377677226359024
2022-02-01T11:00:00.0;0.07148692554369132
2022-02-01T12:00:00.0;0.0701695348121382
2022-02-01T13:00:00.0;0.06958156273180448
2022-02-01T14:00:00.0;0.07020509310273208
2022-02-01T15:00:00.0;0.07369891782156722
2022-02-01T16:00:00.0;0.07921276073243753
2022-02-01T17:00:00.0;0.08851175923257242
2022-02-01T18:00:00.0;0.09294830779409664
2022-02-01T19:00:00.0;0.09449873899035643
2022-02-01T20:00:00.0;0.09409965127523508
2022-02-01T21:00:00.0;0.09243200824562105
2022-02-01T22:00:00.0;0.08924007277761697
2022-02-01T23:00:00.0;0.08576274839038503
2022-02-02T00:00:00.0;0.07244078259485201
2022-02-02T01:00:00.0;0.06879449215682873
2022-02-02T02:00:00.0;0.06576479111598767
2022-02-02T03:00:00.0;0.06266557849089982
2022-02-02T04:00:00.0;0.06026981719072613
2022-02-02T05:00:00.0;0.05863668867685213
2022-02-02T06:00:00.0;0.058950780717573474
2022-02-02T07:00:00.0;0.058519133934975764
2022-02-02T08:00:00.0;0.05539666137428833
2022-02-02T09:00:00.0;0.05115500742675984
2022-02-02T10:00:00.0;0.04727235874832255
2022-02-02T11:00:00.0;0.045049296057882444
2022-02-02T12:00:00.0;0.04504387858852175
2022-02-02T13:00:00.0;0.04684602730112884
2022-02-02T14:00:00.0;0.0514075385657414
2022-02-02T15:00:00.0;0.058064941422308704
2022-02-02T16:00:00.0;0.06763526239333288
2022-02-02T17:00:00.0;0.0754255388897296
2022-02-02T18:00:00.0;0.07952066344360503
2022-02-02T19:00:00.0;0.08087796429443178
2022-02-02T20:00:00.0;0.08064169252286552
2022-02-02T21:00:00.0;0.08032438192830835
2022-02-02T22:00:00.0;0.07818678766326034
2022-02-02T23:00:00.0;0.07522135174260959
2022-02-03T00:00:00.0;0.0771338053042296
2022-02-03T01:00:00.0;0.07318413493433604
2022-02-03T02:00:00.0;0.07010888076279173
2022-02-03T03:00:00.0;0.0672270885874779
2022-02-03T04:00:00.0;0.06443875526527817
2022-02-03T05:00:00.0;0.06243096294910927
2022-02-03T06:00:00.0;0.06219241212179952
2022-02-03T07:00:00.0;0.06272448250117567
2022-02-03T08:00:00.0;0.06213440648804889
2022-02-03T09:00:00.0;0.06019121281873045
2022-02-03T10:00:00.0;0.057510469027836894
2022-02-03T11:00:00.0;0.05524532146725941
2022-02-03T12:00:00.0;0.05518556840441389
2022-02-03T13:00:00.0;0.05597270414014956
2022-02-03T14:00:00.0;0.05850644880913212
2022-02-03T15:00:00.0;0.06335873819204535
2022-02-03T16:00:00.0;0.07057133865188471
2022-02-03T17:00:00.0;0.07835206307309009
2022-02-03T18:00:00.0;0.08265002643527435
2022-02-03T19:00:00.0;0.08458561135236478
2022-02-03T20:00:00.0;0.08510041295071427
2022-02-03T21:00:00.0;0.08476070346236074
2022-02-03T22:00:00.0;0.08322468521475083
2022-02-03T23:00:00.0;0.07980527776504472
2022-02-04T00:00:00.0;0.08125129998469019
2022-02-04T01:00:00.0;0.07756594133284346
2022-02-04T02:00:00.0;0.07439007721292563
2022-02-04T03:00:00.0;0.07146083382582244
2022-02-04T04:00:00.0;0.06910512107886163
2022-02-04T05:00:00.0;0.06851274684931832
2022-02-04T06:00:00.0;0.07101658667132256
2022-02-04T07:00:00.0;0.07482226768265356
2022-02-04T08:00:00.0;0.07591783677961371
2022-02-04T09:00:00.0;0.07356575575041906
2022-02-04T10:00:00.0;0.06988252403579294
2022-02-04T11:00:00.0;0.06763290334450657
2022-02-04T12:00:00.0;0.06638122714636946
2022-02-04T13:00:00.0;0.06601345121083575
2022-02-04T14:00:00.0;0.06713016523157521
2022-02-04T15:00:00.0;0.07118744108980668
2022-02-04T16:00:00.0;0.07733935856441951
2022-02-04T17:00:00.0;0.08637694083604322
2022-02-04T18:00:00.0;0.09087540705829665
2022-02-04T19:00:00.0;0.09251866364135802
2022-02-04T20:00:00.0;0.0921917370630426
2022-02-04T21:00:00.0;0.0907287272910547
2022-02-04T22:00:00.0;0.08758320993114656
2022-02-04T23:00:00.0;0.0841801030297812
2022-02-05T00:00:00.0;0.07565340595912612
2022-02-05T01:00:00.0;0.07205816077218938
2022-02-05T02:00:00.0;0.06898562343216488
2022-02-05T03:00:00.0;0.06608561869219952
2022-02-05T04:00:00.0;0.06373578764368282
2022-02-05T05:00:00.0;0.06279192051986926
2022-02-05T06:00:00.0;0.0640245454576909
2022-02-05T07:00:00.0;0.0653783664445811
2022-02-05T08:00:00.0;0.06388139057272538
2022-02-05T09:00:00.0;0.059952039334497
2022-02-05T10:00:00.0;0.05579669373824847
2022-02-05T11:00:00.0;0.0533488081158694
2022-02-05T12:00:00.0;0.05254950817081245
2022-02-05T13:00:00.0;0.05332515479914932
2022-02-05T14:00:00.0;0.05655304829624268
2022-02-05T15:00:00.0;0.06247728998829743
2022-02-05T16:00:00.0;0.07078345995915217
2022-02-05T17:00:00.0;0.07931009600653635
2022-02-05T18:00:00.0;0.08343397911151527
2022-02-05T19:00:00.0;0.08525734781011851
2022-02-05T20:00:00.0;0.08530039566312661
2022-02-05T21:00:00.0;0.0845116266556083
2022-02-05T22:00:00.0;0.08182276767865614
2022-02-05T23:00:00.0;0.0786959239178536
2022-02-06T00:00:00.0;0.079995211267882
2022-02-06T01:00:00.0;0.07634750347163914
2022-02-06T02:00:00.0;0.07318265034052336
2022-02-06T03:00:00.0;0.07024267877208658
2022-02-06T04:00:00.0;0.06781265527166176
2022-02-06T05:00:00.0;0.06698774989394271
2022-02-06T06:00:00.0;0.06920806794170109
2022-02-06T07:00:00.0;0.07258609690335217
2022-02-06T08:00:00.0;0.07320600944148047
2022-02-06T09:00:00.0;0.07050030726031792
2022-02-06T10:00:00.0;0.06671770440817086
2022-02-06T11:00:00.0;0.06452920938113528
2022-02-06T12:00:00.0;0.06332745066545548
2022-02-06T13:00:00.0;0.0631767198179936
2022-02-06T14:00:00.0;0.0647695801018467
2022-02-06T15:00:00.0;0.06938982901085491
2022-02-06T16:00:00.0;0.07613817592635257
2022-02-06T17:00:00.0;0.08494064066924038
2022-02-06T18:00:00.0;0.08942481107962255
2022-02-06T19:00:00.0;0.0908669084014633
2022-02-06T20:00:00.0;0.09041162313378297
2022-02-06T21:00:00.0;0.08920290975860308
2022-02-06T22:00:00.0;0.08608283348999438
2022-02-06T23:00:00.0;0.08279448271198453
2022-02-07T00:00:00.0;0.07453658097083289
2022-02-07T01:00:00.0;0.07094610797588566
2022-02-07T02:00:00.0;0.06794456404356848
2022-02-07T03:00:00.0;0.06510865796999366
2022-02-07T04:00:00.0;0.06298810290697673
2022-02-07T05:00:00.0;0.062488271459432844
2022-02-07T06:00:00.0;0.06348073423105877
2022-02-07T07:00:00.0;0.06389218725147564
2022-02-07T08:00:00.0;0.061388456295625345
2022-02-07T09:00:00.0;0.05693663881675051
2022-02-07T10:00:00.0;0.052590096498020676
2022-02-07T11:00:00.0;0.04986970270085083
2022-02-07T12:00:00.0;0.04926707771443936
2022-02-07T13:00:00.0;0.05030640983673232
2022-02-07T14:00:00.0;0.05388471376470662
2022-02-07T15:00:00.0;0.05981306899444835
2022-02-07T16:00:00.0;0.06828741437030587
2022-02-07T17:00:00.0;0.07694023972303432
2022-02-07T18:00:00.0;0.08096927616518401
2022-02-07T19:00:00.0;0.0837105773351039
2022-02-07T20:00:00.0;0.08451242633761634
2022-02-07T21:00:00.0;0.08355413610911357
2022-02-07T22:00:00.0;0.08112095209730376
2022-02-07T23:00:00.0;0.07787569533797234
2022-02-08T00:00:00.0;0.07791662026365669
2022-02-08T01:00:00.0;0.07434097656698428
2022-02-08T02:00:00.0;0.07121783382554069
2022-02-08T03:00:00.0;0.06828368845463127
2022-02-08T04:00:00.0;0.06581412306737296
2022-02-08T05:00:00.0;0.0648112733677223
2022-02-08T06:00:00.0;0.06657424786544222
2022-02-08T07:00:00.0;0.06904781111864501
2022-02-08T08:00:00.0;0.06863870266870162
2022-02-08T09:00:00.0;0.06519514735392573
2022-02-08T10:00:00.0;0.06118400985997358
2022-02-08T11:00:00.0;0.059043180596710154
2022-02-08T12:00:00.0;0.057944726083207374
2022-02-08T13:00:00.0;0.058135174114351686
2022-02-08T14:00:00.0;0.06046655535404316
2022-02-08T15:00:00.0;0.0659081891403473
2022-02-08T16:00:00.0;0.0735772302101039
2022-02-08T17:00:00.0;0.0820239476130089
2022-02-08T18:00:00.0;0.08654762044173889
2022-02-08T19:00:00.0;0.08803628319756536
2022-02-08T20:00:00.0;0.08763671816054033
2022-02-08T21:00:00.0;0.0867400731519159
2022-02-08T22:00:00.0;0.08369718050535094
2022-02-08T23:00:00.0;0.08052992977083051
2022-02-09T00:00:00.0;0.07583256211195807
2022-02-09T01:00:00.0;0.07222979727723321
2022-02-09T02:00:00.0;0.06914667588237057
2022-02-09T03:00:00.0;0.06618272993516161
2022-02-09T04:00:00.0;0.06359973109868958
2022-02-09T05:00:00.0;0.06214423379796456
2022-02-09T06:00:00.0;0.06308687912196143
2022-02-09T07:00:00.0;0.06435013794070474
2022-02-09T08:00:00.0;0.06298450127607387
2022-02-09T09:00:00.0;0.05926994799422545
2022-02-09T10:00:00.0;0.055407228488291826
2022-02-09T11:00:00.0;0.05336547919941308
2022-02-09T12:00:00.0;0.0526484107954257
2022-02-09T13:00:00.0;0.053322615822125996
2022-02-09T14:00:00.0;0.056403531520654526
2022-02-09T15:00:00.0;0.062454326825758535
2022-02-09T16:00:00.0;0.07092575510203454
2022-02-09T17:00:00.0;0.07883386142197644
2022-02-09T18:00:00.0;0.08336263566473232
2022-02-09T19:00:00.0;0.0847683946827728
2022-02-09T20:00:00.0;0.08440712845022237
2022-02-09T21:00:00.0;0.08392212844755279
2022-02-09T22:00:00.0;0.08127954375688862
2022-02-09T23:00:00.0;0.07820772555711802
2022-02-10T00:00:00.0;0.07881107295423094
2022-02-10T01:00:00.0;0.07480932440145892
2022-02-10T02:00:00.0;0.071760348952739
2022-02-10T03:00:00.0;0.06882630106470328
2022-02-10T04:00:00.0;0.06600019038665954
2022-02-10T05:00:00.0;0.06346738153544818
2022-02-10T06:00:00.0;0.06285104038049509
2022-02-10T07:00:00.0;0.06250154497239503
2022-02-10T08:00:00.0;0.06168847691501538
2022-02-10T09:00:00.0;0.06057589324214095
2022-02-10T10:00:00.0;0.05841216907569145
2022-02-10T11:00:00.0;0.05604755914939358
2022-02-10T12:00:00.0;0.056482890873534045
2022-02-10T13:00:00.0;0.057656051961792285
2022-02-10T14:00:00.0;0.05974522994827623
2022-02-10T15:00:00.0;0.063491981628735
2022-02-10T16:00:00.0;0.06944007060263611
2022-02-10T17:00:00.0;0.07709388715550607
2022-02-10T18:00:00.0;0.0819158880760149
2022-02-10T19:00:00.0;0.0852684987247845
2022-02-10T20:00:00.0;0.08727292342371475
2022-02-10T21:00:00.0;0.08702155678633468
2022-02-10T22:00:00.0;0.08585665737134096
2022-02-10T23:00:00.0;0.08173739770290338
2022-02-11T00:00:00.0;0.07154895760976027
2022-02-11T01:00:00.0;0.06790898267593647
2022-02-11T02:00:00.0;0.0649121388086867
2022-02-11T03:00:00.0;0.06196735736806928
2022-02-11T04:00:00.0;0.05913773241463827
2022-02-11T05:00:00.0;0.05685613333522002
2022-02-11T06:00:00.0;0.0560917932186816
2022-02-11T07:00:00.0;0.054970563832306966
2022-02-11T08:00:00.0;0.051744416907961964
2022-02-11T09:00:00.0;0.047354211645535174
2022-02-11T10:00:00.0;0.043670887219139996
2022-02-11T11:00:00.0;0.04171719580982894
2022-02-11T12:00:00.0;0.041622588006448503
2022-02-11T13:00:00.0;0.0431654652651491
2022-02-11T14:00:00.0;0.04773875347720555
2022-02-11T15:00:00.0;0.05515245844306215
2022-02-11T16:00:00.0;0.06524530737966433
2022-02-11T17:00:00.0;0.07216891365086064
2022-02-11T18:00:00.0;0.07662488928525643
2022-02-11T19:00:00.0;0.07802213820470659
2022-02-11T20:00:00.0;0.07790805889277032
2022-02-11T21:00:00.0;0.07827928096104168
2022-02-11T22:00:00.0;0.0764132596442255
2022-02-11T23:00:00.0;0.07353909623944893
2022-02-12T00:00:00.0;0.07828930196880808
2022-02-12T01:00:00.0;0.07474279366197302
2022-02-12T02:00:00.0;0.07163865962943461
2022-02-12T03:00:00.0;0.06861742270743593
2022-02-12T04:00:00.0;0.06617883608541815
2022-02-12T05:00:00.0;0.06462299418232569
2022-02-12T06:00:00.0;0.06615585974859818
2022-02-12T07:00:00.0;0.06763905184944519
2022-02-12T08:00:00.0;0.06652704413897499
2022-02-12T09:00:00.0;0.06341000471692995
2022-02-12T10:00:00.0;0.05954851787245991
2022-02-12T11:00:00.0;0.0571583591543206
2022-02-12T12:00:00.0;0.05650947767849735
2022-02-12T13:00:00.0;0.057463325671503265
2022-02-12T14:00:00.0;0.06001967896243354
2022-02-12T15:00:00.0;0.06492355264526722
2022-02-12T16:00:00.0;0.07188286949465744
2022-02-12T17:00:00.0;0.0804258311802705
2022-02-12T18:00:00.0;0.08519908675510952
2022-02-12T19:00:00.0;0.08787271792833583
2022-02-12T20:00:00.0;0.08885458411252425
2022-02-12T21:00:00.0;0.08813087358292182
2022-02-12T22:00:00.0;0.0852620441272159
2022-02-12T23:00:00.0;0.08150110100763643
2022-02-13T00:00:00.0;0.07586390744469375
2022-02-13T01:00:00.0;0.072374470820443
2022-02-13T02:00:00.0;0.06929793829496567
2022-02-13T03:00:00.0;0.06637210433908705
2022-02-13T04:00:00.0;0.06386431685414946
2022-02-13T05:00:00.0;0.0627070429245671
2022-02-13T06:00:00.0;0.06402556330036396
2022-02-13T07:00:00.0;0.06557219303580669
2022-02-13T08:00:00.0;0.06408009307683966
2022-02-13T09:00:00.0;0.05982781674515522
2022-02-13T10:00:00.0;0.055561045322786974
2022-02-13T11:00:00.0;0.053499244608294375
2022-02-13T12:00:00.0;0.05248434726114878
2022-02-13T13:00:00.0;0.05297979819398688
2022-02-13T14:00:00.0;0.0560159233050696
2022-02-13T15:00:00.0;0.062292715501119894
2022-02-13T16:00:00.0;0.07090044574045219
2022-02-13T17:00:00.0;0.07894484932904443
2022-02-13T18:00:00.0;0.08358038739335993
2022-02-13T19:00:00.0;0.08517703524349621
2022-02-13T20:00:00.0;0.08485317885036245
2022-02-13T21:00:00.0;0.08426615535763463
2022-02-13T22:00:00.0;0.08127411651157863
2022-02-13T23:00:00.0;0.07822031496650013
2022-02-14T00:00:00.0;0.07702143111819261
2022-02-14T01:00:00.0;0.07350741047727692
2022-02-14T02:00:00.0;0.07043603177511365
2022-02-14T03:00:00.0;0.06753459725966487
2022-02-14T04:00:00.0;0.06514422517062153
2022-02-14T05:00:00.0;0.06432821995200534
2022-02-14T06:00:00.0;0.06591703276377146
2022-02-14T07:00:00.0;0.06773300120299815
2022-02-14T08:00:00.0;0.06651843904809354
2022-02-14T09:00:00.0;0.062479418038124325
2022-02-14T10:00:00.0;0.058258018534008325
2022-02-14T11:00:00.0;0.056118055863668824
2022-02-14T12:00:00.0;0.055063818554219754
2022-02-14T13:00:00.0;0.055339380263958016
2022-02-14T14:00:00.0;0.05790066448348292
2022-02-14T15:00:00.0;0.06360137221408645
2022-02-14T16:00:00.0;0.07162943814450047
2022-02-14T17:00:00.0;0.07989498654243192
2022-02-14T18:00:00.0;0.08460195526424061
2022-02-14T19:00:00.0;0.0866236464563985
2022-02-14T20:00:00.0;0.0865806430294063
2022-02-14T21:00:00.0;0.08569623171181481
2022-02-14T22:00:00.0;0.08269377484282495
2022-02-14T23:00:00.0;0.07949226329537384
2022-02-15T00:00:00.0;0.08090358295809205
2022-02-15T01:00:00.0;0.07734795619889999
2022-02-15T02:00:00.0;0.07421769446883628
2022-02-15T03:00:00.0;0.07114189594581613
2022-02-15T04:00:00.0;0.06882039119188064
2022-02-15T05:00:00.0;0.06770676048606339
2022-02-15T06:00:00.0;0.07003499064990545
2022-02-15T07:00:00.0;0.07256239616775506
2022-02-15T08:00:00.0;0.07231753648729715
2022-02-15T09:00:00.0;0.06964944385870588
2022-02-15T10:00:00.0;0.06591424875780841
2022-02-15T11:00:00.0;0.06374360934204729
2022-02-15T12:00:00.0;0.06291250704191574
2022-02-15T13:00:00.0;0.06326589824932913
2022-02-15T14:00:00.0;0.06476410248782255
2022-02-15T15:00:00.0;0.06871032014794491
2022-02-15T16:00:00.0;0.0747722070470599
2022-02-15T17:00:00.0;0.0834470498350864
2022-02-15T18:00:00.0;0.0886117494519231
2022-02-15T19:00:00.0;0.09135485884917195
2022-02-15T20:00:00.0;0.0920906106678075
2022-02-15T21:00:00.0;0.09087249173005355
2022-02-15T22:00:00.0;0.08771854367975472
2022-02-15T23:00:00.0;0.0838341858171298
2022-02-16T00:00:00.0;0.08108579213528416
2022-02-16T01:00:00.0;0.07743415667056283
2022-02-16T02:00:00.0;0.07430326265041098
2022-02-16T03:00:00.0;0.071413884541878
2022-02-16T04:00:00.0;0.06918756588869802
2022-02-16T05:00:00.0;0.06892572718575123
2022-02-16T06:00:00.0;0.07141785995482458
2022-02-16T07:00:00.0;0.07481235564382273
2022-02-16T08:00:00.0;0.0753879116294087
2022-02-16T09:00:00.0;0.07266892434541875
2022-02-16T10:00:00.0;0.06884119020728399
2022-02-16T11:00:00.0;0.0665375257425126
2022-02-16T12:00:00.0;0.06531137103243642
2022-02-16T13:00:00.0;0.06491566269575684
2022-02-16T14:00:00.0;0.06599255867163313
2022-02-16T15:00:00.0;0.06996107355791799
2022-02-16T16:00:00.0;0.07610614772379568
2022-02-16T17:00:00.0;0.08512548330673148
2022-02-16T18:00:00.0;0.08978776226045342
2022-02-16T19:00:00.0;0.0920861916871219
2022-02-16T20:00:00.0;0.0922047318649079
2022-02-16T21:00:00.0;0.09059591070842446
2022-02-16T22:00:00.0;0.08749079679695308
2022-02-16T23:00:00.0;0.08398346945866515
2022-02-17T00:00:00.0;0.07918272987169647
2022-02-17T01:00:00.0;0.07562216075313863
2022-02-17T02:00:00.0;0.07255942795457644
2022-02-17T03:00:00.0;0.06970262457481584
2022-02-17T04:00:00.0;0.06752836224214152
2022-02-17T05:00:00.0;0.06734145543198493
2022-02-17T06:00:00.0;0.06943437543315231
2022-02-17T07:00:00.0;0.0717612137599104
2022-02-17T08:00:00.0;0.0710751322424092
2022-02-17T09:00:00.0;0.06744148844192124
2022-02-17T10:00:00.0;0.06330775689262631
2022-02-17T11:00:00.0;0.06102324655900382
2022-02-17T12:00:00.0;0.05989512929980659
2022-02-17T13:00:00.0;0.05976138880282586
2022-02-17T14:00:00.0;0.06143836501714504
2022-02-17T15:00:00.0;0.06606708117511599
2022-02-17T16:00:00.0;0.07301473094091794
2022-02-17T17:00:00.0;0.08169290938281244
2022-02-17T18:00:00.0;0.08652953105197152
2022-02-17T19:00:00.0;0.08932954590132608
2022-02-17T20:00:00.0;0.08980056167685246
2022-02-17T21:00:00.0;0.08836490181163457
2022-02-17T22:00:00.0;0.08534216072462399
2022-02-17T23:00:00.0;0.08186752851489577
2022-02-18T00:00:00.0;0.08019459220885591
2022-02-18T01:00:00.0;0.0766132429650651
2022-02-18T02:00:00.0;0.07355609012912241
2022-02-18T03:00:00.0;0.07072163515957053
2022-02-18T04:00:00.0;0.06865344994776808
2022-02-18T05:00:00.0;0.06877378608585706
2022-02-18T06:00:00.0;0.07110361870174907
2022-02-18T07:00:00.0;0.07365713995520487
2022-02-18T08:00:00.0;0.07320237744253381
2022-02-18T09:00:00.0;0.06974724321624591
2022-02-18T10:00:00.0;0.0656499289516983
2022-02-18T11:00:00.0;0.0632955589813691
2022-02-18T12:00:00.0;0.062133520069478025
2022-02-18T13:00:00.0;0.06180616491943113
2022-02-18T14:00:00.0;0.06306552101980446
2022-02-18T15:00:00.0;0.06718662270634695
2022-02-18T16:00:00.0;0.07362544270094311
2022-02-18T17:00:00.0;0.08249725181225445
2022-02-18T18:00:00.0;0.08740040719951225
2022-02-18T19:00:00.0;0.09058881223953824
2022-02-18T20:00:00.0;0.0913167570768883
2022-02-18T21:00:00.0;0.0896167040998175
2022-02-18T22:00:00.0;0.08658577094562994
2022-02-18T23:00:00.0;0.08297906929332842
2022-02-19T00:00:00.0;0.07559547583040643
2022-02-19T01:00:00.0;0.0721018874639358
2022-02-19T02:00:00.0;0.06900925172202137
2022-02-19T03:00:00.0;0.06606361892585406
2022-02-19T04:00:00.0;0.06348092292718069
2022-02-19T05:00:00.0;0.062120783465765564
2022-02-19T06:00:00.0;0.06336783551778334
2022-02-19T07:00:00.0;0.0649735584757793
2022-02-19T08:00:00.0;0.0635737638108304
2022-02-19T09:00:00.0;0.05938175977415291
2022-02-19T10:00:00.0;0.05514948219811349
2022-02-19T11:00:00.0;0.05312707976693084
2022-02-19T12:00:00.0;0.052114815879975816
2022-02-19T13:00:00.0;0.052680624927703874
2022-02-19T14:00:00.0;0.05586199860415301
2022-02-19T15:00:00.0;0.06232820304179409
2022-02-19T16:00:00.0;0.07109962395760341
2022-02-19T17:00:00.0;0.07908838171307093
2022-02-19T18:00:00.0;0.0836505936072475
2022-02-19T19:00:00.0;0.08491515611035247
2022-02-19T20:00:00.0;0.08436777571212815
2022-02-19T21:00:00.0;0.08391114466991562
2022-02-19T22:00:00.0;0.08090882944334084
2022-02-19T23:00:00.0;0.07793016384588067
2022-02-20T00:00:00.0;0.07878515529733023
2022-02-20T01:00:00.0;0.07518042196231042
2022-02-20T02:00:00.0;0.07203631906516901
2022-02-20T03:00:00.0;0.0690956331008107
2022-02-20T04:00:00.0;0.06662646133081283
2022-02-20T05:00:00.0;0.0656617234232002
2022-02-20T06:00:00.0;0.06761488845013254
2022-02-20T07:00:00.0;0.07049823829767798
2022-02-20T08:00:00.0;0.07055333681533077
2022-02-20T09:00:00.0;0.06743231976040417
2022-02-20T10:00:00.0;0.06352336081234534
2022-02-20T11:00:00.0;0.061379278530374524
2022-02-20T12:00:00.0;0.060230023135044254
2022-02-20T13:00:00.0;0.060275207775950815
2022-02-20T14:00:00.0;0.06230286226396989
2022-02-20T15:00:00.0;0.06742747691272281
2022-02-20T16:00:00.0;0.07473048449276153
2022-02-20T17:00:00.0;0.08330941592925949
2022-02-20T18:00:00.0;0.08781843231850117
2022-02-20T19:00:00.0;0.08922561717220115
2022-02-20T20:00:00.0;0.0887544414047967
2022-02-20T21:00:00.0;0.08774891232376948
2022-02-20T22:00:00.0;0.08466198009720563
2022-02-20T23:00:00.0;0.08145636574504472
2022-02-21T00:00:00.0;0.08132108897113148
2022-02-21T01:00:00.0;0.07766703699420982
2022-02-21T02:00:00.0;0.07454109560826278
2022-02-21T03:00:00.0;0.07166038127818947
2022-02-21T04:00:00.0;0.06947041949914906
2022-02-21T05:00:00.0;0.06931036080223811
2022-02-21T06:00:00.0;0.07185973921906078
2022-02-21T07:00:00.0;0.07527714555189444
2022-02-21T08:00:00.0;0.0758680813038305
2022-02-21T09:00:00.0;0.07316370213524001
2022-02-21T10:00:00.0;0.06933339969486094
2022-02-21T11:00:00.0;0.06700827472115495
2022-02-21T12:00:00.0;0.06577582299820539
2022-02-21T13:00:00.0;0.06533034389756139
2022-02-21T14:00:00.0;0.06630151362811308
2022-02-21T15:00:00.0;0.07013830364901427
2022-02-21T16:00:00.0;0.07615788016920821
2022-02-21T17:00:00.0;0.08522331176776728
2022-02-21T18:00:00.0;0.08991497881629526
2022-02-21T19:00:00.0;0.09236097644177817
2022-02-21T20:00:00.0;0.09257809668533476
2022-02-21T21:00:00.0;0.09089273343324852
2022-02-21T22:00:00.0;0.08778882639611962
2022-02-21T23:00:00.0;0.08424076465508806
2022-02-22T00:00:00.0;0.08163065085923957
2022-02-22T01:00:00.0;0.07802746716762814
2022-02-22T02:00:00.0;0.07487095889488363
2022-02-22T03:00:00.0;0.07187240409124727
2022-02-22T04:00:00.0;0.06948012230747264
2022-02-22T05:00:00.0;0.06843890096215288
2022-02-22T06:00:00.0;0.07082607463798012
2022-02-22T07:00:00.0;0.07395445833302546
2022-02-22T08:00:00.0;0.07446288810654147
2022-02-22T09:00:00.0;0.07211881764490842
2022-02-22T10:00:00.0;0.06846140773791984
2022-02-22T11:00:00.0;0.06622485189779032
2022-02-22T12:00:00.0;0.06518751851092229
2022-02-22T13:00:00.0;0.0652135699629997
2022-02-22T14:00:00.0;0.06637380903853399
2022-02-22T15:00:00.0;0.07020059426845686
2022-02-22T16:00:00.0;0.07598452186026805
2022-02-22T17:00:00.0;0.08483857158546203
2022-02-22T18:00:00.0;0.08981747856841943
2022-02-22T19:00:00.0;0.0923180108557062
2022-02-22T20:00:00.0;0.09287741605823144
2022-02-22T21:00:00.0;0.0916146250899037
2022-02-22T22:00:00.0;0.08844114786673221
2022-02-22T23:00:00.0;0.08462649106049215
2022-02-23T00:00:00.0;0.077932049878008
2022-02-23T01:00:00.0;0.07445181790899442
2022-02-23T02:00:00.0;0.07144444792138056
2022-02-23T03:00:00.0;0.0685240645600957
2022-02-23T04:00:00.0;0.06637619249414221
2022-02-23T05:00:00.0;0.0656419009853522
2022-02-23T06:00:00.0;0.06719062872531674
2022-02-23T07:00:00.0;0.06790708484344132
2022-02-23T08:00:00.0;0.06575732542472405
2022-02-23T09:00:00.0;0.06181119395782353
2022-02-23T10:00:00.0;0.057618022659842276
2022-02-23T11:00:00.0;0.05512704399217795
2022-02-23T12:00:00.0;0.054479739179957805
2022-02-23T13:00:00.0;0.05526935260820596
2022-02-23T14:00:00.0;0.0576893872256257
2022-02-23T15:00:00.0;0.06242837987398272
2022-02-23T16:00:00.0;0.0694262947413783
2022-02-23T17:00:00.0;0.07794098113976017
2022-02-23T18:00:00.0;0.08303220735384012
2022-02-23T19:00:00.0;0.08702080449892496
2022-02-23T20:00:00.0;0.08882744755721979
2022-02-23T21:00:00.0;0.08774000747720843
2022-02-23T22:00:00.0;0.08494494310582199
2022-02-23T23:00:00.0;0.08102210282303603
2022-02-24T00:00:00.0;0.07964867165583735
2022-02-24T01:00:00.0;0.07605747694008166
2022-02-24T02:00:00.0;0.07296545314277654
2022-02-24T03:00:00.0;0.07008872046607614
2022-02-24T04:00:00.0;0.06786140661870332
2022-02-24T05:00:00.0;0.0675515625851876
2022-02-24T06:00:00.0;0.0697347968325666
2022-02-24T07:00:00.0;0.07242579355993378
2022-02-24T08:00:00.0;0.07218104738741253
2022-02-24T09:00:00.0;0.06886410380233478
2022-02-24T10:00:00.0;0.06484334613213921
2022-02-24T11:00:00.0;0.0625721288196771
2022-02-24T12:00:00.0;0.06141452232571229
2022-02-24T13:00:00.0;0.061233012803155434
2022-02-24T14:00:00.0;0.06279276571932718
2022-02-24T15:00:00.0;0.06730702489802566
2022-02-24T16:00:00.0;0.07408291347147747
2022-02-24T17:00:00.0;0.08284093269134445
2022-02-24T18:00:00.0;0.08758688535322674
2022-02-24T19:00:00.0;0.09006668877591831
2022-02-24T20:00:00.0;0.09031750659254202
2022-02-24T21:00:00.0;0.08889137837399279
2022-02-24T22:00:00.0;0.0858377397965632
2022-02-24T23:00:00.0;0.08238966208228228
2022-02-25T00:00:00.0;0.0761287996201531
2022-02-25T01:00:00.0;0.07269826021059068
2022-02-25T02:00:00.0;0.0697205353384411
2022-02-25T03:00:00.0;0.0668928873742768
2022-02-25T04:00:00.0;0.06472420960555891
2022-02-25T05:00:00.0;0.06445526907708016
2022-02-25T06:00:00.0;0.06589318808621464
2022-02-25T07:00:00.0;0.06670543841607884
2022-02-25T08:00:00.0;0.0642508879361559
2022-02-25T09:00:00.0;0.05932884770951519
2022-02-25T10:00:00.0;0.05477766534701051
2022-02-25T11:00:00.0;0.05255867122588532
2022-02-25T12:00:00.0;0.05157726921465505
2022-02-25T13:00:00.0;0.051895581375186677
2022-02-25T14:00:00.0;0.054592971931936005
2022-02-25T15:00:00.0;0.0603723999457251
2022-02-25T16:00:00.0;0.06865582608914546
2022-02-25T17:00:00.0;0.07677940268841664
2022-02-25T18:00:00.0;0.08180299974815021
2022-02-25T19:00:00.0;0.0850261492322354
2022-02-25T20:00:00.0;0.08580383717286
2022-02-25T21:00:00.0;0.0847464866205208
2022-02-25T22:00:00.0;0.08183518195867343
2022-02-25T23:00:00.0;0.07847985558428187
2022-02-26T00:00:00.0;0.07481436233447139
2022-02-26T01:00:00.0;0.07150213764959389
2022-02-26T02:00:00.0;0.06855699993947058
2022-02-26T03:00:00.0;0.06476853650176682
2022-02-26T04:00:00.0;0.06331470237873797
2022-02-26T05:00:00.0;0.06241722355469112
2022-02-26T06:00:00.0;0.0648496704602055
2022-02-26T07:00:00.0;0.0633232895775312
2022-02-26T08:00:00.0;0.05743258323942493
2022-02-26T09:00:00.0;0.05229460117739238
2022-02-26T10:00:00.0;0.04800395947513312
2022-02-26T11:00:00.0;0.04640268274621392
2022-02-26T12:00:00.0;0.04729833928288951
2022-02-26T13:00:00.0;0.050093691918359134
2022-02-26T14:00:00.0;0.054327028109484005
2022-02-26T15:00:00.0;0.05898856574667546
2022-02-26T16:00:00.0;0.06759549609524144
2022-02-26T17:00:00.0;0.07520055540135936
2022-02-26T18:00:00.0;0.08127195987140386
2022-02-26T19:00:00.0;0.08482091455274915
2022-02-26T20:00:00.0;0.08567245762634901
2022-02-26T21:00:00.0;0.08419932984878516
2022-02-26T22:00:00.0;0.08126386387166358
2022-02-26T23:00:00.0;0.07727517897056267
2022-02-27T00:00:00.0;0.07437856202381947
2022-02-27T01:00:00.0;0.07099013125294834
2022-02-27T02:00:00.0;0.06805514517776898
2022-02-27T03:00:00.0;0.06512265914033023
2022-02-27T04:00:00.0;0.06294957211470528
2022-02-27T05:00:00.0;0.061769918527442604
2022-02-27T06:00:00.0;0.06242968373286541
2022-02-27T07:00:00.0;0.06128655745744469
2022-02-27T08:00:00.0;0.05722508459365659
2022-02-27T09:00:00.0;0.05225858022530861
2022-02-27T10:00:00.0;0.04777201935424765
2022-02-27T11:00:00.0;0.04516710545229671
2022-02-27T12:00:00.0;0.044899066648175105
2022-02-27T13:00:00.0;0.04660214894097319
2022-02-27T14:00:00.0;0.050443054118210644
2022-02-27T15:00:00.0;0.0563472646182603
2022-02-27T16:00:00.0;0.06463863406527322
2022-02-27T17:00:00.0;0.07273223196817517
2022-02-27T18:00:00.0;0.0777613666052875
2022-02-27T19:00:00.0;0.0821480756287613
2022-02-27T20:00:00.0;0.0845060979221632
2022-02-27T21:00:00.0;0.08396352646090252
2022-02-27T22:00:00.0;0.08145124513749051
2022-02-27T23:00:00.0;0.07755936409534825
2022-02-28T00:00:00.0;0.07398947832116724
2022-02-28T01:00:00.0;0.0705759062952312
2022-02-28T02:00:00.0;0.06773176970783344
2022-02-28T03:00:00.0;0.06475543539260495
2022-02-28T04:00:00.0;0.06327452660262751
2022-02-28T05:00:00.0;0.06394629586237897
2022-02-28T06:00:00.0;0.06544448633559943
2022-02-28T07:00:00.0;0.06425037347579332
2022-02-28T08:00:00.0;0.059243463476377045
2022-02-28T09:00:00.0;0.053309241773507356
2022-02-28T10:00:00.0;0.04847226822767843
2022-02-28T11:00:00.0;0.04598287373748877
2022-02-28T12:00:00.0;0.04579986210564692
2022-02-28T13:00:00.0;0.047055580136717574
2022-02-28T14:00:00.0;0.05063136018598968
2022-02-28T15:00:00.0;0.05600114315371691
2022-02-28T16:00:00.0;0.06469278521440781
2022-02-28T17:00:00.0;0.07297211570202997
2022-02-28T18:00:00.0;0.07805099969638664
2022-02-28T19:00:00.0;0.0827921472423973
2022-02-28T20:00:00.0;0.08461103751836935
2022-02-28T21:00:00.0;0.08292488688202833
2022-02-28T22:00:00.0;0.08042820381681969
2022-02-28T23:00:00.0;0.07680459703379451
2022-03-01T00:00:00.0;0.07575954082389517
2022-03-01T01:00:00.0;0.07223680133499866
2022-03-01T02:00:00.0;0.06931036334523841
2022-03-01T03:00:00.0;0.06560564413028926
2022-03-01T04:00:00.0;0.06387823944122074
2022-03-01T05:00:00.0;0.06254998084536185
2022-03-01T06:00:00.0;0.06401480829093342
2022-03-01T07:00:00.0;0.06200005726333677
2022-03-01T08:00:00.0;0.05667805060884773
2022-03-01T09:00:00.0;0.05256570441481867
2022-03-01T10:00:00.0;0.04912374823598569
2022-03-01T11:00:00.0;0.04768656039172196
2022-03-01T12:00:00.0;0.048906607598354565
2022-03-01T13:00:00.0;0.0514226837448252
2022-03-01T14:00:00.0;0.055032570456241985
2022-03-01T15:00:00.0;0.059102363431489176
2022-03-01T16:00:00.0;0.06711166126844742
2022-03-01T17:00:00.0;0.0741468998426252
2022-03-01T18:00:00.0;0.08042470939344645
2022-03-01T19:00:00.0;0.08418905122028567
2022-03-01T20:00:00.0;0.08532990896944627
2022-03-01T21:00:00.0;0.08408534782585965
2022-03-01T22:00:00.0;0.08186540021270783
2022-03-01T23:00:00.0;0.07775219268550396
2022-03-02T00:00:00.0;0.07463744845657613
2022-03-02T01:00:00.0;0.07136888836013791
2022-03-02T02:00:00.0;0.06844443039387828
2022-03-02T03:00:00.0;0.06452664877155165
2022-03-02T04:00:00.0;0.06324321311428946
2022-03-02T05:00:00.0;0.0625787443973644
2022-03-02T06:00:00.0;0.06532554521697058
2022-03-02T07:00:00.0;0.06358541829531333
2022-03-02T08:00:00.0;0.057106483717831974
2022-03-02T09:00:00.0;0.051635599783416454
2022-03-02T10:00:00.0;0.047265884472760956
2022-03-02T11:00:00.0;0.04589085395643682
2022-03-02T12:00:00.0;0.04694849073885124
2022-03-02T13:00:00.0;0.04984560420418306
2022-03-02T14:00:00.0;0.05414386922850372
2022-03-02T15:00:00.0;0.05869280606570684
2022-03-02T16:00:00.0;0.06752999969877979
2022-03-02T17:00:00.0;0.07494981917911937
2022-03-02T18:00:00.0;0.08132007113040762
2022-03-02T19:00:00.0;0.08488941945622662
2022-03-02T20:00:00.0;0.08550401248265062
2022-03-02T21:00:00.0;0.08381825449689866
2022-03-02T22:00:00.0;0.08078146111365854
2022-03-02T23:00:00.0;0.0768038668860702
2022-03-03T00:00:00.0;0.07515755697788688
2022-03-03T01:00:00.0;0.07193693806876211
2022-03-03T02:00:00.0;0.06903620971408574
2022-03-03T03:00:00.0;0.06605638664513816
2022-03-03T04:00:00.0;0.06408871724185887
2022-03-03T05:00:00.0;0.06277903875347329
2022-03-03T06:00:00.0;0.06310389841911422
2022-03-03T07:00:00.0;0.06143043640769692
2022-03-03T08:00:00.0;0.057239902210031425
2022-03-03T09:00:00.0;0.052901956096080484
2022-03-03T10:00:00.0;0.05006130859164827
2022-03-03T11:00:00.0;0.04791590063399859
2022-03-03T12:00:00.0;0.048153948815468646
2022-03-03T13:00:00.0;0.04971387131410395
2022-03-03T14:00:00.0;0.05384987635669455
2022-03-03T15:00:00.0;0.058325708103655095
2022-03-03T16:00:00.0;0.06537971470821993
2022-03-03T17:00:00.0;0.07248761617108522
2022-03-03T18:00:00.0;0.07866954595897455
2022-03-03T19:00:00.0;0.08350712404765298
2022-03-03T20:00:00.0;0.08611691490007901
2022-03-03T21:00:00.0;0.08553233363637426
2022-03-03T22:00:00.0;0.08313952282104264
2022-03-03T23:00:00.0;0.07919072664682107
2022-03-04T00:00:00.0;0.07507569168130657
2022-03-04T01:00:00.0;0.07186560028968916
2022-03-04T02:00:00.0;0.06897044375232318
2022-03-04T03:00:00.0;0.06591616308847903
2022-03-04T04:00:00.0;0.06403062387272943
2022-03-04T05:00:00.0;0.06282835283708278
2022-03-04T06:00:00.0;0.06334278416628818
2022-03-04T07:00:00.0;0.06160694373091391
2022-03-04T08:00:00.0;0.057153858480387065
2022-03-04T09:00:00.0;0.05267191391447721
2022-03-04T10:00:00.0;0.04975547234521751
2022-03-04T11:00:00.0;0.047708974677161224
2022-03-04T12:00:00.0;0.04802837296290966
2022-03-04T13:00:00.0;0.04966462003916862
2022-03-04T14:00:00.0;0.05382907234422847
2022-03-04T15:00:00.0;0.05826849732364339
2022-03-04T16:00:00.0;0.06546191796327208
2022-03-04T17:00:00.0;0.07252565429307381
2022-03-04T18:00:00.0;0.07880151832400097
2022-03-04T19:00:00.0;0.08358750133089167
2022-03-04T20:00:00.0;0.08603655082923087
2022-03-04T21:00:00.0;0.08533839664379197
2022-03-04T22:00:00.0;0.08289276749289876
2022-03-04T23:00:00.0;0.07895295236044553
2022-03-05T00:00:00.0;0.07511554491083942
2022-03-05T01:00:00.0;0.07189859534084755
2022-03-05T02:00:00.0;0.06899289595892066
2022-03-05T03:00:00.0;0.06579498222446643
2022-03-05T04:00:00.0;0.06394516886896709
2022-03-05T05:00:00.0;0.06267093005411832
2022-03-05T06:00:00.0;0.06352315492823725
2022-03-05T07:00:00.0;0.061761109300168635
2022-03-05T08:00:00.0;0.05699071159402596
2022-03-05T09:00:00.0;0.05237554016116545
2022-03-05T10:00:00.0;0.049134805811513846
2022-03-05T11:00:00.0;0.04716718846406049
2022-03-05T12:00:00.0;0.04758609892917759
2022-03-05T13:00:00.0;0.04949778020848977
2022-03-05T14:00:00.0;0.05364839426848613
2022-03-05T15:00:00.0;0.058180204702793475
2022-03-05T16:00:00.0;0.0656203047847312
2022-03-05T17:00:00.0;0.07277348988533504
2022-03-05T18:00:00.0;0.07906731377851155
2022-03-05T19:00:00.0;0.083735940473463
2022-03-05T20:00:00.0;0.08603045334700582
2022-03-05T21:00:00.0;0.08526353967364418
2022-03-05T22:00:00.0;0.08269779172466266
2022-03-05T23:00:00.0;0.07867431126073537
2022-03-06T00:00:00.0;0.07500105717144717
2022-03-06T01:00:00.0;0.07133425440843355
2022-03-06T02:00:00.0;0.06851924049959908
2022-03-06T03:00:00.0;0.06583154995790735
2022-03-06T04:00:00.0;0.06381665026478785
2022-03-06T05:00:00.0;0.06378918920165791
2022-03-06T06:00:00.0;0.06364277080965984
2022-03-06T07:00:00.0;0.06182030153261644
2022-03-06T08:00:00.0;0.057815079744523525
2022-03-06T09:00:00.0;0.05311929278231089
2022-03-06T10:00:00.0;0.04927168296343352
2022-03-06T11:00:00.0;0.04680744749136954
2022-03-06T12:00:00.0;0.046767793044950365
2022-03-06T13:00:00.0;0.047463211364485725
2022-03-06T14:00:00.0;0.05020621869034588
2022-03-06T15:00:00.0;0.055195339734193896
2022-03-06T16:00:00.0;0.06312379520010593
2022-03-06T17:00:00.0;0.07070462185037218
2022-03-06T18:00:00.0;0.07591714618674204
2022-03-06T19:00:00.0;0.08118151579388695
2022-03-06T20:00:00.0;0.08376180296384389
2022-03-06T21:00:00.0;0.08264535286662082
2022-03-06T22:00:00.0;0.0811013519854502
2022-03-06T23:00:00.0;0.07731497459617141
2022-03-07T00:00:00.0;0.07491337144638154
2022-03-07T01:00:00.0;0.07175857629988007
2022-03-07T02:00:00.0;0.06890153399788171
2022-03-07T03:00:00.0;0.06570856092054603
2022-03-07T04:00:00.0;0.06418239485470534
2022-03-07T05:00:00.0;0.06371409602259653
2022-03-07T06:00:00.0;0.06473924736846993
2022-03-07T07:00:00.0;0.06295106004863799
2022-03-07T08:00:00.0;0.05788929387913852
2022-03-07T09:00:00.0;0.05296406723983988
2022-03-07T10:00:00.0;0.0502013265325812
2022-03-07T11:00:00.0;0.04855226240820376
2022-03-07T12:00:00.0;0.04906190648097228
2022-03-07T13:00:00.0;0.0505124129241143
2022-03-07T14:00:00.0;0.05469408637531846
2022-03-07T15:00:00.0;0.05872025314830243
2022-03-07T16:00:00.0;0.06613786151373222
2022-03-07T17:00:00.0;0.07286674599841558
2022-03-07T18:00:00.0;0.07958714218858387
2022-03-07T19:00:00.0;0.08421421660450491
2022-03-07T20:00:00.0;0.08598330725354589
2022-03-07T21:00:00.0;0.08476026516216835
2022-03-07T22:00:00.0;0.08220390992767046
2022-03-07T23:00:00.0;0.07846993819532108
2022-03-08T00:00:00.0;0.07615338579043508
2022-03-08T01:00:00.0;0.07282281727415979
2022-03-08T02:00:00.0;0.06995941477891843
2022-03-08T03:00:00.0;0.06728785058204592
2022-03-08T04:00:00.0;0.06547256581139707
2022-03-08T05:00:00.0;0.06576315464342611
2022-03-08T06:00:00.0;0.06672054195137335
2022-03-08T07:00:00.0;0.06621620278115666
2022-03-08T08:00:00.0;0.06274280068684349
2022-03-08T09:00:00.0;0.057630994601095206
2022-03-08T10:00:00.0;0.053660319059457444
2022-03-08T11:00:00.0;0.05121439155515387
2022-03-08T12:00:00.0;0.05057621518129254
2022-03-08T13:00:00.0;0.050903249875061014
2022-03-08T14:00:00.0;0.0537308879169732
2022-03-08T15:00:00.0;0.05849317896903948
2022-03-08T16:00:00.0;0.06581523825263212
2022-03-08T17:00:00.0;0.07371367977459019
2022-03-08T18:00:00.0;0.07933743020139461
2022-03-08T19:00:00.0;0.08455712279856627
2022-03-08T20:00:00.0;0.08698942358963088
2022-03-08T21:00:00.0;0.08566782920784222
2022-03-08T22:00:00.0;0.08311648595973165
2022-03-08T23:00:00.0;0.07937794891597477
2022-03-09T00:00:00.0;0.07486226663807861
2022-03-09T01:00:00.0;0.07169587330757925
2022-03-09T02:00:00.0;0.06886541777736273
2022-03-09T03:00:00.0;0.066281168671682
2022-03-09T04:00:00.0;0.06434064883816443
2022-03-09T05:00:00.0;0.06367276079097992
2022-03-09T06:00:00.0;0.06329599596736922
2022-03-09T07:00:00.0;0.06147174028707401
2022-03-09T08:00:00.0;0.05757001109561179
2022-03-09T09:00:00.0;0.05297418080032921
2022-03-09T10:00:00.0;0.05056089363588065
2022-03-09T11:00:00.0;0.04824221199208949
2022-03-09T12:00:00.0;0.048123978454936565
2022-03-09T13:00:00.0;0.04882501446619092
2022-03-09T14:00:00.0;0.0528235378379699
2022-03-09T15:00:00.0;0.05720174928149493
2022-03-09T16:00:00.0;0.06390258521940585
2022-03-09T17:00:00.0;0.07076653900164258
2022-03-09T18:00:00.0;0.0770615529074179
2022-03-09T19:00:00.0;0.08267471150080037
2022-03-09T20:00:00.0;0.08585044432563567
2022-03-09T21:00:00.0;0.08524466016573372
2022-03-09T22:00:00.0;0.08308601009286208
2022-03-09T23:00:00.0;0.07932354163148025
2022-03-10T00:00:00.0;0.07621092848949305
2022-03-10T01:00:00.0;0.07302690067987236
2022-03-10T02:00:00.0;0.07011629276552171
2022-03-10T03:00:00.0;0.0673153903303124
2022-03-10T04:00:00.0;0.06509577937908473
2022-03-10T05:00:00.0;0.06346365900736921
2022-03-10T06:00:00.0;0.0634608382567792
2022-03-10T07:00:00.0;0.06205280562440962
2022-03-10T08:00:00.0;0.05857175264541613
2022-03-10T09:00:00.0;0.054544958949447525
2022-03-10T10:00:00.0;0.05185837231732983
2022-03-10T11:00:00.0;0.04962684263537984
2022-03-10T12:00:00.0;0.04955362058254496
2022-03-10T13:00:00.0;0.05072818476387954
2022-03-10T14:00:00.0;0.05442826370551265
2022-03-10T15:00:00.0;0.0588408075056502
2022-03-10T16:00:00.0;0.06530295116243616
2022-03-10T17:00:00.0;0.07234089209727175
2022-03-10T18:00:00.0;0.07870757584436325
2022-03-10T19:00:00.0;0.08398489417981367
2022-03-10T20:00:00.0;0.08717269664543835
2022-03-10T21:00:00.0;0.08688644148955514
2022-03-10T22:00:00.0;0.08444809315365033
2022-03-10T23:00:00.0;0.08033880652926931
2022-03-11T00:00:00.0;0.07707788405997529
2022-03-11T01:00:00.0;0.07365625259860333
2022-03-11T02:00:00.0;0.07072673102795636
2022-03-11T03:00:00.0;0.06796080239392399
2022-03-11T04:00:00.0;0.06602904800664233
2022-03-11T05:00:00.0;0.0664049011754483
2022-03-11T06:00:00.0;0.06809036131187665
2022-03-11T07:00:00.0;0.06876487684124048
2022-03-11T08:00:00.0;0.06607573226457923
2022-03-11T09:00:00.0;0.061004860984913194
2022-03-11T10:00:00.0;0.056358087556421306
2022-03-11T11:00:00.0;0.05401225445097881
2022-03-11T12:00:00.0;0.05301774019764193
2022-03-11T13:00:00.0;0.0530986327760291
2022-03-11T14:00:00.0;0.05530305142817893
2022-03-11T15:00:00.0;0.06044547572631702
2022-03-11T16:00:00.0;0.06816728849715933
2022-03-11T17:00:00.0;0.07648505514738338
2022-03-11T18:00:00.0;0.08173466146589346
2022-03-11T19:00:00.0;0.08599517254162388
2022-03-11T20:00:00.0;0.08747038849742039
2022-03-11T21:00:00.0;0.08598799474057081
2022-03-11T22:00:00.0;0.08310558946854679
2022-03-11T23:00:00.0;0.07950855373557729
2022-03-12T00:00:00.0;0.07290667859360915
2022-03-12T01:00:00.0;0.06963012111833441
2022-03-12T02:00:00.0;0.06676749192415825
2022-03-12T03:00:00.0;0.063994703226708
2022-03-12T04:00:00.0;0.06191317263796523
2022-03-12T05:00:00.0;0.06176853048589834
2022-03-12T06:00:00.0;0.06253035007414375
2022-03-12T07:00:00.0;0.061537449262301855
2022-03-12T08:00:00.0;0.056950044697745804
2022-03-12T09:00:00.0;0.05048165705938614
2022-03-12T10:00:00.0;0.04541331832648484
2022-03-12T11:00:00.0;0.04322719650842177
2022-03-12T12:00:00.0;0.04241164925740355
2022-03-12T13:00:00.0;0.04317390789863278
2022-03-12T14:00:00.0;0.04688803885216855
2022-03-12T15:00:00.0;0.0537864294228396
2022-03-12T16:00:00.0;0.06342932389619739
2022-03-12T17:00:00.0;0.07097518840911622
2022-03-12T18:00:00.0;0.07629279003112201
2022-03-12T19:00:00.0;0.08036033420494018
2022-03-12T20:00:00.0;0.08173151620352645
2022-03-12T21:00:00.0;0.08096862553360566
2022-03-12T22:00:00.0;0.07819652459605254
2022-03-12T23:00:00.0;0.07489740454142552
2022-03-13T00:00:00.0;0.07266287162566712
2022-03-13T01:00:00.0;0.06939795484016102
2022-03-13T02:00:00.0;0.06654401850562659
2022-03-13T03:00:00.0;0.06377536560864638
2022-03-13T04:00:00.0;0.06170037785177034
2022-03-13T05:00:00.0;0.06156500781803166
2022-03-13T06:00:00.0;0.06227565980237486
2022-03-13T07:00:00.0;0.06114630010895155
2022-03-13T08:00:00.0;0.05639767827209423
2022-03-13T09:00:00.0;0.049812401827819874
2022-03-13T10:00:00.0;0.04470498006001433
2022-03-13T11:00:00.0;0.04252136846505124
2022-03-13T12:00:00.0;0.04171836389888462
2022-03-13T13:00:00.0;0.042514235300052015
2022-03-13T14:00:00.0;0.04630533734989953
2022-03-13T15:00:00.0;0.05328845607655579
2022-03-13T16:00:00.0;0.0630342483943066
2022-03-13T17:00:00.0;0.07053639470021242
2022-03-13T18:00:00.0;0.07587618157941586
2022-03-13T19:00:00.0;0.08000736698889664
2022-03-13T20:00:00.0;0.08142328625030738
2022-03-13T21:00:00.0;0.08068274245225134
2022-03-13T22:00:00.0;0.07792116093234468
2022-03-13T23:00:00.0;0.07462633780484432
2022-03-14T00:00:00.0;0.07546089799916275
2022-03-14T01:00:00.0;0.07212967860746049
2022-03-14T02:00:00.0;0.06921130154551579
2022-03-14T03:00:00.0;0.06558106012939487
2022-03-14T04:00:00.0;0.0636756334585714
2022-03-14T05:00:00.0;0.06189873621298465
2022-03-14T06:00:00.0;0.06324637061926774
2022-03-14T07:00:00.0;0.06096384995139507
2022-03-14T08:00:00.0;0.055254849385260256
2022-03-14T09:00:00.0;0.05058462197236442
2022-03-14T10:00:00.0;0.04672558640610126
2022-03-14T11:00:00.0;0.045216816877809776
2022-03-14T12:00:00.0;0.04614822377515514
2022-03-14T13:00:00.0;0.04879194414437104
2022-03-14T14:00:00.0;0.05261523837032773
2022-03-14T15:00:00.0;0.057281768878715764
2022-03-14T16:00:00.0;0.0654143277820278
2022-03-14T17:00:00.0;0.0723496009721655
2022-03-14T18:00:00.0;0.07895361831955035
2022-03-14T19:00:00.0;0.08334051017545555
2022-03-14T20:00:00.0;0.08521023376802382
2022-03-14T21:00:00.0;0.08440622547445714
2022-03-14T22:00:00.0;0.08183086758071362
2022-03-14T23:00:00.0;0.07750444885743606
2022-03-15T00:00:00.0;0.07567266877956809
2022-03-15T01:00:00.0;0.07235825106944595
2022-03-15T02:00:00.0;0.06945330019484042
2022-03-15T03:00:00.0;0.06580322724305455
2022-03-15T04:00:00.0;0.0640139259369577
2022-03-15T05:00:00.0;0.062429875360166746
2022-03-15T06:00:00.0;0.06387832394653874
2022-03-15T07:00:00.0;0.061530778945058616
2022-03-15T08:00:00.0;0.05570041729895392
2022-03-15T09:00:00.0;0.051035321527593956
2022-03-15T10:00:00.0;0.047325559217861655
2022-03-15T11:00:00.0;0.04586486251931031
2022-03-15T12:00:00.0;0.04688132974085909
2022-03-15T13:00:00.0;0.04948473933999173
2022-03-15T14:00:00.0;0.05327225354129085
2022-03-15T15:00:00.0;0.05762705942260439
2022-03-15T16:00:00.0;0.06556647440936124
2022-03-15T17:00:00.0;0.07244894110802054
2022-03-15T18:00:00.0;0.07921001488367072
2022-03-15T19:00:00.0;0.08377359288888821
2022-03-15T20:00:00.0;0.08569478434578322
2022-03-15T21:00:00.0;0.08473191632836755
2022-03-15T22:00:00.0;0.08216403648885662
2022-03-15T23:00:00.0;0.07781290102507799
2022-03-16T00:00:00.0;0.07829399884841363
2022-03-16T01:00:00.0;0.07507114995707583
2022-03-16T02:00:00.0;0.07208841015044283
2022-03-16T03:00:00.0;0.06908786232325291
2022-03-16T04:00:00.0;0.06668582510494789
2022-03-16T05:00:00.0;0.06468531350611471
2022-03-16T06:00:00.0;0.065573722324719
2022-03-16T07:00:00.0;0.06510380153631883
2022-03-16T08:00:00.0;0.06219773286844701
2022-03-16T09:00:00.0;0.058411930227224275
2022-03-16T10:00:00.0;0.054960641749539074
2022-03-16T11:00:00.0;0.05286129736790825
2022-03-16T12:00:00.0;0.05255706742409248
2022-03-16T13:00:00.0;0.05378806811685442
2022-03-16T14:00:00.0;0.05658123592397616
2022-03-16T15:00:00.0;0.06102242603976744
2022-03-16T16:00:00.0;0.0673567780723395
2022-03-16T17:00:00.0;0.07479637515661773
2022-03-16T18:00:00.0;0.08122486617962647
2022-03-16T19:00:00.0;0.08623852016468395
2022-03-16T20:00:00.0;0.08920080711922508
2022-03-16T21:00:00.0;0.08887038482310933
2022-03-16T22:00:00.0;0.08596385852011605
2022-03-16T23:00:00.0;0.0815410255469842
2022-03-17T00:00:00.0;0.071333146880622
2022-03-17T01:00:00.0;0.06819493879578879
2022-03-17T02:00:00.0;0.06536657335835153
2022-03-17T03:00:00.0;0.06263217824286624
2022-03-17T04:00:00.0;0.060431607682257506
2022-03-17T05:00:00.0;0.059680408418831044
2022-03-17T06:00:00.0;0.059595299002228146
2022-03-17T07:00:00.0;0.057579839363789825
2022-03-17T08:00:00.0;0.05230078452702093
2022-03-17T09:00:00.0;0.04565956203464477
2022-03-17T10:00:00.0;0.04121369315894091
2022-03-17T11:00:00.0;0.03920329276790218
2022-03-17T12:00:00.0;0.03863891209264116
2022-03-17T13:00:00.0;0.03968182214070154
2022-03-17T14:00:00.0;0.044275115500228855
2022-03-17T15:00:00.0;0.05146593926623896
2022-03-17T16:00:00.0;0.06132052370458883
2022-03-17T17:00:00.0;0.06808130034703183
2022-03-17T18:00:00.0;0.07385985742928466
2022-03-17T19:00:00.0;0.07807553679633374
2022-03-17T20:00:00.0;0.07974028384319443
2022-03-17T21:00:00.0;0.07952451274660141
2022-03-17T22:00:00.0;0.0769085732943949
2022-03-17T23:00:00.0;0.07367505137466789
2022-03-18T00:00:00.0;0.07607219676873486
2022-03-18T01:00:00.0;0.07288570611113408
2022-03-18T02:00:00.0;0.0699376836297502
2022-03-18T03:00:00.0;0.06682985554775887
2022-03-18T04:00:00.0;0.06439706649702073
2022-03-18T05:00:00.0;0.061762384374626014
2022-03-18T06:00:00.0;0.06210963664888567
2022-03-18T07:00:00.0;0.060136937163569756
2022-03-18T08:00:00.0;0.055731023273507575
2022-03-18T09:00:00.0;0.05146834967756016
2022-03-18T10:00:00.0;0.04771345619802755
2022-03-18T11:00:00.0;0.04541272014347223
2022-03-18T12:00:00.0;0.045567102273014776
2022-03-18T13:00:00.0;0.0478776018087985
2022-03-18T14:00:00.0;0.05172282446677375
2022-03-18T15:00:00.0;0.056841237874677014
2022-03-18T16:00:00.0;0.06389287693106455
2022-03-18T17:00:00.0;0.07124854999982833
2022-03-18T18:00:00.0;0.07755697684474856
2022-03-18T19:00:00.0;0.08304558229507517
2022-03-18T20:00:00.0;0.08675226060450533
2022-03-18T21:00:00.0;0.0868607186525947
2022-03-18T22:00:00.0;0.08417989245424058
2022-03-18T23:00:00.0;0.07953388504847841
2022-03-19T00:00:00.0;0.0735158840313401
2022-03-19T01:00:00.0;0.07023250027754895
2022-03-19T02:00:00.0;0.06743955475908919
2022-03-19T03:00:00.0;0.06475172861390702
2022-03-19T04:00:00.0;0.0630011325128503
2022-03-19T05:00:00.0;0.06367071132348912
2022-03-19T06:00:00.0;0.06460093801875012
2022-03-19T07:00:00.0;0.06316892408183686
2022-03-19T08:00:00.0;0.05805653211034099
2022-03-19T09:00:00.0;0.05134118980363886
2022-03-19T10:00:00.0;0.046139722964348
2022-03-19T11:00:00.0;0.043684766203054406
2022-03-19T12:00:00.0;0.04294698312329084
2022-03-19T13:00:00.0;0.043589381858876626
2022-03-19T14:00:00.0;0.04693510542821512
2022-03-19T15:00:00.0;0.05313210139329863
2022-03-19T16:00:00.0;0.06220495763313867
2022-03-19T17:00:00.0;0.07006186507912143
2022-03-19T18:00:00.0;0.07549818629350422
2022-03-19T19:00:00.0;0.08091464805896603
2022-03-19T20:00:00.0;0.08326802700583234
2022-03-19T21:00:00.0;0.08199354023195204
2022-03-19T22:00:00.0;0.0793727954253246
2022-03-19T23:00:00.0;0.07578325962597708
2022-03-20T00:00:00.0;0.07140344789029518
2022-03-20T01:00:00.0;0.06819982114452472
2022-03-20T02:00:00.0;0.06539254160670155
2022-03-20T03:00:00.0;0.0626469150753577
2022-03-20T04:00:00.0;0.0606113301248222
2022-03-20T05:00:00.0;0.060538400588372974
2022-03-20T06:00:00.0;0.060985771086335724
2022-03-20T07:00:00.0;0.05913722266315544
2022-03-20T08:00:00.0;0.05353739108483421
2022-03-20T09:00:00.0;0.04633540849397193
2022-03-20T10:00:00.0;0.041020805474066384
2022-03-20T11:00:00.0;0.03884766025788944
2022-03-20T12:00:00.0;0.038110209776548484
2022-03-20T13:00:00.0;0.039077436828519815
2022-03-20T14:00:00.0;0.04326201553649383
2022-03-20T15:00:00.0;0.050676249704299146
2022-03-20T16:00:00.0;0.06095013705006571
2022-03-20T17:00:00.0;0.06822696274662575
2022-03-20T18:00:00.0;0.07368802341684687
2022-03-20T19:00:00.0;0.07817540779243738
2022-03-20T20:00:00.0;0.07984104375717799
2022-03-20T21:00:00.0;0.07920871543282808
2022-03-20T22:00:00.0;0.07650296562968721
2022-03-20T23:00:00.0;0.07322553329763669
2022-03-21T00:00:00.0;0.07514578435556873
2022-03-21T01:00:00.0;0.07201076375715011
2022-03-21T02:00:00.0;0.06910704803411256
2022-03-21T03:00:00.0;0.06528374454374075
2022-03-21T04:00:00.0;0.06370612230787859
2022-03-21T05:00:00.0;0.062309349338004194
2022-03-21T06:00:00.0;0.06456410441828424
2022-03-21T07:00:00.0;0.062222557247235535
2022-03-21T08:00:00.0;0.055491015710270056
2022-03-21T09:00:00.0;0.04993441542044131
2022-03-21T10:00:00.0;0.0455058678950412
2022-03-21T11:00:00.0;0.044118334179419315
2022-03-21T12:00:00.0;0.045059537178371974
2022-03-21T13:00:00.0;0.04804056358670247
2022-03-21T14:00:00.0;0.052196148401120405
2022-03-21T15:00:00.0;0.056919381341969416
2022-03-21T16:00:00.0;0.06537914551592111
2022-03-21T17:00:00.0;0.07244727839383004
2022-03-21T18:00:00.0;0.0794159278550453
2022-03-21T19:00:00.0;0.08406412520944928
2022-03-21T20:00:00.0;0.08588386908087804
2022-03-21T21:00:00.0;0.08475791871499282
2022-03-21T22:00:00.0;0.08162519491753763
2022-03-21T23:00:00.0;0.07721119262972499
2022-03-22T00:00:00.0;0.07501825084580208
2022-03-22T01:00:00.0;0.07189677659928043
2022-03-22T02:00:00.0;0.06900241890548092
2022-03-22T03:00:00.0;0.06510507590088868
2022-03-22T04:00:00.0;0.06363676104863607
2022-03-22T05:00:00.0;0.06241230666758077
2022-03-22T06:00:00.0;0.06486520567344889
2022-03-22T07:00:00.0;0.0624537273951016
2022-03-22T08:00:00.0;0.05543264211902144
2022-03-22T09:00:00.0;0.049708214507815776
2022-03-22T10:00:00.0;0.04524246663672693
2022-03-22T11:00:00.0;0.043973889922224396
2022-03-22T12:00:00.0;0.045007700684528196
2022-03-22T13:00:00.0;0.04803603294131866
2022-03-22T14:00:00.0;0.05223538560166405
2022-03-22T15:00:00.0;0.05688777911189471
2022-03-22T16:00:00.0;0.0654938605167886
2022-03-22T17:00:00.0;0.07248965257279785
2022-03-22T18:00:00.0;0.07957286193028419
2022-03-22T19:00:00.0;0.08415701630714607
2022-03-22T20:00:00.0;0.08576965040300172
2022-03-22T21:00:00.0;0.08449396070467559
2022-03-22T22:00:00.0;0.08131498924602264
2022-03-22T23:00:00.0;0.07693698793691824
2022-03-23T00:00:00.0;0.07469088881887706
2022-03-23T01:00:00.0;0.07159298209061893
2022-03-23T02:00:00.0;0.06871917750288983
2022-03-23T03:00:00.0;0.06464377164070556
2022-03-23T04:00:00.0;0.06344758068063955
2022-03-23T05:00:00.0;0.06266816180978606
2022-03-23T06:00:00.0;0.06561188239292845
2022-03-23T07:00:00.0;0.06307348509505098
2022-03-23T08:00:00.0;0.05539322176133586
2022-03-23T09:00:00.0;0.049283090251507726
2022-03-23T10:00:00.0;0.0447342276386898
2022-03-23T11:00:00.0;0.04374341702308185
2022-03-23T12:00:00.0;0.04499984287824726
2022-03-23T13:00:00.0;0.04813332444629865
2022-03-23T14:00:00.0;0.052443125164644416
2022-03-23T15:00:00.0;0.056920139232139
2022-03-23T16:00:00.0;0.06588950392902332
2022-03-23T17:00:00.0;0.07273784504451461
2022-03-23T18:00:00.0;0.08005208254915219
2022-03-23T19:00:00.0;0.08442264208500774
2022-03-23T20:00:00.0;0.08548097106162272
2022-03-23T21:00:00.0;0.08382313272568097
2022-03-23T22:00:00.0;0.08054219417530341
2022-03-23T23:00:00.0;0.07627410273727325
2022-03-24T00:00:00.0;0.07475253537776987
2022-03-24T01:00:00.0;0.07165906593153448
2022-03-24T02:00:00.0;0.06878413787868885
2022-03-24T03:00:00.0;0.06473276815221378
2022-03-24T04:00:00.0;0.06349202950564868
2022-03-24T05:00:00.0;0.06262665317170896
2022-03-24T06:00:00.0;0.06549203648512342
2022-03-24T07:00:00.0;0.06293588472618143
2022-03-24T08:00:00.0;0.05531317886033724
2022-03-24T09:00:00.0;0.04923996493667993
2022-03-24T10:00:00.0;0.044696952135971954
2022-03-24T11:00:00.0;0.043675682765132784
2022-03-24T12:00:00.0;0.044902146330253315
2022-03-24T13:00:00.0;0.048028721971070026
2022-03-24T14:00:00.0;0.052319227633974744
2022-03-24T15:00:00.0;0.05682415369517598
2022-03-24T16:00:00.0;0.06573484610305386
2022-03-24T17:00:00.0;0.07258066368069947
2022-03-24T18:00:00.0;0.07990132622463689
2022-03-24T19:00:00.0;0.08435108576603702
2022-03-24T20:00:00.0;0.08553176436888722
2022-03-24T21:00:00.0;0.08394413672064718
2022-03-24T22:00:00.0;0.0806691357128334
2022-03-24T23:00:00.0;0.07636648427050742
2022-03-25T00:00:00.0;0.07566440795570589
2022-03-25T01:00:00.0;0.0725301832989358
2022-03-25T02:00:00.0;0.06960578568050893
2022-03-25T03:00:00.0;0.0660257035392652
2022-03-25T04:00:00.0;0.06404492695204203
2022-03-25T05:00:00.0;0.06193407499339282
2022-03-25T06:00:00.0;0.06346720895923294
2022-03-25T07:00:00.0;0.06114844784472033
2022-03-25T08:00:00.0;0.05518001928951783
2022-03-25T09:00:00.0;0.05008324389699012
2022-03-25T10:00:00.0;0.04574809806297024
2022-03-25T11:00:00.0;0.04401299509006937
2022-03-25T12:00:00.0;0.04465140575540005
2022-03-25T13:00:00.0;0.0475179200393307
2022-03-25T14:00:00.0;0.05150498508161278
2022-03-25T15:00:00.0;0.05648331069160648
2022-03-25T16:00:00.0;0.06440603834143242
2022-03-25T17:00:00.0;0.07157697191099148
2022-03-25T18:00:00.0;0.0783933643350382
2022-03-25T19:00:00.0;0.0835488411231013
2022-03-25T20:00:00.0;0.08632636196050751
2022-03-25T21:00:00.0;0.08579961517986766
2022-03-25T22:00:00.0;0.08277301319585935
2022-03-25T23:00:00.0;0.07812619320418034
2022-03-26T00:00:00.0;0.07672890691983292
2022-03-26T01:00:00.0;0.07346769302281331
2022-03-26T02:00:00.0;0.07051712690572345
2022-03-26T03:00:00.0;0.06735165151474011
2022-03-26T04:00:00.0;0.06470697449989755
2022-03-26T05:00:00.0;0.06153197995045441
2022-03-26T06:00:00.0;0.06159080419907748
2022-03-26T07:00:00.0;0.05925548405649268
2022-03-26T08:00:00.0;0.05484072542683188
2022-03-26T09:00:00.0;0.05095404995690655
2022-03-26T10:00:00.0;0.04723046894165906
2022-03-26T11:00:00.0;0.0450260330480563
2022-03-26T12:00:00.0;0.04535776552716602
2022-03-26T13:00:00.0;0.047839594887325296
2022-03-26T14:00:00.0;0.05133363912442375
2022-03-26T15:00:00.0;0.05636699315668628
2022-03-26T16:00:00.0;0.06325133755267535
2022-03-26T17:00:00.0;0.07039729013383421
2022-03-26T18:00:00.0;0.07691039647715973
2022-03-26T19:00:00.0;0.08267073770283409
2022-03-26T20:00:00.0;0.08674499384120278
2022-03-26T21:00:00.0;0.08709627484349775
2022-03-26T22:00:00.0;0.08460385786939921
2022-03-26T23:00:00.0;0.07968399560559779
2022-03-27T00:00:00.0;0.07588324209857845
2022-03-27T01:00:00.0;0.0727522785605675
2022-03-27T02:00:00.0;0.06981994986850572
2022-03-27T03:00:00.0;0.06633663268085387
2022-03-27T04:00:00.0;0.06418910986677884
2022-03-27T05:00:00.0;0.061775939627114064
2022-03-27T06:00:00.0;0.06301573785901102
2022-03-27T07:00:00.0;0.06069188898955218
2022-03-27T08:00:00.0;0.05501662502336658
2022-03-27T09:00:00.0;0.05009893920910608
2022-03-27T10:00:00.0;0.04579451308809025
2022-03-27T11:00:00.0;0.043921928289950174
2022-03-27T12:00:00.0;0.04443864408259588
2022-03-27T13:00:00.0;0.04726582878988957
2022-03-27T14:00:00.0;0.05118228681998347
2022-03-27T15:00:00.0;0.056267671414115546
2022-03-27T16:00:00.0;0.06397176443300594
2022-03-27T17:00:00.0;0.07117702426290692
2022-03-27T18:00:00.0;0.07794673288592599
2022-03-27T19:00:00.0;0.08332707566784398
2022-03-27T20:00:00.0;0.08651120581881465
2022-03-27T21:00:00.0;0.08623484560312017
2022-03-27T22:00:00.0;0.08324641800091334
2022-03-27T23:00:00.0;0.07849555795783898
2022-03-28T00:00:00.0;0.07508717942930905
2022-03-28T01:00:00.0;0.0720021123709057
2022-03-28T02:00:00.0;0.06911623107474361
2022-03-28T03:00:00.0;0.06521212076828771
2022-03-28T04:00:00.0;0.06371772308510393
2022-03-28T05:00:00.0;0.06238953482008712
2022-03-28T06:00:00.0;0.06480476745296906
2022-03-28T07:00:00.0;0.062225852149346235
2022-03-28T08:00:00.0;0.05503324748036711
2022-03-28T09:00:00.0;0.04922355681617392
2022-03-28T10:00:00.0;0.04472962164437205
2022-03-28T11:00:00.0;0.043504397447566054
2022-03-28T12:00:00.0;0.04454707801958633
2022-03-28T13:00:00.0;0.04761337633842596
2022-03-28T14:00:00.0;0.051796482594982006
2022-03-28T15:00:00.0;0.056461965202322696
2022-03-28T16:00:00.0;0.06503694830208939
2022-03-28T17:00:00.0;0.0719225982883411
2022-03-28T18:00:00.0;0.07918989807460557
2022-03-28T19:00:00.0;0.08400070617987296
2022-03-28T20:00:00.0;0.08581379930057925
2022-03-28T21:00:00.0;0.08461040333038132
2022-03-28T22:00:00.0;0.0813910751875506
2022-03-28T23:00:00.0;0.07692531591955094
2022-03-29T00:00:00.0;0.07673718255773733
2022-03-29T01:00:00.0;0.07350606849141675
2022-03-29T02:00:00.0;0.07057780988456823
2022-03-29T03:00:00.0;0.06737114827863686
2022-03-29T04:00:00.0;0.0648860720889158
2022-03-29T05:00:00.0;0.06206748825631974
2022-03-29T06:00:00.0;0.062300332861818804
2022-03-29T07:00:00.0;0.05992822517619449
2022-03-29T08:00:00.0;0.055278163385992854
2022-03-29T09:00:00.0;0.05121475500734736
2022-03-29T10:00:00.0;0.04764693886990135
2022-03-29T11:00:00.0;0.045645746199847355
2022-03-29T12:00:00.0;0.046055100941424336
2022-03-29T13:00:00.0;0.04837288415461044
2022-03-29T14:00:00.0;0.051831348369627744
2022-03-29T15:00:00.0;0.05661400056629824
2022-03-29T16:00:00.0;0.06352692911407623
2022-03-29T17:00:00.0;0.0704527131645327
2022-03-29T18:00:00.0;0.07723380386032024
2022-03-29T19:00:00.0;0.08298090575379312
2022-03-29T20:00:00.0;0.08677913348469127
2022-03-29T21:00:00.0;0.08689356439445109
2022-03-29T22:00:00.0;0.08437186066474917
2022-03-29T23:00:00.0;0.07955040334178821
2022-03-30T00:00:00.0;0.07652399078149062
2022-03-30T01:00:00.0;0.07341351151264712
2022-03-30T02:00:00.0;0.07048709495571379
2022-03-30T03:00:00.0;0.06692826126526195
2022-03-30T04:00:00.0;0.06496500776573096
2022-03-30T05:00:00.0;0.06305297854752562
2022-03-30T06:00:00.0;0.0647931185690847
2022-03-30T07:00:00.0;0.06286912988900832
2022-03-30T08:00:00.0;0.057244121390684154
2022-03-30T09:00:00.0;0.05220850599433593
2022-03-30T10:00:00.0;0.047970492032244905
2022-03-30T11:00:00.0;0.04638049155081789
2022-03-30T12:00:00.0;0.04687532781102894
2022-03-30T13:00:00.0;0.04936735877844615
2022-03-30T14:00:00.0;0.052957165846211005
2022-03-30T15:00:00.0;0.057666368841861715
2022-03-30T16:00:00.0;0.06531868936332061
2022-03-30T17:00:00.0;0.07239477410034614
2022-03-30T18:00:00.0;0.07945589885304616
2022-03-30T19:00:00.0;0.08462692474670763
2022-03-30T20:00:00.0;0.08725538245891686
2022-03-30T21:00:00.0;0.08658968230752753
2022-03-30T22:00:00.0;0.08343513597756512
2022-03-30T23:00:00.0;0.07880801089763345
2022-03-31T00:00:00.0;0.07991679026105793
2022-03-31T01:00:00.0;0.07639359660105609
2022-03-31T02:00:00.0;0.0733531282352548
2022-03-31T03:00:00.0;0.0705466858484812
2022-03-31T04:00:00.0;0.06846006504263684
2022-03-31T05:00:00.0;0.06839476306197036
2022-03-31T06:00:00.0;0.07040810324207947
2022-03-31T07:00:00.0;0.07258437307211577
2022-03-31T08:00:00.0;0.07193676932210923
2022-03-31T09:00:00.0;0.0685175418248363
2022-03-31T10:00:00.0;0.06477610241448915
2022-03-31T11:00:00.0;0.06248171533510946
2022-03-31T12:00:00.0;0.061430446445243134
2022-03-31T13:00:00.0;0.06115097735647524
2022-03-31T14:00:00.0;0.06265427127574216
2022-03-31T15:00:00.0;0.06667158781417695
2022-03-31T16:00:00.0;0.0729565986851507
2022-03-31T17:00:00.0;0.081522179621672
2022-03-31T18:00:00.0;0.08668506678171181
2022-03-31T19:00:00.0;0.09009354806435708
2022-03-31T20:00:00.0;0.09106776743090367
2022-03-31T21:00:00.0;0.08952807582149458
2022-03-31T22:00:00.0;0.08657051200852042
2022-03-31T23:00:00.0;0.08293865325730154
2022-04-01T00:00:00.0;0.07871095131431252
2022-04-01T01:00:00.0;0.07522535445226852
2022-04-01T02:00:00.0;0.07225879886372197
2022-04-01T03:00:00.0;0.06948526930587424
2022-04-01T04:00:00.0;0.06757746866081157
2022-04-01T05:00:00.0;0.06806709591251572
2022-04-01T06:00:00.0;0.07010777800494951
2022-04-01T07:00:00.0;0.0715235283611665
2022-04-01T08:00:00.0;0.06969153977854188
2022-04-01T09:00:00.0;0.0652476313784737
2022-04-01T10:00:00.0;0.06079865195612943
2022-04-01T11:00:00.0;0.058405765165864265
2022-04-01T12:00:00.0;0.057336462717569536
2022-04-01T13:00:00.0;0.057164681493342785
2022-04-01T14:00:00.0;0.05880359046757763
2022-04-01T15:00:00.0;0.0632991418889681
2022-04-01T16:00:00.0;0.0702901221597617
2022-04-01T17:00:00.0;0.07890692277943419
2022-04-01T18:00:00.0;0.08408861669300323
2022-04-01T19:00:00.0;0.08825480172984283
2022-04-01T20:00:00.0;0.08965552280825334
2022-04-01T21:00:00.0;0.08793612288102114
2022-04-01T22:00:00.0;0.08500129922363027
2022-04-01T23:00:00.0;0.08131736648347655
2022-04-02T00:00:00.0;0.07430269566650893
2022-04-02T01:00:00.0;0.07105357757582483
2022-04-02T02:00:00.0;0.0683117153299264
2022-04-02T03:00:00.0;0.06567891392267913
2022-04-02T04:00:00.0;0.06409046382128736
2022-04-02T05:00:00.0;0.06526670930050092
2022-04-02T06:00:00.0;0.06634796479061222
2022-04-02T07:00:00.0;0.06469710122741745
2022-04-02T08:00:00.0;0.0592687312820254
2022-04-02T09:00:00.0;0.052298003869915254
2022-04-02T10:00:00.0;0.047000662575988686
2022-04-02T11:00:00.0;0.04455101410396642
2022-04-02T12:00:00.0;0.04377678834044311
2022-04-02T13:00:00.0;0.04414150307566986
2022-04-02T14:00:00.0;0.04701073134639698
2022-04-02T15:00:00.0;0.05275179450989272
2022-04-02T16:00:00.0;0.06144058351872427
2022-04-02T17:00:00.0;0.06926866537065052
2022-04-02T18:00:00.0;0.07508784349737622
2022-04-02T19:00:00.0;0.08145509527741483
2022-04-02T20:00:00.0;0.08439929982595186
2022-04-02T21:00:00.0;0.08282465297327374
2022-04-02T22:00:00.0;0.08019867284240043
2022-04-02T23:00:00.0;0.07640180087344454
2022-04-03T00:00:00.0;0.07725005591167927
2022-04-03T01:00:00.0;0.07402370742791528
2022-04-03T02:00:00.0;0.07108123945416406
2022-04-03T03:00:00.0;0.06792379336612839
2022-04-03T04:00:00.0;0.0652622633864296
2022-04-03T05:00:00.0;0.062099973858635964
2022-04-03T06:00:00.0;0.06219392648649012
2022-04-03T07:00:00.0;0.05989217875219764
2022-04-03T08:00:00.0;0.055519869586745325
2022-04-03T09:00:00.0;0.051627872901636965
2022-04-03T10:00:00.0;0.04797602258976847
2022-04-03T11:00:00.0;0.04589547415212871
2022-04-03T12:00:00.0;0.04617993817385457
2022-04-03T13:00:00.0;0.04848517532407629
2022-04-03T14:00:00.0;0.051741922471126314
2022-04-03T15:00:00.0;0.056614821581148195
2022-04-03T16:00:00.0;0.06331325411347814
2022-04-03T17:00:00.0;0.07028467030273793
2022-04-03T18:00:00.0;0.07709383367380497
2022-04-03T19:00:00.0;0.08306034708612826
2022-04-03T20:00:00.0;0.08722795076888602
2022-04-03T21:00:00.0;0.08756923756495759
2022-04-03T22:00:00.0;0.08500988286364278
2022-04-03T23:00:00.0;0.08002747047674573
2022-04-04T00:00:00.0;0.07966529385478706
2022-04-04T01:00:00.0;0.07611810488404018
2022-04-04T02:00:00.0;0.07309327319407447
2022-04-04T03:00:00.0;0.0702805537538239
2022-04-04T04:00:00.0;0.06826958675938498
2022-04-04T05:00:00.0;0.06852166985816213
2022-04-04T06:00:00.0;0.07074834618016423
2022-04-04T07:00:00.0;0.0728959604075797
2022-04-04T08:00:00.0;0.0719498637083894
2022-04-04T09:00:00.0;0.06814197798768494
2022-04-04T10:00:00.0;0.06391920493463284
2022-04-04T11:00:00.0;0.06155109384307204
2022-04-04T12:00:00.0;0.06042213925618457
2022-04-04T13:00:00.0;0.06015028609666348
2022-04-04T14:00:00.0;0.06154505010615813
2022-04-04T15:00:00.0;0.0657997391244232
2022-04-04T16:00:00.0;0.07243554582007916
2022-04-04T17:00:00.0;0.08121637902516249
2022-04-04T18:00:00.0;0.08621890480862839
2022-04-04T19:00:00.0;0.08975613910030032
2022-04-04T20:00:00.0;0.09072410115364894
2022-04-04T21:00:00.0;0.0890171460286835
2022-04-04T22:00:00.0;0.08602050055061215
2022-04-04T23:00:00.0;0.08238624621502086
2022-04-05T00:00:00.0;0.07889148112828996
2022-04-05T01:00:00.0;0.0755574909033989
2022-04-05T02:00:00.0;0.07255964766694983
2022-04-05T03:00:00.0;0.06961599965384214
2022-04-05T04:00:00.0;0.06734900781711896
2022-04-05T05:00:00.0;0.06615112145167723
2022-04-05T06:00:00.0;0.0675723863545978
2022-04-05T07:00:00.0;0.06805394745463127
2022-04-05T08:00:00.0;0.06582400700566401
2022-04-05T09:00:00.0;0.0619945928124196
2022-04-05T10:00:00.0;0.05819852027436683
2022-04-05T11:00:00.0;0.056018281606405054
2022-04-05T12:00:00.0;0.05540233051016266
2022-04-05T13:00:00.0;0.05609418990843782
2022-04-05T14:00:00.0;0.05832651938280712
2022-04-05T15:00:00.0;0.06271184669657551
2022-04-05T16:00:00.0;0.06916123639754856
2022-04-05T17:00:00.0;0.07708649126972596
2022-04-05T18:00:00.0;0.0830420982073776
2022-04-05T19:00:00.0;0.0875706065075827
2022-04-05T20:00:00.0;0.08984138422290067
2022-04-05T21:00:00.0;0.08901199983965923
2022-04-05T22:00:00.0;0.08603842551820423
2022-04-05T23:00:00.0;0.08186863730864126
2022-04-06T00:00:00.0;0.07985766141166584
2022-04-06T01:00:00.0;0.07629805727239018
2022-04-06T02:00:00.0;0.0732614788240238
2022-04-06T03:00:00.0;0.07044085984915913
2022-04-06T04:00:00.0;0.06840909753465438
2022-04-06T05:00:00.0;0.06861329867657492
2022-04-06T06:00:00.0;0.07087746599789665
2022-04-06T07:00:00.0;0.0731726025864135
2022-04-06T08:00:00.0;0.07240507579273144
2022-04-06T09:00:00.0;0.06872539365067899
2022-04-06T10:00:00.0;0.06454821718875182
2022-04-06T11:00:00.0;0.062185100153756244
2022-04-06T12:00:00.0;0.06104412143960105
2022-04-06T13:00:00.0;0.060752096703430826
2022-04-06T14:00:00.0;0.06209764822537569
2022-04-06T15:00:00.0;0.06630378642455002
2022-04-06T16:00:00.0;0.07286800051061408
2022-04-06T17:00:00.0;0.08168189788958229
2022-04-06T18:00:00.0;0.08664830861582633
2022-04-06T19:00:00.0;0.09005876482403902
2022-04-06T20:00:00.0;0.0909394953092266
2022-04-06T21:00:00.0;0.08923504869258637
2022-04-06T22:00:00.0;0.08622594174276696
2022-04-06T23:00:00.0;0.08260170112123534
2022-04-07T00:00:00.0;0.0782677591673279
2022-04-07T01:00:00.0;0.0748107653882815
2022-04-07T02:00:00.0;0.07187127294468604
2022-04-07T03:00:00.0;0.06911594298225143
2022-04-07T04:00:00.0;0.06725605230026545
2022-04-07T05:00:00.0;0.0678559939293283
2022-04-07T06:00:00.0;0.06981030118418209
2022-04-07T07:00:00.0;0.07088617743165862
2022-04-07T08:00:00.0;0.06864278486234772
2022-04-07T09:00:00.0;0.06390351054821479
2022-04-07T10:00:00.0;0.05934948196142864
2022-04-07T11:00:00.0;0.05694508945425772
2022-04-07T12:00:00.0;0.055903489176047524
2022-04-07T13:00:00.0;0.055778180883682284
2022-04-07T14:00:00.0;0.05753046962095786
2022-04-07T15:00:00.0;0.062137876399352476
2022-04-07T16:00:00.0;0.06929379759297152
2022-04-07T17:00:00.0;0.0778344222583923
2022-04-07T18:00:00.0;0.08309932100134278
2022-04-07T19:00:00.0;0.08755758777956617
2022-04-07T20:00:00.0;0.08915928009556688
2022-04-07T21:00:00.0;0.08743410086121854
2022-04-07T22:00:00.0;0.08452798696397758
2022-04-07T23:00:00.0;0.08082098380849286
2022-04-08T00:00:00.0;0.07633595344443728
2022-04-08T01:00:00.0;0.07318276686283975
2022-04-08T02:00:00.0;0.07033411579278838
2022-04-08T03:00:00.0;0.06742079033632635
2022-04-08T04:00:00.0;0.06536049327506202
2022-04-08T05:00:00.0;0.06448348528796563
2022-04-08T06:00:00.0;0.06544786284519184
2022-04-08T07:00:00.0;0.0637615574898776
2022-04-08T08:00:00.0;0.05889242921484962
2022-04-08T09:00:00.0;0.05330495860173167
2022-04-08T10:00:00.0;0.04868100503343073
2022-04-08T11:00:00.0;0.04643809581525547
2022-04-08T12:00:00.0;0.0460489183033507
2022-04-08T13:00:00.0;0.04730064627877724
2022-04-08T14:00:00.0;0.05023309279933872
2022-04-08T15:00:00.0;0.05542094393682945
2022-04-08T16:00:00.0;0.06292080382143661
2022-04-08T17:00:00.0;0.07041998522011987
2022-04-08T18:00:00.0;0.07692505510256188
2022-04-08T19:00:00.0;0.08326918427775189
2022-04-08T20:00:00.0;0.08690984445168705
2022-04-08T21:00:00.0;0.08619020735098779
2022-04-08T22:00:00.0;0.08331520435808383
2022-04-08T23:00:00.0;0.07884876801782924
2022-04-09T00:00:00.0;0.07460758314811078
2022-04-09T01:00:00.0;0.0713868126847883
2022-04-09T02:00:00.0;0.06867082572257042
2022-04-09T03:00:00.0;0.06606580014423619
2022-04-09T04:00:00.0;0.06460158185655568
2022-04-09T05:00:00.0;0.0661125731089711
2022-04-09T06:00:00.0;0.06735353940928641
2022-04-09T07:00:00.0;0.0656225088312954
2022-04-09T08:00:00.0;0.059981468048845896
2022-04-09T09:00:00.0;0.05280286523372445
2022-04-09T10:00:00.0;0.047381270659713544
2022-04-09T11:00:00.0;0.04488185627684173
2022-04-09T12:00:00.0;0.04406903897530107
2022-04-09T13:00:00.0;0.044327535116068295
2022-04-09T14:00:00.0;0.04701618947392109
2022-04-09T15:00:00.0;0.05254737231223251
2022-04-09T16:00:00.0;0.06106548553569863
2022-04-09T17:00:00.0;0.0689769984199424
2022-04-09T18:00:00.0;0.07492905807776254
2022-04-09T19:00:00.0;0.08179953047094968
2022-04-09T20:00:00.0;0.08506097716072446
2022-04-09T21:00:00.0;0.0832880685578435
2022-04-09T22:00:00.0;0.08061905898732205
2022-04-09T23:00:00.0;0.07672152497175234
2022-04-10T00:00:00.0;0.07477373274609071
2022-04-10T01:00:00.0;0.071728538803068
2022-04-10T02:00:00.0;0.06881959296738709
2022-04-10T03:00:00.0;0.0655026372628096
2022-04-10T04:00:00.0;0.06307870418735288
2022-04-10T05:00:00.0;0.06035606008577823
2022-04-10T06:00:00.0;0.060998156890854915
2022-04-10T07:00:00.0;0.05834492535932459
2022-04-10T08:00:00.0;0.05248189682612651
2022-04-10T09:00:00.0;0.04701244876495909
2022-04-10T10:00:00.0;0.04248984791536664
2022-04-10T11:00:00.0;0.04067385552714336
2022-04-10T12:00:00.0;0.04088460283958673
2022-04-10T13:00:00.0;0.043506980673342535
2022-04-10T14:00:00.0;0.047630434400429904
2022-04-10T15:00:00.0;0.0536390072353113
2022-04-10T16:00:00.0;0.06196271899050523
2022-04-10T17:00:00.0;0.0687611624836016
2022-04-10T18:00:00.0;0.07565686772019381
2022-04-10T19:00:00.0;0.08111047483737144
2022-04-10T20:00:00.0;0.08443194441929656
2022-04-10T21:00:00.0;0.08465861643896029
2022-04-10T22:00:00.0;0.08163136238776211
2022-04-10T23:00:00.0;0.07700568343471431
2022-04-11T00:00:00.0;0.07688152656048919
2022-04-11T01:00:00.0;0.07381794085433596
2022-04-11T02:00:00.0;0.07088479088436106
2022-04-11T03:00:00.0;0.06771006481039299
2022-04-11T04:00:00.0;0.06516311085139584
2022-04-11T05:00:00.0;0.06214766061824876
2022-04-11T06:00:00.0;0.06260323925715074
2022-04-11T07:00:00.0;0.06031217239050252
2022-04-11T08:00:00.0;0.05547050733201751
2022-04-11T09:00:00.0;0.05095989968964526
2022-04-11T10:00:00.0;0.04696583843541477
2022-04-11T11:00:00.0;0.04487849772665711
2022-04-11T12:00:00.0;0.04499815889226786
2022-04-11T13:00:00.0;0.047386721763133126
2022-04-11T14:00:00.0;0.050921701893815854
2022-04-11T15:00:00.0;0.05603555950822163
2022-04-11T16:00:00.0;0.06291767974718457
2022-04-11T17:00:00.0;0.06995271909778415
2022-04-11T18:00:00.0;0.07696233050100534
2022-04-11T19:00:00.0;0.08317417915869343
2022-04-11T20:00:00.0;0.08747891942516321
2022-04-11T21:00:00.0;0.08778841367250952
2022-04-11T22:00:00.0;0.08484533528106017
2022-04-11T23:00:00.0;0.07983989307879714
2022-04-12T00:00:00.0;0.07485336583315151
2022-04-12T01:00:00.0;0.07171709219717022
2022-04-12T02:00:00.0;0.0689190729238316
2022-04-12T03:00:00.0;0.06607587981485323
2022-04-12T04:00:00.0;0.064131171239467
2022-04-12T05:00:00.0;0.0637371445725298
2022-04-12T06:00:00.0;0.06456918291752607
2022-04-12T07:00:00.0;0.06244908866765606
2022-04-12T08:00:00.0;0.05687587133015399
2022-04-12T09:00:00.0;0.050504442231440724
2022-04-12T10:00:00.0;0.04551367364545499
2022-04-12T11:00:00.0;0.04323845648692492
2022-04-12T12:00:00.0;0.04278278800020088
2022-04-12T13:00:00.0;0.04397162163613163
2022-04-12T14:00:00.0;0.04720517864400794
2022-04-12T15:00:00.0;0.052945263345014586
2022-04-12T16:00:00.0;0.06121495817006641
2022-04-12T17:00:00.0;0.06865159975887482
2022-04-12T18:00:00.0;0.07502114581552631
2022-04-12T19:00:00.0;0.08146753292601044
2022-04-12T20:00:00.0;0.08499719882992693
2022-04-12T21:00:00.0;0.08418216738666502
2022-04-12T22:00:00.0;0.08137742246367852
2022-04-12T23:00:00.0;0.0771170747631854
2022-04-13T00:00:00.0;0.07623938112747282
2022-04-13T01:00:00.0;0.07320062326017636
2022-04-13T02:00:00.0;0.07029195152493008
2022-04-13T03:00:00.0;0.06675195011334117
2022-04-13T04:00:00.0;0.06463937930465408
2022-04-13T05:00:00.0;0.06222248867872435
2022-04-13T06:00:00.0;0.06360014834852044
2022-04-13T07:00:00.0;0.06103298695130154
2022-04-13T08:00:00.0;0.05493205865418074
2022-04-13T09:00:00.0;0.049743900027187836
2022-04-13T10:00:00.0;0.04540117608052044
2022-04-13T11:00:00.0;0.043755529554139305
2022-04-13T12:00:00.0;0.04430374799067413
2022-04-13T13:00:00.0;0.047096488976923236
2022-04-13T14:00:00.0;0.05086815718822004
2022-04-13T15:00:00.0;0.05582502609029076
2022-04-13T16:00:00.0;0.06346940264825589
2022-04-13T17:00:00.0;0.07036147565691361
2022-04-13T18:00:00.0;0.0776759335503355
2022-04-13T19:00:00.0;0.08347288883245922
2022-04-13T20:00:00.0;0.08685452529639383
2022-04-13T21:00:00.0;0.08656226234063966
2022-04-13T22:00:00.0;0.08341515660929592
2022-04-13T23:00:00.0;0.07852506836598189
2022-04-14T00:00:00.0;0.07594599984720357
2022-04-14T01:00:00.0;0.07291576961754477
2022-04-14T02:00:00.0;0.07001207642029188
2022-04-14T03:00:00.0;0.06645029042164359
2022-04-14T04:00:00.0;0.06433001577200953
2022-04-14T05:00:00.0;0.06180601525671794
2022-04-14T06:00:00.0;0.06311882057644186
2022-04-14T07:00:00.0;0.0603253234900308
2022-04-14T08:00:00.0;0.05398693399621314
2022-04-14T09:00:00.0;0.04871964609164635
2022-04-14T10:00:00.0;0.04431491594910626
2022-04-14T11:00:00.0;0.04264817602538862
2022-04-14T12:00:00.0;0.043264035243452494
2022-04-14T13:00:00.0;0.04622398251810967
2022-04-14T14:00:00.0;0.05013709968551496
2022-04-14T15:00:00.0;0.05519545673727688
2022-04-14T16:00:00.0;0.06294539545828613
2022-04-14T17:00:00.0;0.06981971286400931
2022-04-14T18:00:00.0;0.07713725127261441
2022-04-14T19:00:00.0;0.08302076719121984
2022-04-14T20:00:00.0;0.08652422604972967
2022-04-14T21:00:00.0;0.08630033913841909
2022-04-14T22:00:00.0;0.08317416144894846
2022-04-14T23:00:00.0;0.0782378373199235
2022-04-15T00:00:00.0;0.07668765647309249
2022-04-15T01:00:00.0;0.07356330371051559
2022-04-15T02:00:00.0;0.07064490623101415
2022-04-15T03:00:00.0;0.06737237399238269
2022-04-15T04:00:00.0;0.0648017712954739
2022-04-15T05:00:00.0;0.0615705327022924
2022-04-15T06:00:00.0;0.06183372182638659
2022-04-15T07:00:00.0;0.05900342097193209
2022-04-15T08:00:00.0;0.05374029552379382
2022-04-15T09:00:00.0;0.0493327852683018
2022-04-15T10:00:00.0;0.04541018000256709
2022-04-15T11:00:00.0;0.04344049720309588
2022-04-15T12:00:00.0;0.04386615301582305
2022-04-15T13:00:00.0;0.04653021773913125
2022-04-15T14:00:00.0;0.05008825129571618
2022-04-15T15:00:00.0;0.05513693764963706
2022-04-15T16:00:00.0;0.062151663867197955
2022-04-15T17:00:00.0;0.06896623028472389
2022-04-15T18:00:00.0;0.07609740481843971
2022-04-15T19:00:00.0;0.0823981835385154
2022-04-15T20:00:00.0;0.08677567311209519
2022-04-15T21:00:00.0;0.08714171428022092
2022-04-15T22:00:00.0;0.08441740430958203
2022-04-15T23:00:00.0;0.07930593514509922
2022-04-16T00:00:00.0;0.07699263724510536
2022-04-16T01:00:00.0;0.07393446830031233
2022-04-16T02:00:00.0;0.07099144197137143
2022-04-16T03:00:00.0;0.06774371642904477
2022-04-16T04:00:00.0;0.06513536412286511
2022-04-16T05:00:00.0;0.06187067307387672
2022-04-16T06:00:00.0;0.062435070397564726
2022-04-16T07:00:00.0;0.060047936851458386
2022-04-16T08:00:00.0;0.055020644757556865
2022-04-16T09:00:00.0;0.05046042172275699
2022-04-16T10:00:00.0;0.04620275089815658
2022-04-16T11:00:00.0;0.04411685412606788
2022-04-16T12:00:00.0;0.044268884051152736
2022-04-16T13:00:00.0;0.04689572058078388
2022-04-16T14:00:00.0;0.05040269412697074
2022-04-16T15:00:00.0;0.05566382180306993
2022-04-16T16:00:00.0;0.06264632551427819
2022-04-16T17:00:00.0;0.06974407996288068
2022-04-16T18:00:00.0;0.07678590997410861
2022-04-16T19:00:00.0;0.08307850514161678
2022-04-16T20:00:00.0;0.08752451639842528
2022-04-16T21:00:00.0;0.08793012453928195
2022-04-16T22:00:00.0;0.08490309228996065
2022-04-16T23:00:00.0;0.07975116928481485
2022-04-17T00:00:00.0;0.0765613944121886
2022-04-17T01:00:00.0;0.07351399648528174
2022-04-17T02:00:00.0;0.07058006500478214
2022-04-17T03:00:00.0;0.06732398035236022
2022-04-17T04:00:00.0;0.06471262619368053
2022-04-17T05:00:00.0;0.061345443586770396
2022-04-17T06:00:00.0;0.06177865544291927
2022-04-17T07:00:00.0;0.059096390399713254
2022-04-17T08:00:00.0;0.053793615274328604
2022-04-17T09:00:00.0;0.04914219817907549
2022-04-17T10:00:00.0;0.044863743633295136
2022-04-17T11:00:00.0;0.042741642341491026
2022-04-17T12:00:00.0;0.04297558064974973
2022-04-17T13:00:00.0;0.04577728798379818
2022-04-17T14:00:00.0;0.049487376006361
2022-04-17T15:00:00.0;0.05485978518614526
2022-04-17T16:00:00.0;0.06195657801640288
2022-04-17T17:00:00.0;0.06901547092042028
2022-04-17T18:00:00.0;0.07605136925270767
2022-04-17T19:00:00.0;0.08245558443603083
2022-04-17T20:00:00.0;0.0870559912065205
2022-04-17T21:00:00.0;0.08754513056019861
2022-04-17T22:00:00.0;0.08457008208778487
2022-04-17T23:00:00.0;0.07938475889913402
2022-04-18T00:00:00.0;0.0751105545812165
2022-04-18T01:00:00.0;0.07210126196487879
2022-04-18T02:00:00.0;0.06917810010546223
2022-04-18T03:00:00.0;0.06595329283761252
2022-04-18T04:00:00.0;0.06326652185964442
2022-04-18T05:00:00.0;0.05994134166500447
2022-04-18T06:00:00.0;0.06018645842428456
2022-04-18T07:00:00.0;0.05742721199077752
2022-04-18T08:00:00.0;0.05184723516849439
2022-04-18T09:00:00.0;0.04661544994288416
2022-04-18T10:00:00.0;0.04214103187686471
2022-04-18T11:00:00.0;0.0401997162460921
2022-04-18T12:00:00.0;0.04028633778331169
2022-04-18T13:00:00.0;0.042965045643500586
2022-04-18T14:00:00.0;0.04704601668825134
2022-04-18T15:00:00.0;0.053223188252930924
2022-04-18T16:00:00.0;0.061242613790349947
2022-04-18T17:00:00.0;0.06799016877650649
2022-04-18T18:00:00.0;0.07496492688516201
2022-04-18T19:00:00.0;0.08076514508873546
2022-04-18T20:00:00.0;0.08470782513977825
2022-04-18T21:00:00.0;0.08536902433638464
2022-04-18T22:00:00.0;0.08233549833850197
2022-04-18T23:00:00.0;0.07750363123580184
2022-04-19T00:00:00.0;0.07661772290673895
2022-04-19T01:00:00.0;0.07358013408821697
2022-04-19T02:00:00.0;0.07064920359240658
2022-04-19T03:00:00.0;0.06739868129519301
2022-04-19T04:00:00.0;0.06478993894406421
2022-04-19T05:00:00.0;0.06143727941233899
2022-04-19T06:00:00.0;0.061866940773279
2022-04-19T07:00:00.0;0.059177289097854975
2022-04-19T08:00:00.0;0.05386809662224647
2022-04-19T09:00:00.0;0.04920223576307895
2022-04-19T10:00:00.0;0.044947987943502105
2022-04-19T11:00:00.0;0.04284690687741162
2022-04-19T12:00:00.0;0.0430725106218829
2022-04-19T13:00:00.0;0.04583792166700236
2022-04-19T14:00:00.0;0.04952317762897234
2022-04-19T15:00:00.0;0.054866738750962284
2022-04-19T16:00:00.0;0.06193219127681098
2022-04-19T17:00:00.0;0.06895181675504668
2022-04-19T18:00:00.0;0.07604525522073986
2022-04-19T19:00:00.0;0.08249543212583402
2022-04-19T20:00:00.0;0.08711726106257776
2022-04-19T21:00:00.0;0.08760329048906877
2022-04-19T22:00:00.0;0.08461817201185505
2022-04-19T23:00:00.0;0.07942798207183206
2022-04-20T00:00:00.0;0.07418465528880044
2022-04-20T01:00:00.0;0.07104089191983896
2022-04-20T02:00:00.0;0.06832348547516583
2022-04-20T03:00:00.0;0.06561320504609419
2022-04-20T04:00:00.0;0.06399038321122391
2022-04-20T05:00:00.0;0.06465879882895029
2022-04-20T06:00:00.0;0.06556541813952577
2022-04-20T07:00:00.0;0.0630539744272522
2022-04-20T08:00:00.0;0.05679481564859788
2022-04-20T09:00:00.0;0.049664225836936735
2022-04-20T10:00:00.0;0.04431242687015031
2022-04-20T11:00:00.0;0.0418532014188963
2022-04-20T12:00:00.0;0.04131866171787906
2022-04-20T13:00:00.0;0.04221381294279139
2022-04-20T14:00:00.0;0.04534854593815998
2022-04-20T15:00:00.0;0.05105219081790722
2022-04-20T16:00:00.0;0.05957168491279886
2022-04-20T17:00:00.0;0.06719779232515581
2022-04-20T18:00:00.0;0.07346803863581593
2022-04-20T19:00:00.0;0.08069375934081077
2022-04-20T20:00:00.0;0.0845570398109718
2022-04-20T21:00:00.0;0.08325289104723818
2022-04-20T22:00:00.0;0.08058806080618966
2022-04-20T23:00:00.0;0.07639499699803246
2022-04-21T00:00:00.0;0.07558675450654403
2022-04-21T01:00:00.0;0.07247994386106495
2022-04-21T02:00:00.0;0.06967499919962636
2022-04-21T03:00:00.0;0.06676688865111041
2022-04-21T04:00:00.0;0.06477459299179031
2022-04-21T05:00:00.0;0.06403116770188887
2022-04-21T06:00:00.0;0.06490651160456645
2022-04-21T07:00:00.0;0.06261006563843084
2022-04-21T08:00:00.0;0.05695311177313407
2022-04-21T09:00:00.0;0.05081216082609608
2022-04-21T10:00:00.0;0.045871503268340066
2022-04-21T11:00:00.0;0.04359888243938313
2022-04-21T12:00:00.0;0.04326114187298567
2022-04-21T13:00:00.0;0.04467720175941542
2022-04-21T14:00:00.0;0.04778615628869864
2022-04-21T15:00:00.0;0.05324055613810794
2022-04-21T16:00:00.0;0.06109309133582617
2022-04-21T17:00:00.0;0.06851129350571274
2022-04-21T18:00:00.0;0.07514309548436847
2022-04-21T19:00:00.0;0.08201475959351666
2022-04-21T20:00:00.0;0.08603908831971487
2022-04-21T21:00:00.0;0.08532550432857192
2022-04-21T22:00:00.0;0.08246924652986048
2022-04-21T23:00:00.0;0.07791576332408912
2022-04-22T00:00:00.0;0.07444473243299833
2022-04-22T01:00:00.0;0.0711721401231489
2022-04-22T02:00:00.0;0.06837178453474943
2022-04-22T03:00:00.0;0.0656839886564359
2022-04-22T04:00:00.0;0.06393573800567111
2022-04-22T05:00:00.0;0.06470454213432884
2022-04-22T06:00:00.0;0.06585818025590744
2022-04-22T07:00:00.0;0.06477124785155204
2022-04-22T08:00:00.0;0.059970160481132836
2022-04-22T09:00:00.0;0.053377190552928555
2022-04-22T10:00:00.0;0.048201779102606264
2022-04-22T11:00:00.0;0.045832712890342076
2022-04-22T12:00:00.0;0.044989019844284876
2022-04-22T13:00:00.0;0.04538710440110631
2022-04-22T14:00:00.0;0.048339677485076574
2022-04-22T15:00:00.0;0.05426507958056473
2022-04-22T16:00:00.0;0.06302894362161007
2022-04-22T17:00:00.0;0.07088487033757891
2022-04-22T18:00:00.0;0.07650841368411614
2022-04-22T19:00:00.0;0.08200890811238584
2022-04-22T20:00:00.0;0.08434215252134993
2022-04-22T21:00:00.0;0.08295573162129606
2022-04-22T22:00:00.0;0.08021697569018572
2022-04-22T23:00:00.0;0.0765695954281998
2022-04-23T00:00:00.0;0.07153436291922242
2022-04-23T01:00:00.0;0.0683462982354636
2022-04-23T02:00:00.0;0.06556735513903034
2022-04-23T03:00:00.0;0.06285081296040075
2022-04-23T04:00:00.0;0.06091727050705894
2022-04-23T05:00:00.0;0.06111327042159747
2022-04-23T06:00:00.0;0.06160756923457762
2022-04-23T07:00:00.0;0.05956319308572472
2022-04-23T08:00:00.0;0.05370309212361652
2022-04-23T09:00:00.0;0.04632095609942597
2022-04-23T10:00:00.0;0.040927681184882096
2022-04-23T11:00:00.0;0.0387060941475449
2022-04-23T12:00:00.0;0.037976275601405506
2022-04-23T13:00:00.0;0.038882581664247566
2022-04-23T14:00:00.0;0.04294805238314665
2022-04-23T15:00:00.0;0.050193219522042545
2022-04-23T16:00:00.0;0.06034706500520954
2022-04-23T17:00:00.0;0.06765702251422719
2022-04-23T18:00:00.0;0.07323183158976872
2022-04-23T19:00:00.0;0.07820201519059886
2022-04-23T20:00:00.0;0.08019428914780616
2022-04-23T21:00:00.0;0.07941396954557901
2022-04-23T22:00:00.0;0.07673067016274317
2022-04-23T23:00:00.0;0.07336042441249081
2022-04-24T00:00:00.0;0.0710273451441157
2022-04-24T01:00:00.0;0.06783000395627917
2022-04-24T02:00:00.0;0.06501847415621298
2022-04-24T03:00:00.0;0.062262476670257284
2022-04-24T04:00:00.0;0.06018050340963091
2022-04-24T05:00:00.0;0.05997531270594996
2022-04-24T06:00:00.0;0.060333341595812
2022-04-24T07:00:00.0;0.05841828053111805
2022-04-24T08:00:00.0;0.0527553388570335
2022-04-24T09:00:00.0;0.04550302292049867
2022-04-24T10:00:00.0;0.04018145506763316
2022-04-24T11:00:00.0;0.038037381505256554
2022-04-24T12:00:00.0;0.03731159216311831
2022-04-24T13:00:00.0;0.038353611444949975
2022-04-24T14:00:00.0;0.042698545354484085
2022-04-24T15:00:00.0;0.05030960459634844
2022-04-24T16:00:00.0;0.060776892800547745
2022-04-24T17:00:00.0;0.06798111046874178
2022-04-24T18:00:00.0;0.07340915515752315
2022-04-24T19:00:00.0;0.07771808933256355
2022-04-24T20:00:00.0;0.07926510461574975
2022-04-24T21:00:00.0;0.07874001653407689
2022-04-24T22:00:00.0;0.0760354588844092
2022-04-24T23:00:00.0;0.07281308370185256
2022-04-25T00:00:00.0;0.077513414226088
2022-04-25T01:00:00.0;0.0742857984456158
2022-04-25T02:00:00.0;0.07136515582104377
2022-04-25T03:00:00.0;0.06840316001894521
2022-04-25T04:00:00.0;0.06621309577146556
2022-04-25T05:00:00.0;0.06503056242500549
2022-04-25T06:00:00.0;0.06621594358191292
2022-04-25T07:00:00.0;0.06542452695925921
2022-04-25T08:00:00.0;0.06164745969855189
2022-04-25T09:00:00.0;0.05685160954126485
2022-04-25T10:00:00.0;0.052518519739222454
2022-04-25T11:00:00.0;0.05030851789380095
2022-04-25T12:00:00.0;0.04984972869840653
2022-04-25T13:00:00.0;0.05098209317652836
2022-04-25T14:00:00.0;0.053619771477998755
2022-04-25T15:00:00.0;0.058506376610975505
2022-04-25T16:00:00.0;0.06556041822562005
2022-04-25T17:00:00.0;0.07325330718214543
2022-04-25T18:00:00.0;0.07954523954738205
2022-04-25T19:00:00.0;0.08511619731872778
2022-04-25T20:00:00.0;0.0882295370117389
2022-04-25T21:00:00.0;0.08753255443870506
2022-04-25T22:00:00.0;0.08458237323317151
2022-04-25T23:00:00.0;0.08017492275593596
2022-04-26T00:00:00.0;0.07353395402508059
2022-04-26T01:00:00.0;0.07038247428164929
2022-04-26T02:00:00.0;0.06773204755279287
2022-04-26T03:00:00.0;0.06517111033612265
2022-04-26T04:00:00.0;0.06382295351747398
2022-04-26T05:00:00.0;0.06560118038998569
2022-04-26T06:00:00.0;0.06663290439719224
2022-04-26T07:00:00.0;0.06407853174558732
2022-04-26T08:00:00.0;0.05744086838206935
2022-04-26T09:00:00.0;0.04954674420798904
2022-04-26T10:00:00.0;0.04387066894639794
2022-04-26T11:00:00.0;0.04134338206435073
2022-04-26T12:00:00.0;0.040597673029001725
2022-04-26T13:00:00.0;0.040968749443175384
2022-04-26T14:00:00.0;0.04393206529128923
2022-04-26T15:00:00.0;0.049734216759490996
2022-04-26T16:00:00.0;0.05865189793453235
2022-04-26T17:00:00.0;0.0663788752318626
2022-04-26T18:00:00.0;0.0725324978654901
2022-04-26T19:00:00.0;0.08011053573786858
2022-04-26T20:00:00.0;0.08385883350349455
2022-04-26T21:00:00.0;0.08207192457936908
2022-04-26T22:00:00.0;0.07947246415321282
2022-04-26T23:00:00.0;0.07551904225707419
2022-04-27T00:00:00.0;0.0763609835341926
2022-04-27T01:00:00.0;0.07335486154845133
2022-04-27T02:00:00.0;0.07044874204240723
2022-04-27T03:00:00.0;0.06702190471289167
2022-04-27T04:00:00.0;0.064632508062552
2022-04-27T05:00:00.0;0.061577704584978694
2022-04-27T06:00:00.0;0.06239230479989296
2022-04-27T07:00:00.0;0.05942001897326714
2022-04-27T08:00:00.0;0.053376151684323504
2022-04-27T09:00:00.0;0.04834310026539305
2022-04-27T10:00:00.0;0.04400968572363645
2022-04-27T11:00:00.0;0.04219832810226966
2022-04-27T12:00:00.0;0.04267039844159942
2022-04-27T13:00:00.0;0.045588590981749104
2022-04-27T14:00:00.0;0.04935495654783493
2022-04-27T15:00:00.0;0.054537661469279096
2022-04-27T16:00:00.0;0.061920739622784396
2022-04-27T17:00:00.0;0.06871378190835127
2022-04-27T18:00:00.0;0.07613705219407362
2022-04-27T19:00:00.0;0.08254112220592763
2022-04-27T20:00:00.0;0.086798590101328
2022-04-27T21:00:00.0;0.08699731857266373
2022-04-27T22:00:00.0;0.08393151725751899
2022-04-27T23:00:00.0;0.07876986349116771
2022-04-28T00:00:00.0;0.07648930548438379
2022-04-28T01:00:00.0;0.0735049847964345
2022-04-28T02:00:00.0;0.07059975596942744
2022-04-28T03:00:00.0;0.06739850717286265
2022-04-28T04:00:00.0;0.06482465503655754
2022-04-28T05:00:00.0;0.06155869390974652
2022-04-28T06:00:00.0;0.06182040393107322
2022-04-28T07:00:00.0;0.058894041479149895
2022-04-28T08:00:00.0;0.05340509345611587
2022-04-28T09:00:00.0;0.0486162920954816
2022-04-28T10:00:00.0;0.04456725041243197
2022-04-28T11:00:00.0;0.04253612598469349
2022-04-28T12:00:00.0;0.0427756830170351
2022-04-28T13:00:00.0;0.04541419919012933
2022-04-28T14:00:00.0;0.0491581561997551
2022-04-28T15:00:00.0;0.05439536446751892
2022-04-28T16:00:00.0;0.06136407211555103
2022-04-28T17:00:00.0;0.06813969020660089
2022-04-28T18:00:00.0;0.07548909318062635
2022-04-28T19:00:00.0;0.08221624175656954
2022-04-28T20:00:00.0;0.08700855354167829
2022-04-28T21:00:00.0;0.08750886853692408
2022-04-28T22:00:00.0;0.08455224068266108
2022-04-28T23:00:00.0;0.07937108513073723
2022-04-29T00:00:00.0;0.07737619823991483
2022-04-29T01:00:00.0;0.07432335021767385
2022-04-29T02:00:00.0;0.0713864566459779
2022-04-29T03:00:00.0;0.0682161927297355
2022-04-29T04:00:00.0;0.0656655942639242
2022-04-29T05:00:00.0;0.06271952287250267
2022-04-29T06:00:00.0;0.06329946226716435
2022-04-29T07:00:00.0;0.06122703511613776
2022-04-29T08:00:00.0;0.056572837344744026
2022-04-29T09:00:00.0;0.05210272973038064
2022-04-29T10:00:00.0;0.04812473793112658
2022-04-29T11:00:00.0;0.04610885397306381
2022-04-29T12:00:00.0;0.04614888362232816
2022-04-29T13:00:00.0;0.048362726528603205
2022-04-29T14:00:00.0;0.051672433397683744
2022-04-29T15:00:00.0;0.05666323682248848
2022-04-29T16:00:00.0;0.0634063837452578
2022-04-29T17:00:00.0;0.0704102506251284
2022-04-29T18:00:00.0;0.07754157368479654
2022-04-29T19:00:00.0;0.0837619664090607
2022-04-29T20:00:00.0;0.08800276689307743
2022-04-29T21:00:00.0;0.08825296179300648
2022-04-29T22:00:00.0;0.08523104350789443
2022-04-29T23:00:00.0;0.08021780138690138
2022-04-30T00:00:00.0;0.07686452613000459
2022-04-30T01:00:00.0;0.07386632285151666
2022-04-30T02:00:00.0;0.07094408088121254
2022-04-30T03:00:00.0;0.06762417212345197
2022-04-30T04:00:00.0;0.06507294023917895
2022-04-30T05:00:00.0;0.061794458534199515
2022-04-30T06:00:00.0;0.06244270120063474
2022-04-30T07:00:00.0;0.05971125347581422
2022-04-30T08:00:00.0;0.054156990747707814
2022-04-30T09:00:00.0;0.04932653984152689
2022-04-30T10:00:00.0;0.04499709559874061
2022-04-30T11:00:00.0;0.043055626740883444
2022-04-30T12:00:00.0;0.0433165481305396
2022-04-30T13:00:00.0;0.04607492390219394
2022-04-30T14:00:00.0;0.049649178205809864
2022-04-30T15:00:00.0;0.054896156246735356
2022-04-30T16:00:00.0;0.06198989810929302
2022-04-30T17:00:00.0;0.0688785937625597
2022-04-30T18:00:00.0;0.07624661694076461
2022-04-30T19:00:00.0;0.08280052902439915
2022-04-30T20:00:00.0;0.08736673085493217
2022-04-30T21:00:00.0;0.08776038037181115
2022-04-30T22:00:00.0;0.08465711375027933
2022-04-30T23:00:00.0;0.07941580725437646
2022-05-01T00:00:00.0;0.07633773288612467
2022-05-01T01:00:00.0;0.07335836499774834
2022-05-01T02:00:00.0;0.07045454783680939
2022-05-01T03:00:00.0;0.06702125028047676
2022-05-01T04:00:00.0;0.06463499949325653
2022-05-01T05:00:00.0;0.06155928800426399
2022-05-01T06:00:00.0;0.06241028402641132
2022-05-01T07:00:00.0;0.05939758890240347
2022-05-01T08:00:00.0;0.05325493247151406
2022-05-01T09:00:00.0;0.04813102807402557
2022-05-01T10:00:00.0;0.04373843903982759
2022-05-01T11:00:00.0;0.04193394439628374
2022-05-01T12:00:00.0;0.04238994893860084
2022-05-01T13:00:00.0;0.0453389435620517
2022-05-01T14:00:00.0;0.04913329056893302
2022-05-01T15:00:00.0;0.0543559537377957
2022-05-01T16:00:00.0;0.061757929876461885
2022-05-01T17:00:00.0;0.0685388564694838
2022-05-01T18:00:00.0;0.07602473433885266
2022-05-01T19:00:00.0;0.08251106581071935
2022-05-01T20:00:00.0;0.08683787821470274
2022-05-01T21:00:00.0;0.08705566856875799
2022-05-01T22:00:00.0;0.08393334725380779
2022-05-01T23:00:00.0;0.07874200982993802
2022-05-02T00:00:00.0;0.07636392144156827
2022-05-02T01:00:00.0;0.07338643858957287
2022-05-02T02:00:00.0;0.07048214416065626
2022-05-02T03:00:00.0;0.0670590575825838
2022-05-02T04:00:00.0;0.0646538821452498
2022-05-02T05:00:00.0;0.06154165439601082
2022-05-02T06:00:00.0;0.06235937135167955
2022-05-02T07:00:00.0;0.059339133816605924
2022-05-02T08:00:00.0;0.05322092882251371
2022-05-02T09:00:00.0;0.04811270767271405
2022-05-02T10:00:00.0;0.04372260374281916
2022-05-02T11:00:00.0;0.04190516967792816
2022-05-02T12:00:00.0;0.04234844570614567
2022-05-02T13:00:00.0;0.04529450656879102
2022-05-02T14:00:00.0;0.04908065669269491
2022-05-02T15:00:00.0;0.05431517737328016
2022-05-02T16:00:00.0;0.06169222847928847
2022-05-02T17:00:00.0;0.06847208302851795
2022-05-02T18:00:00.0;0.07596069036893847
2022-05-02T19:00:00.0;0.0824806674128142
2022-05-02T20:00:00.0;0.08685945611568134
2022-05-02T21:00:00.0;0.08710707321952821
2022-05-02T22:00:00.0;0.0839872742783394
2022-05-02T23:00:00.0;0.0787812551495231
2022-05-03T00:00:00.0;0.07685140875601854
2022-05-03T01:00:00.0;0.07387150511355217
2022-05-03T02:00:00.0;0.0709585689262046
2022-05-03T03:00:00.0;0.06773196224352272
2022-05-03T04:00:00.0;0.06513259161010562
2022-05-03T05:00:00.0;0.061820986399704486
2022-05-03T06:00:00.0;0.06221140024073125
2022-05-03T07:00:00.0;0.05941103369311909
2022-05-03T08:00:00.0;0.053993915661783264
2022-05-03T09:00:00.0;0.04922413285699352
2022-05-03T10:00:00.0;0.04508133119290924
2022-05-03T11:00:00.0;0.04309063767312745
2022-05-03T12:00:00.0;0.043289160783501264
2022-05-03T13:00:00.0;0.04590578853461931
2022-05-03T14:00:00.0;0.04949234520651129
2022-05-03T15:00:00.0;0.054708646557554565
2022-05-03T16:00:00.0;0.061629947007400245
2022-05-03T17:00:00.0;0.06842592927231289
2022-05-03T18:00:00.0;0.07584325785091259
2022-05-03T19:00:00.0;0.08258076478876004
2022-05-03T20:00:00.0;0.08736586805615135
2022-05-03T21:00:00.0;0.08785928157423929
2022-05-03T22:00:00.0;0.0848222607129036
2022-05-03T23:00:00.0;0.0795866758630044
2022-05-04T00:00:00.0;0.07638493928046283
2022-05-04T01:00:00.0;0.07342111589215027
2022-05-04T02:00:00.0;0.07052405256218437
2022-05-04T03:00:00.0;0.06719220870020784
2022-05-04T04:00:00.0;0.06474030889175456
2022-05-04T05:00:00.0;0.06160645296184741
2022-05-04T06:00:00.0;0.06218800307452029
2022-05-04T07:00:00.0;0.05913890036849109
2022-05-04T08:00:00.0;0.05319131797332237
2022-05-04T09:00:00.0;0.04815794460746695
2022-05-04T10:00:00.0;0.04394831419610363
2022-05-04T11:00:00.0;0.042081008145083164
2022-05-04T12:00:00.0;0.04245568214840399
2022-05-04T13:00:00.0;0.04525050788061903
2022-05-04T14:00:00.0;0.049031976904513434
2022-05-04T15:00:00.0;0.05423008504616414
2022-05-04T16:00:00.0;0.0614332229604542
2022-05-04T17:00:00.0;0.0681379789145962
2022-05-04T18:00:00.0;0.07565829966687246
2022-05-04T19:00:00.0;0.08232989451786957
2022-05-04T20:00:00.0;0.08689615559569308
2022-05-04T21:00:00.0;0.08723104946829024
2022-05-04T22:00:00.0;0.08417355979805703
2022-05-04T23:00:00.0;0.07898012136583912
2022-05-05T00:00:00.0;0.07637953275328527
2022-05-05T01:00:00.0;0.0734268377397177
2022-05-05T02:00:00.0;0.07053709273439034
2022-05-05T03:00:00.0;0.067281887579948
2022-05-05T04:00:00.0;0.06480399173182566
2022-05-05T05:00:00.0;0.06168495502633549
2022-05-05T06:00:00.0;0.06207476497536159
2022-05-05T07:00:00.0;0.05900558886588618
2022-05-05T08:00:00.0;0.05319613715630423
2022-05-05T09:00:00.0;0.04821856257810523
2022-05-05T10:00:00.0;0.04417765468469471
2022-05-05T11:00:00.0;0.042275577649071146
2022-05-05T12:00:00.0;0.04259751662698374
2022-05-05T13:00:00.0;0.045251778006794814
2022-05-05T14:00:00.0;0.049036738355164956
2022-05-05T15:00:00.0;0.05418884835656474
2022-05-05T16:00:00.0;0.06125119358922027
2022-05-05T17:00:00.0;0.06788577747905356
2022-05-05T18:00:00.0;0.0754335285919405
2022-05-05T19:00:00.0;0.08221633883510902
2022-05-05T20:00:00.0;0.08691007907874243
2022-05-05T21:00:00.0;0.08729887403856923
2022-05-05T22:00:00.0;0.0842980263674883
2022-05-05T23:00:00.0;0.0791307207320204
2022-05-06T00:00:00.0;0.07643038738168882
2022-05-06T01:00:00.0;0.0734714187144512
2022-05-06T02:00:00.0;0.0705746191926932
2022-05-06T03:00:00.0;0.06727242266684086
2022-05-06T04:00:00.0;0.06478382394672659
2022-05-06T05:00:00.0;0.06158970950276147
2022-05-06T06:00:00.0;0.06208429758223513
2022-05-06T07:00:00.0;0.05902034603408673
2022-05-06T08:00:00.0;0.05313786444504426
2022-05-06T09:00:00.0;0.048140824455468266
2022-05-06T10:00:00.0;0.04396192373591851
2022-05-06T11:00:00.0;0.04206678729935981
2022-05-06T12:00:00.0;0.04241097285376556
2022-05-06T13:00:00.0;0.045178222475317754
2022-05-06T14:00:00.0;0.04894554142030024
2022-05-06T15:00:00.0;0.054156645076522694
2022-05-06T16:00:00.0;0.06129450790143836
2022-05-06T17:00:00.0;0.06798691674477819
2022-05-06T18:00:00.0;0.07551569326312324
2022-05-06T19:00:00.0;0.08226182141688076
2022-05-06T20:00:00.0;0.08693681838573965
2022-05-06T21:00:00.0;0.08733125404276029
2022-05-06T22:00:00.0;0.08428693023145663
2022-05-06T23:00:00.0;0.07907252502382059
2022-05-07T00:00:00.0;0.07686933777707385
2022-05-07T01:00:00.0;0.07388254687976806
2022-05-07T02:00:00.0;0.07096338198239992
2022-05-07T03:00:00.0;0.06768760198379677
2022-05-07T04:00:00.0;0.06503979986412403
2022-05-07T05:00:00.0;0.06153674253423575
2022-05-07T06:00:00.0;0.0619561013649274
2022-05-07T07:00:00.0;0.059047548675865265
2022-05-07T08:00:00.0;0.053496497412309864
2022-05-07T09:00:00.0;0.04872159660996373
2022-05-07T10:00:00.0;0.04441944528238074
2022-05-07T11:00:00.0;0.04242040891550675
2022-05-07T12:00:00.0;0.04266487049760242
2022-05-07T13:00:00.0;0.045466809314076956
2022-05-07T14:00:00.0;0.049053979402780015
2022-05-07T15:00:00.0;0.05437467147656136
2022-05-07T16:00:00.0;0.06137415757113013
2022-05-07T17:00:00.0;0.06820885125107602
2022-05-07T18:00:00.0;0.07562264140681042
2022-05-07T19:00:00.0;0.08240616751661187
2022-05-07T20:00:00.0;0.08729519597038524
2022-05-07T21:00:00.0;0.08786724785121049
2022-05-07T22:00:00.0;0.08480929011236
2022-05-07T23:00:00.0;0.07947482603792057
2022-05-08T00:00:00.0;0.07521996948312755
2022-05-08T01:00:00.0;0.07217406062286157
2022-05-08T02:00:00.0;0.0693853840981217
2022-05-08T03:00:00.0;0.06643709082303906
2022-05-08T04:00:00.0;0.06439571212598427
2022-05-08T05:00:00.0;0.0633210251771089
2022-05-08T06:00:00.0;0.06400794333070695
2022-05-08T07:00:00.0;0.061153586555693085
2022-05-08T08:00:00.0;0.054961792747288664
2022-05-08T09:00:00.0;0.048657324523250715
2022-05-08T10:00:00.0;0.04368202466874254
2022-05-08T11:00:00.0;0.04144220138994735
2022-05-08T12:00:00.0;0.041240089347027414
2022-05-08T13:00:00.0;0.042959456099372524
2022-05-08T14:00:00.0;0.04630321505616311
2022-05-08T15:00:00.0;0.051885985281510776
2022-05-08T16:00:00.0;0.0598117340761398
2022-05-08T17:00:00.0;0.06702785213006993
2022-05-08T18:00:00.0;0.07390999846841033
2022-05-08T19:00:00.0;0.08115925549351781
2022-05-08T20:00:00.0;0.08560354408817458
2022-05-08T21:00:00.0;0.08510511645065716
2022-05-08T22:00:00.0;0.08224659778689443
2022-05-08T23:00:00.0;0.07752545854939033
2022-05-09T00:00:00.0;0.07653563464438674
2022-05-09T01:00:00.0;0.07357194801826669
2022-05-09T02:00:00.0;0.07066542465649207
2022-05-09T03:00:00.0;0.06731911037956301
2022-05-09T04:00:00.0;0.06478612037794847
2022-05-09T05:00:00.0;0.061435370698975915
2022-05-09T06:00:00.0;0.06201011358532273
2022-05-09T07:00:00.0;0.058937724289193825
2022-05-09T08:00:00.0;0.05299769912350129
2022-05-09T09:00:00.0;0.0479996727045898
2022-05-09T10:00:00.0;0.04364696938921688
2022-05-09T11:00:00.0;0.041740024458144225
2022-05-09T12:00:00.0;0.04209293753576986
2022-05-09T13:00:00.0;0.04500215623591917
2022-05-09T14:00:00.0;0.04873478538827786
2022-05-09T15:00:00.0;0.05404162205960191
2022-05-09T16:00:00.0;0.06123704387688696
2022-05-09T17:00:00.0;0.06800109010930634
2022-05-09T18:00:00.0;0.07551108531733403
2022-05-09T19:00:00.0;0.08226640629512144
2022-05-09T20:00:00.0;0.08700323020353543
2022-05-09T21:00:00.0;0.08745390567790297
2022-05-09T22:00:00.0;0.08435777451624912
2022-05-09T23:00:00.0;0.07905837148952372
2022-05-10T00:00:00.0;0.07578312809935364
2022-05-10T01:00:00.0;0.07243683995293693
2022-05-10T02:00:00.0;0.06957394609214325
2022-05-10T03:00:00.0;0.0668493910826562
2022-05-10T04:00:00.0;0.06501783071184654
2022-05-10T05:00:00.0;0.06561275567739587
2022-05-10T06:00:00.0;0.06703854787455273
2022-05-10T07:00:00.0;0.0668215370273322
2022-05-10T08:00:00.0;0.06306118602393379
2022-05-10T09:00:00.0;0.05721895084484873
2022-05-10T10:00:00.0;0.05230283289776346
2022-05-10T11:00:00.0;0.04994113085115647
2022-05-10T12:00:00.0;0.04902213341039828
2022-05-10T13:00:00.0;0.049254947087831985
2022-05-10T14:00:00.0;0.051819902362208625
2022-05-10T15:00:00.0;0.05733566419890482
2022-05-10T16:00:00.0;0.06556375244790787
2022-05-10T17:00:00.0;0.0736553376575022
2022-05-10T18:00:00.0;0.07910067421231139
2022-05-10T19:00:00.0;0.0840196956024407
2022-05-10T20:00:00.0;0.08594991234855487
2022-05-10T21:00:00.0;0.0845018742827281
2022-05-10T22:00:00.0;0.08169275540728407
2022-05-10T23:00:00.0;0.0780624222677941
2022-05-11T00:00:00.0;0.07433934665201876
2022-05-11T01:00:00.0;0.07113588784643415
2022-05-11T02:00:00.0;0.06843628051373883
2022-05-11T03:00:00.0;0.06584227001258301
2022-05-11T04:00:00.0;0.0644070486299944
2022-05-11T05:00:00.0;0.06598480627764629
2022-05-11T06:00:00.0;0.06717349528933948
2022-05-11T07:00:00.0;0.06523676016387121
2022-05-11T08:00:00.0;0.05934672227121155
2022-05-11T09:00:00.0;0.051989352935986374
2022-05-11T10:00:00.0;0.046504178670911445
2022-05-11T11:00:00.0;0.043997800596988636
2022-05-11T12:00:00.0;0.04320174968692891
2022-05-11T13:00:00.0;0.043488372987643506
2022-05-11T14:00:00.0;0.046245649027023626
2022-05-11T15:00:00.0;0.05184453091920153
2022-05-11T16:00:00.0;0.06046247257036407
2022-05-11T17:00:00.0;0.06832788091238169
2022-05-11T18:00:00.0;0.07433029925106534
2022-05-11T19:00:00.0;0.08137755045997451
2022-05-11T20:00:00.0;0.08476063247418644
2022-05-11T21:00:00.0;0.08298422601805781
2022-05-11T22:00:00.0;0.08033259267028454
2022-05-11T23:00:00.0;0.07642109557478691
2022-05-12T00:00:00.0;0.07555123872450517
2022-05-12T01:00:00.0;0.07252607248923162
2022-05-12T02:00:00.0;0.06971023256881567
2022-05-12T03:00:00.0;0.06668583136304897
2022-05-12T04:00:00.0;0.064508248051339
2022-05-12T05:00:00.0;0.06287301903102772
2022-05-12T06:00:00.0;0.06349218954150525
2022-05-12T07:00:00.0;0.06057889172148927
2022-05-12T08:00:00.0;0.05447470260767462
2022-05-12T09:00:00.0;0.048482570856062585
2022-05-12T10:00:00.0;0.043644959737664434
2022-05-12T11:00:00.0;0.04146161746520787
2022-05-12T12:00:00.0;0.04136631165733025
2022-05-12T13:00:00.0;0.043350591234377574
2022-05-12T14:00:00.0;0.046769099861698867
2022-05-12T15:00:00.0;0.05230876594019788
2022-05-12T16:00:00.0;0.06003961931700095
2022-05-12T17:00:00.0;0.06715536346676299
2022-05-12T18:00:00.0;0.07418065054194185
2022-05-12T19:00:00.0;0.08136530852595802
2022-05-12T20:00:00.0;0.08594634578020649
2022-05-12T21:00:00.0;0.08570107965215609
2022-05-12T22:00:00.0;0.08279166108386701
2022-05-12T23:00:00.0;0.0779196803223112
2022-05-13T00:00:00.0;0.07397370319729565
2022-05-13T01:00:00.0;0.07075426836801839
2022-05-13T02:00:00.0;0.06801711004088265
2022-05-13T03:00:00.0;0.06538131847432886
2022-05-13T04:00:00.0;0.0637941165831227
2022-05-13T05:00:00.0;0.06496594083862614
2022-05-13T06:00:00.0;0.06604807507166659
2022-05-13T07:00:00.0;0.06431915965890114
2022-05-13T08:00:00.0;0.0587189622586308
2022-05-13T09:00:00.0;0.05155863028426374
2022-05-13T10:00:00.0;0.04616759524561826
2022-05-13T11:00:00.0;0.04373716609793061
2022-05-13T12:00:00.0;0.04293790461170253
2022-05-13T13:00:00.0;0.04334065118135408
2022-05-13T14:00:00.0;0.04633257785896971
2022-05-13T15:00:00.0;0.05224793532173221
2022-05-13T16:00:00.0;0.061119503264911126
2022-05-13T17:00:00.0;0.06890454462352953
2022-05-13T18:00:00.0;0.07474762495081534
2022-05-13T19:00:00.0;0.08109791979608236
2022-05-13T20:00:00.0;0.084010613073398
2022-05-13T21:00:00.0;0.0824761653832777
2022-05-13T22:00:00.0;0.07979723897707355
2022-05-13T23:00:00.0;0.07603091141162753
2022-05-14T00:00:00.0;0.07656943753968902
2022-05-14T01:00:00.0;0.07361174727182246
2022-05-14T02:00:00.0;0.07070013712739862
2022-05-14T03:00:00.0;0.06741598679595459
2022-05-14T04:00:00.0;0.06476066411482756
2022-05-14T05:00:00.0;0.06119404480385887
2022-05-14T06:00:00.0;0.06156525028111442
2022-05-14T07:00:00.0;0.05847726460548834
2022-05-14T08:00:00.0;0.05269718859517199
2022-05-14T09:00:00.0;0.047765716360164905
2022-05-14T10:00:00.0;0.04339807802474162
2022-05-14T11:00:00.0;0.04141548674791102
2022-05-14T12:00:00.0;0.04167619920846105
2022-05-14T13:00:00.0;0.04456433264885181
2022-05-14T14:00:00.0;0.048277813248943396
2022-05-14T15:00:00.0;0.0537346555947099
2022-05-14T16:00:00.0;0.0608689812272292
2022-05-14T17:00:00.0;0.06763326605645428
2022-05-14T18:00:00.0;0.07511048932581484
2022-05-14T19:00:00.0;0.08197072879557239
2022-05-14T20:00:00.0;0.08693300902489977
2022-05-14T21:00:00.0;0.08757228990934653
2022-05-14T22:00:00.0;0.08449000407958972
2022-05-14T23:00:00.0;0.07914064928610469
2022-05-15T00:00:00.0;0.07675453887940094
2022-05-15T01:00:00.0;0.07379527075497393
2022-05-15T02:00:00.0;0.07088231803011145
2022-05-15T03:00:00.0;0.06759548147542581
2022-05-15T04:00:00.0;0.06494566589725946
2022-05-15T05:00:00.0;0.061381553534087335
2022-05-15T06:00:00.0;0.061784312541512454
2022-05-15T07:00:00.0;0.05872711417585245
2022-05-15T08:00:00.0;0.0529904601787713
2022-05-15T09:00:00.0;0.048112321726102907
2022-05-15T10:00:00.0;0.043761579847360246
2022-05-15T11:00:00.0;0.04177265999759104
2022-05-15T12:00:00.0;0.04203671773447415
2022-05-15T13:00:00.0;0.0449160590217196
2022-05-15T14:00:00.0;0.04857031568854571
2022-05-15T15:00:00.0;0.05394432637751314
2022-05-15T16:00:00.0;0.0609833033836964
2022-05-15T17:00:00.0;0.06776973232614268
2022-05-15T18:00:00.0;0.07526891042121263
2022-05-15T19:00:00.0;0.08218444252905066
2022-05-15T20:00:00.0;0.0871978433109676
2022-05-15T21:00:00.0;0.0878163487592104
2022-05-15T22:00:00.0;0.08472864466943818
2022-05-15T23:00:00.0;0.0793464466999972
2022-05-16T00:00:00.0;0.07566539791685678
2022-05-16T01:00:00.0;0.07253214447323728
2022-05-16T02:00:00.0;0.0697259152736098
2022-05-16T03:00:00.0;0.06684628164548842
2022-05-16T04:00:00.0;0.0648964108487048
2022-05-16T05:00:00.0;0.06437592763994833
2022-05-16T06:00:00.0;0.06533371474226014
2022-05-16T07:00:00.0;0.06325634490674899
2022-05-16T08:00:00.0;0.057783943684397654
2022-05-16T09:00:00.0;0.05164895854992611
2022-05-16T10:00:00.0;0.046696927533983176
2022-05-16T11:00:00.0;0.044402059984532484
2022-05-16T12:00:00.0;0.043994720898684565
2022-05-16T13:00:00.0;0.04525053211047633
2022-05-16T14:00:00.0;0.0482584603360019
2022-05-16T15:00:00.0;0.05367246566399365
2022-05-16T16:00:00.0;0.06153205699791052
2022-05-16T17:00:00.0;0.06904357577354375
2022-05-16T18:00:00.0;0.07555645462682276
2022-05-16T19:00:00.0;0.08229831204948432
2022-05-16T20:00:00.0;0.0861414101791221
2022-05-16T21:00:00.0;0.085302622678132
2022-05-16T22:00:00.0;0.0824562045523993
2022-05-16T23:00:00.0;0.07799207940811993
2022-05-17T00:00:00.0;0.07661786732837683
2022-05-17T01:00:00.0;0.07366984316163737
2022-05-17T02:00:00.0;0.07076792884204658
2022-05-17T03:00:00.0;0.06752029404981207
2022-05-17T04:00:00.0;0.06490258341686175
2022-05-17T05:00:00.0;0.061443330915285144
2022-05-17T06:00:00.0;0.06174555972305127
2022-05-17T07:00:00.0;0.05863118848262348
2022-05-17T08:00:00.0;0.05288906511705414
2022-05-17T09:00:00.0;0.04799022715738322
2022-05-17T10:00:00.0;0.04378849405339954
2022-05-17T11:00:00.0;0.04180924427173914
2022-05-17T12:00:00.0;0.04207535468285852
2022-05-17T13:00:00.0;0.04485593677395947
2022-05-17T14:00:00.0;0.04856434949864165
2022-05-17T15:00:00.0;0.053871577202256
2022-05-17T16:00:00.0;0.06086527545705857
2022-05-17T17:00:00.0;0.06756640528830236
2022-05-17T18:00:00.0;0.07510865284512849
2022-05-17T19:00:00.0;0.08206958181434545
2022-05-17T20:00:00.0;0.0870865325548726
2022-05-17T21:00:00.0;0.08768167213858105
2022-05-17T22:00:00.0;0.08464181881556987
2022-05-17T23:00:00.0;0.0793158581553717
2022-05-18T00:00:00.0;0.0767060094470505
2022-05-18T01:00:00.0;0.0737531498827809
2022-05-18T02:00:00.0;0.07084262114090598
2022-05-18T03:00:00.0;0.06755291546635736
2022-05-18T04:00:00.0;0.06490053678691184
2022-05-18T05:00:00.0;0.0613113153882039
2022-05-18T06:00:00.0;0.061694324537995796
2022-05-18T07:00:00.0;0.05857556425837559
2022-05-18T08:00:00.0;0.05277675615744671
2022-05-18T09:00:00.0;0.04787339743058222
2022-05-18T10:00:00.0;0.04351575517564665
2022-05-18T11:00:00.0;0.0415292999194084
2022-05-18T12:00:00.0;0.04180630973220008
2022-05-18T13:00:00.0;0.044714048344323326
2022-05-18T14:00:00.0;0.04839312668433452
2022-05-18T15:00:00.0;0.05378253611179607
2022-05-18T16:00:00.0;0.060834003978710804
2022-05-18T17:00:00.0;0.06759985495590165
2022-05-18T18:00:00.0;0.0751241160119343
2022-05-18T19:00:00.0;0.08208358834017838
2022-05-18T20:00:00.0;0.08714131744721439
2022-05-18T21:00:00.0;0.08777854647021441
2022-05-18T22:00:00.0;0.08469169603628356
2022-05-18T23:00:00.0;0.07929389713660336
2022-05-19T00:00:00.0;0.07677302140144548
2022-05-19T01:00:00.0;0.07380819506595696
2022-05-19T02:00:00.0;0.0708962489057334
2022-05-19T03:00:00.0;0.06763216829896479
2022-05-19T04:00:00.0;0.06500134569728303
2022-05-19T05:00:00.0;0.061527238893377266
2022-05-19T06:00:00.0;0.0619169434469034
2022-05-19T07:00:00.0;0.058936431272424844
2022-05-19T08:00:00.0;0.05330114219130847
2022-05-19T09:00:00.0;0.04845566748674861
2022-05-19T10:00:00.0;0.04418472895137467
2022-05-19T11:00:00.0;0.042196120865683896
2022-05-19T12:00:00.0;0.04243947380211129
2022-05-19T13:00:00.0;0.045226109350295966
2022-05-19T14:00:00.0;0.04886369723849333
2022-05-19T15:00:00.0;0.05418137577809118
2022-05-19T16:00:00.0;0.06117873285299719
2022-05-19T17:00:00.0;0.06796046970922119
2022-05-19T18:00:00.0;0.0754374628049985
2022-05-19T19:00:00.0;0.08230036234753643
2022-05-19T20:00:00.0;0.08724130891664719
2022-05-19T21:00:00.0;0.08781781829162252
2022-05-19T22:00:00.0;0.08475061144012574
2022-05-19T23:00:00.0;0.07942025179212722
2022-05-20T00:00:00.0;0.07675180050739597
2022-05-20T01:00:00.0;0.07378695959317187
2022-05-20T02:00:00.0;0.07087781706435901
2022-05-20T03:00:00.0;0.06763205629652626
2022-05-20T04:00:00.0;0.0650163925178502
2022-05-20T05:00:00.0;0.06160399242138922
2022-05-20T06:00:00.0;0.06196646853993289
2022-05-20T07:00:00.0;0.05900714338485394
2022-05-20T08:00:00.0;0.053414877755014765
2022-05-20T09:00:00.0;0.04857920998653441
2022-05-20T10:00:00.0;0.04437498805291008
2022-05-20T11:00:00.0;0.04238858752495278
2022-05-20T12:00:00.0;0.0426233529033629
2022-05-20T13:00:00.0;0.04534841141591345
2022-05-20T14:00:00.0;0.04899033361415569
2022-05-20T15:00:00.0;0.05426914431921971
2022-05-20T16:00:00.0;0.0612386549685262
2022-05-20T17:00:00.0;0.06800007235812147
2022-05-20T18:00:00.0;0.0754766195960347
2022-05-20T19:00:00.0;0.082326296726202
2022-05-20T20:00:00.0;0.08723641372954109
2022-05-20T21:00:00.0;0.08778960710060144
2022-05-20T22:00:00.0;0.0847415881742809
2022-05-20T23:00:00.0;0.0794458778385414
2022-05-21T00:00:00.0;0.07326945845734781
2022-05-21T01:00:00.0;0.07011313944726141
2022-05-21T02:00:00.0;0.06744571323810845
2022-05-21T03:00:00.0;0.06486419340200424
2022-05-21T04:00:00.0;0.06343860479975882
2022-05-21T05:00:00.0;0.06500754287502335
2022-05-21T06:00:00.0;0.06596817905760197
2022-05-21T07:00:00.0;0.06348126610520352
2022-05-21T08:00:00.0;0.05694645467386608
2022-05-21T09:00:00.0;0.049120053643772976
2022-05-21T10:00:00.0;0.04348138574918213
2022-05-21T11:00:00.0;0.04099453526122845
2022-05-21T12:00:00.0;0.04025092813759166
2022-05-21T13:00:00.0;0.040692801960984244
2022-05-21T14:00:00.0;0.04380190515403264
2022-05-21T15:00:00.0;0.04979493127053093
2022-05-21T16:00:00.0;0.05887612586565643
2022-05-21T17:00:00.0;0.06654794194260398
2022-05-21T18:00:00.0;0.07262500211293141
2022-05-21T19:00:00.0;0.07985808651252402
2022-05-21T20:00:00.0;0.08337410653256526
2022-05-21T21:00:00.0;0.08172034403692173
2022-05-21T22:00:00.0;0.07910979382726918
2022-05-21T23:00:00.0;0.07523351145497745
2022-05-22T00:00:00.0;0.0767060094470505
2022-05-22T01:00:00.0;0.0737531498827809
2022-05-22T02:00:00.0;0.07084262114090598
2022-05-22T03:00:00.0;0.06755291546635736
2022-05-22T04:00:00.0;0.06490053678691184
2022-05-22T05:00:00.0;0.0613113153882039
2022-05-22T06:00:00.0;0.061694324537995796
2022-05-22T07:00:00.0;0.05857556425837559
2022-05-22T08:00:00.0;0.05277675615744671
2022-05-22T09:00:00.0;0.04787339743058222
2022-05-22T10:00:00.0;0.04351575517564665
2022-05-22T11:00:00.0;0.0415292999194084
2022-05-22T12:00:00.0;0.04180630973220008
2022-05-22T13:00:00.0;0.044714048344323326
2022-05-22T14:00:00.0;0.04839312668433452
2022-05-22T15:00:00.0;0.05378253611179607
2022-05-22T16:00:00.0;0.060834003978710804
2022-05-22T17:00:00.0;0.06759985495590165
2022-05-22T18:00:00.0;0.0751241160119343
2022-05-22T19:00:00.0;0.08208358834017838
2022-05-22T20:00:00.0;0.08714131744721439
2022-05-22T21:00:00.0;0.08777854647021441
2022-05-22T22:00:00.0;0.08469169603628356
2022-05-22T23:00:00.0;0.07929389713660336
2022-05-23T00:00:00.0;0.07713948714802557
2022-05-23T01:00:00.0;0.07412938463264261
2022-05-23T02:00:00.0;0.07119720423481882
2022-05-23T03:00:00.0;0.06793312629630141
2022-05-23T04:00:00.0;0.06530364191411114
2022-05-23T05:00:00.0;0.06193870104931036
2022-05-23T06:00:00.0;0.06249812114122107
2022-05-23T07:00:00.0;0.059929248128741924
2022-05-23T08:00:00.0;0.05468561689136096
2022-05-23T09:00:00.0;0.050007532311482916
2022-05-23T10:00:00.0;0.04571152603832363
2022-05-23T11:00:00.0;0.04370305638204209
2022-05-23T12:00:00.0;0.04386437483361698
2022-05-23T13:00:00.0;0.046518461043359355
2022-05-23T14:00:00.0;0.049975825645840605
2022-05-23T15:00:00.0;0.055227689475979974
2022-05-23T16:00:00.0;0.06216758567739532
2022-05-23T17:00:00.0;0.06911724447259764
2022-05-23T18:00:00.0;0.07641745789969365
2022-05-23T19:00:00.0;0.08298444457955004
2022-05-23T20:00:00.0;0.08764622138444639
2022-05-23T21:00:00.0;0.08811620649490307
2022-05-23T22:00:00.0;0.08502173098164158
2022-05-23T23:00:00.0;0.07976328370932713
2022-05-24T00:00:00.0;0.0746591938848381
2022-05-24T01:00:00.0;0.07143509252723823
2022-05-24T02:00:00.0;0.06871595400004209
2022-05-24T03:00:00.0;0.06610880903729681
2022-05-24T04:00:00.0;0.06463901152510208
2022-05-24T05:00:00.0;0.06613715641657489
2022-05-24T06:00:00.0;0.06738818126380386
2022-05-24T07:00:00.0;0.06569672980125067
2022-05-24T08:00:00.0;0.060103597951732174
2022-05-24T09:00:00.0;0.05295939117122627
2022-05-24T10:00:00.0;0.04755002981210043
2022-05-24T11:00:00.0;0.04505195529621435
2022-05-24T12:00:00.0;0.044235912013760585
2022-05-24T13:00:00.0;0.04448899627557741
2022-05-24T14:00:00.0;0.047164447301330764
2022-05-24T15:00:00.0;0.05268260432810387
2022-05-24T16:00:00.0;0.061181509804768906
2022-05-24T17:00:00.0;0.06910189355269243
2022-05-24T18:00:00.0;0.07504426381828651
2022-05-24T19:00:00.0;0.08188072262626014
2022-05-24T20:00:00.0;0.08511876575687079
2022-05-24T21:00:00.0;0.08334653016748989
2022-05-24T22:00:00.0;0.08067417727989325
2022-05-24T23:00:00.0;0.07677932986682753
2022-05-25T00:00:00.0;0.07783447828248637
2022-05-25T01:00:00.0;0.07473259862736896
2022-05-25T02:00:00.0;0.0717657043125501
2022-05-25T03:00:00.0;0.06854271510662016
2022-05-25T04:00:00.0;0.06594993695772935
2022-05-25T05:00:00.0;0.06294458317744754
2022-05-25T06:00:00.0;0.06378684144193014
2022-05-25T07:00:00.0;0.06209959803751676
2022-05-25T08:00:00.0;0.057746077173415955
2022-05-25T09:00:00.0;0.05342917272950942
2022-05-25T10:00:00.0;0.049231986905019016
2022-05-25T11:00:00.0;0.047188221747201525
2022-05-25T12:00:00.0;0.04716405321709661
2022-05-25T13:00:00.0;0.04941146067383083
2022-05-25T14:00:00.0;0.05251335351473157
2022-05-25T15:00:00.0;0.057544691651143204
2022-05-25T16:00:00.0;0.06430570594420507
2022-05-25T17:00:00.0;0.07155006226058369
2022-05-25T18:00:00.0;0.07849106201773157
2022-05-25T19:00:00.0;0.08442877977459849
2022-05-25T20:00:00.0;0.08845572959984306
2022-05-25T21:00:00.0;0.08865757395877158
2022-05-25T22:00:00.0;0.08555087322026221
2022-05-25T23:00:00.0;0.08051584723438078
2022-05-26T00:00:00.0;0.07390656999895383
2022-05-26T01:00:00.0;0.0707310420730368
2022-05-26T02:00:00.0;0.06805786187216913
2022-05-26T03:00:00.0;0.06548162325628616
2022-05-26T04:00:00.0;0.06409318590091881
2022-05-26T05:00:00.0;0.06577866541896724
2022-05-26T06:00:00.0;0.06688300949501295
2022-05-26T07:00:00.0;0.0646143876692841
2022-05-26T08:00:00.0;0.05832261422777269
2022-05-26T09:00:00.0;0.05067682039633722
2022-05-26T10:00:00.0;0.04508906573559476
2022-05-26T11:00:00.0;0.04257145234153492
2022-05-26T12:00:00.0;0.04180245257065578
2022-05-26T13:00:00.0;0.042134456639161454
2022-05-26T14:00:00.0;0.04500244789474725
2022-05-26T15:00:00.0;0.05071055642228183
2022-05-26T16:00:00.0;0.059489562706514953
2022-05-26T17:00:00.0;0.06728058531144453
2022-05-26T18:00:00.0;0.07336425307619208
2022-05-26T19:00:00.0;0.08069672179023417
2022-05-26T20:00:00.0;0.0842760520009865
2022-05-26T21:00:00.0;0.08249400205769825
2022-05-26T22:00:00.0;0.07987040375971662
2022-05-26T23:00:00.0;0.07593637842855484
2022-05-27T00:00:00.0;0.07282244812587146
2022-05-27T01:00:00.0;0.0696579505205438
2022-05-27T02:00:00.0;0.06696179436560223
2022-05-27T03:00:00.0;0.06434548890486655
2022-05-27T04:00:00.0;0.06278903683466559
2022-05-27T05:00:00.0;0.06400426669684478
2022-05-27T06:00:00.0;0.06484476100966259
2022-05-27T07:00:00.0;0.06247185821918129
2022-05-27T08:00:00.0;0.05611087153920399
2022-05-27T09:00:00.0;0.04839892590547851
2022-05-27T10:00:00.0;0.042823478274522986
2022-05-27T11:00:00.0;0.04040496725283106
2022-05-27T12:00:00.0;0.03966491246188273
2022-05-27T13:00:00.0;0.04022643733891639
2022-05-27T14:00:00.0;0.04358192821226831
2022-05-27T15:00:00.0;0.04989754173745871
2022-05-27T16:00:00.0;0.059255081939201266
2022-05-27T17:00:00.0;0.0668336728796398
2022-05-27T18:00:00.0;0.07278133877545533
2022-05-27T19:00:00.0;0.07943143508365685
2022-05-27T20:00:00.0;0.08255489445348221
2022-05-27T21:00:00.0;0.0811261558765409
2022-05-27T22:00:00.0;0.07849686339517782
2022-05-27T23:00:00.0;0.07475095055769647
2022-05-28T00:00:00.0;0.07353395402508059
2022-05-28T01:00:00.0;0.07038247428164929
2022-05-28T02:00:00.0;0.06773204755279287
2022-05-28T03:00:00.0;0.06517111033612265
2022-05-28T04:00:00.0;0.06382295351747398
2022-05-28T05:00:00.0;0.06560118038998569
2022-05-28T06:00:00.0;0.06663290439719224
2022-05-28T07:00:00.0;0.06407853174558732
2022-05-28T08:00:00.0;0.05744086838206935
2022-05-28T09:00:00.0;0.04954674420798904
2022-05-28T10:00:00.0;0.04387066894639794
2022-05-28T11:00:00.0;0.04134338206435073
2022-05-28T12:00:00.0;0.040597673029001725
2022-05-28T13:00:00.0;0.040968749443175384
2022-05-28T14:00:00.0;0.04393206529128923
2022-05-28T15:00:00.0;0.049734216759490996
2022-05-28T16:00:00.0;0.05865189793453235
2022-05-28T17:00:00.0;0.0663788752318626
2022-05-28T18:00:00.0;0.0725324978654901
2022-05-28T19:00:00.0;0.08011053573786858
2022-05-28T20:00:00.0;0.08385883350349455
2022-05-28T21:00:00.0;0.08207192457936908
2022-05-28T22:00:00.0;0.07947246415321282
2022-05-28T23:00:00.0;0.07551904225707419
2022-05-29T00:00:00.0;0.07354917015278431
2022-05-29T01:00:00.0;0.07039864317644205
2022-05-29T02:00:00.0;0.06774696875644548
2022-05-29T03:00:00.0;0.06518253568852224
2022-05-29T04:00:00.0;0.06382812260894874
2022-05-29T05:00:00.0;0.0655806022080136
2022-05-29T06:00:00.0;0.06660921437548199
2022-05-29T07:00:00.0;0.06405213439595248
2022-05-29T08:00:00.0;0.05741849496237976
2022-05-29T09:00:00.0;0.04953871728069096
2022-05-29T10:00:00.0;0.043868966449896095
2022-05-29T11:00:00.0;0.04134427389928065
2022-05-29T12:00:00.0;0.04060347077461988
2022-05-29T13:00:00.0;0.04098671537970152
2022-05-29T14:00:00.0;0.04395346469036044
2022-05-29T15:00:00.0;0.04975363626389924
2022-05-29T16:00:00.0;0.05866236534440209
2022-05-29T17:00:00.0;0.06638473218608729
2022-05-29T18:00:00.0;0.07254492967623416
2022-05-29T19:00:00.0;0.08012000033301878
2022-05-29T20:00:00.0;0.08387457934908324
2022-05-29T21:00:00.0;0.0820992988449152
2022-05-29T22:00:00.0;0.07949750044302609
2022-05-29T23:00:00.0;0.07553714997155866
2022-05-30T00:00:00.0;0.07660416592358625
2022-05-30T01:00:00.0;0.07365689340361774
2022-05-30T02:00:00.0;0.07075631816786708
2022-05-30T03:00:00.0;0.0675152231570351
2022-05-30T04:00:00.0;0.0649029015588105
2022-05-30T05:00:00.0;0.06146385229827886
2022-05-30T06:00:00.0;0.06175352406541708
2022-05-30T07:00:00.0;0.05863983508681282
2022-05-30T08:00:00.0;0.052906523178425306
2022-05-30T09:00:00.0;0.04800838795726594
2022-05-30T10:00:00.0;0.04383089042215546
2022-05-30T11:00:00.0;0.041852760708010854
2022-05-30T12:00:00.0;0.042117176842698785
2022-05-30T13:00:00.0;0.04487799286744572
2022-05-30T14:00:00.0;0.048590965526523706
2022-05-30T15:00:00.0;0.05388541834927791
2022-05-30T16:00:00.0;0.0608701365063468
2022-05-30T17:00:00.0;0.06756120564660117
2022-05-30T18:00:00.0;0.07510624914629599
2022-05-30T19:00:00.0;0.0820674045456
2022-05-30T20:00:00.0;0.0870780164220898
2022-05-30T21:00:00.0;0.08766661333977412
2022-05-30T22:00:00.0;0.08463406556433073
2022-05-30T23:00:00.0;0.07931927192409302
2022-05-31T00:00:00.0;0.07666745854797653
2022-05-31T01:00:00.0;0.07371671385143387
2022-05-31T02:00:00.0;0.0708099528170869
2022-05-31T03:00:00.0;0.06753864777055187
2022-05-31T04:00:00.0;0.0649014319256472
2022-05-31T05:00:00.0;0.061369055289822866
2022-05-31T06:00:00.0;0.06171673337587978
2022-05-31T07:00:00.0;0.05859989273932562
2022-05-31T08:00:00.0;0.05282587695726499
2022-05-31T09:00:00.0;0.04792449548761235
2022-05-31T10:00:00.0;0.043635043537533266
2022-05-31T11:00:00.0;0.041651739754477314
2022-05-31T12:00:00.0;0.04192398247362343
2022-05-31T13:00:00.0;0.04477610637756527
2022-05-31T14:00:00.0;0.04846801475751498
2022-05-31T15:00:00.0;0.05382148019600245
2022-05-31T16:00:00.0;0.06084768124928041
2022-05-31T17:00:00.0;0.06758522500623533
2022-05-31T18:00:00.0;0.07511735285497978
2022-05-31T19:00:00.0;0.08207746227727125
2022-05-31T20:00:00.0;0.08711735606658016
2022-05-31T21:00:00.0;0.08773617634526333
2022-05-31T22:00:00.0;0.0846698811340466
2022-05-31T23:00:00.0;0.07930350227238679
2022-06-01T00:00:00.0;0.07665097822012383
2022-06-01T01:00:00.0;0.07370113761957743
2022-06-01T02:00:00.0;0.0707959872624599
2022-06-01T03:00:00.0;0.06753254839776875
2022-06-01T04:00:00.0;0.06490181459324215
2022-06-01T05:00:00.0;0.061393738825919864
2022-06-01T06:00:00.0;0.061726313048572186
2022-06-01T07:00:00.0;0.05861029305039089
2022-06-01T08:00:00.0;0.052846875867921764
2022-06-01T09:00:00.0;0.047946339666418085
2022-06-01T10:00:00.0;0.0436860387506185
2022-06-01T11:00:00.0;0.04170408220751054
2022-06-01T12:00:00.0;0.04197428701656713
2022-06-01T13:00:00.0;0.04480263589460091
2022-06-01T14:00:00.0;0.04850002905621924
2022-06-01T15:00:00.0;0.05383812860864812
2022-06-01T16:00:00.0;0.060853528218054995
2022-06-01T17:00:00.0;0.06757897077163223
2022-06-01T18:00:00.0;0.07511446163722332
2022-06-01T19:00:00.0;0.08207484341422057
2022-06-01T20:00:00.0;0.08710711268917157
2022-06-01T21:00:00.0;0.08771806331632946
2022-06-01T22:00:00.0;0.08466055536604702
2022-06-01T23:00:00.0;0.07930760842271228
2022-06-02T00:00:00.0;0.0767060094470505
2022-06-02T01:00:00.0;0.0737531498827809
2022-06-02T02:00:00.0;0.07084262114090598
2022-06-02T03:00:00.0;0.06755291546635736
2022-06-02T04:00:00.0;0.06490053678691184
2022-06-02T05:00:00.0;0.0613113153882039
2022-06-02T06:00:00.0;0.061694324537995796
2022-06-02T07:00:00.0;0.05857556425837559
2022-06-02T08:00:00.0;0.05277675615744671
2022-06-02T09:00:00.0;0.04787339743058222
2022-06-02T10:00:00.0;0.04351575517564665
2022-06-02T11:00:00.0;0.0415292999194084
2022-06-02T12:00:00.0;0.04180630973220008
2022-06-02T13:00:00.0;0.044714048344323326
2022-06-02T14:00:00.0;0.04839312668433452
2022-06-02T15:00:00.0;0.05378253611179607
2022-06-02T16:00:00.0;0.060834003978710804
2022-06-02T17:00:00.0;0.06759985495590165
2022-06-02T18:00:00.0;0.0751241160119343
2022-06-02T19:00:00.0;0.08208358834017838
2022-06-02T20:00:00.0;0.08714131744721439
2022-06-02T21:00:00.0;0.08777854647021441
2022-06-02T22:00:00.0;0.08469169603628356
2022-06-02T23:00:00.0;0.07929389713660336
2022-06-03T00:00:00.0;0.07624061135909874
2022-06-03T01:00:00.0;0.0732586106105452
2022-06-03T02:00:00.0;0.07038624355358057
2022-06-03T03:00:00.0;0.06720346143544495
2022-06-03T04:00:00.0;0.06474243576833198
2022-06-03T05:00:00.0;0.06194071642438143
2022-06-03T06:00:00.0;0.0624189038148105
2022-06-03T07:00:00.0;0.05938294944114096
2022-06-03T08:00:00.0;0.053461066052002015
2022-06-03T09:00:00.0;0.048118907766023254
2022-06-03T10:00:00.0;0.04356782746579372
2022-06-03T11:00:00.0;0.04150202239655661
2022-06-03T12:00:00.0;0.041628980796898085
2022-06-03T13:00:00.0;0.04416454503636422
2022-06-03T14:00:00.0;0.047738608031167556
2022-06-03T15:00:00.0;0.05318857420528851
2022-06-03T16:00:00.0;0.06051384942730074
2022-06-03T17:00:00.0;0.06742071507547587
2022-06-03T18:00:00.0;0.0747438786044469
2022-06-03T19:00:00.0;0.0817941057220049
2022-06-03T20:00:00.0;0.08665971749137538
2022-06-03T21:00:00.0;0.08694128149108811
2022-06-03T22:00:00.0;0.08392594001508216
2022-06-03T23:00:00.0;0.07874005743031688
2022-06-04T00:00:00.0;0.07253697912057734
2022-06-04T01:00:00.0;0.0693672585141604
2022-06-04T02:00:00.0;0.06665275488832405
2022-06-04T03:00:00.0;0.06401423468899545
2022-06-04T04:00:00.0;0.06237421080535735
2022-06-04T05:00:00.0;0.06336355610817895
2022-06-04T06:00:00.0;0.06412732561702743
2022-06-04T07:00:00.0;0.06182723180930143
2022-06-04T08:00:00.0;0.05557725280716099
2022-06-04T09:00:00.0;0.04793840049108591
2022-06-04T10:00:00.0;0.04240332648128318
2022-06-04T11:00:00.0;0.0400284582975356
2022-06-04T12:00:00.0;0.039290672091466965
2022-06-04T13:00:00.0;0.03992860832828395
2022-06-04T14:00:00.0;0.04344144689823312
2022-06-04T15:00:00.0;0.04996307066568256
2022-06-04T16:00:00.0;0.05949709024582747
2022-06-04T17:00:00.0;0.06701614590237283
2022-06-04T18:00:00.0;0.07288117823866036
2022-06-04T19:00:00.0;0.07915896764738135
2022-06-04T20:00:00.0;0.08203173057812302
2022-06-04T21:00:00.0;0.08074669640735763
2022-06-04T22:00:00.0;0.07810543476715096
2022-06-04T23:00:00.0;0.07444277830833107
2022-06-05T00:00:00.0;0.07381379757683498
2022-06-05T01:00:00.0;0.0707131424351751
2022-06-05T02:00:00.0;0.0678812979116989
2022-06-05T03:00:00.0;0.06493538427386122
2022-06-05T04:00:00.0;0.06273295018491445
2022-06-05T05:00:00.0;0.0614433307611374
2022-06-05T06:00:00.0;0.06192928776365451
2022-06-05T07:00:00.0;0.05947897896368274
2022-06-05T08:00:00.0;0.053687093440906546
2022-06-05T09:00:00.0;0.04736581757448983
2022-06-05T10:00:00.0;0.042408026065042674
2022-06-05T11:00:00.0;0.04025298857037962
2022-06-05T12:00:00.0;0.03993840742105866
2022-06-05T13:00:00.0;0.04164198453117548
2022-06-05T14:00:00.0;0.04548639462167852
2022-06-05T15:00:00.0;0.05186986131947155
2022-06-05T16:00:00.0;0.0606542964844378
2022-06-05T17:00:00.0;0.06779778600646705
2022-06-05T18:00:00.0;0.07415596332465667
2022-06-05T19:00:00.0;0.08001231341599689
2022-06-05T20:00:00.0;0.08331548642956525
2022-06-05T21:00:00.0;0.08306021224854418
2022-06-05T22:00:00.0;0.08022431650238966
2022-06-05T23:00:00.0;0.07600014871247493
2022-06-06T00:00:00.0;0.07509723775078993
2022-06-06T01:00:00.0;0.0718638443585253
2022-06-06T02:00:00.0;0.06911483252793287
2022-06-06T03:00:00.0;0.06646153717591774
2022-06-06T04:00:00.0;0.06489915249404668
2022-06-06T05:00:00.0;0.06607285628119326
2022-06-06T06:00:00.0;0.06734963876707717
2022-06-06T07:00:00.0;0.06585309418152964
2022-06-06T08:00:00.0;0.060567506557809125
2022-06-06T09:00:00.0;0.05375648896758642
2022-06-06T10:00:00.0;0.0484776156390866
2022-06-06T11:00:00.0;0.04601248657624894
2022-06-06T12:00:00.0;0.04522651541093463
2022-06-06T13:00:00.0;0.04556867771653521
2022-06-06T14:00:00.0;0.04820392942551196
2022-06-06T15:00:00.0;0.05362977982894858
2022-06-06T16:00:00.0;0.061933396288845435
2022-06-06T17:00:00.0;0.06985819183637142
2022-06-06T18:00:00.0;0.0758108394240705
2022-06-06T19:00:00.0;0.08242787044333211
2022-06-06T20:00:00.0;0.08559657371906912
2022-06-06T21:00:00.0;0.08394216926358057
2022-06-06T22:00:00.0;0.0812281753283151
2022-06-06T23:00:00.0;0.07728039703557764
2022-06-07T00:00:00.0;0.07627980728003557
2022-06-07T01:00:00.0;0.07323748630078133
2022-06-07T02:00:00.0;0.07037224001291358
2022-06-07T03:00:00.0;0.06727360250167654
2022-06-07T04:00:00.0;0.06494607684994162
2022-06-07T05:00:00.0;0.06279052118779789
2022-06-07T06:00:00.0;0.06345787225394085
2022-06-07T07:00:00.0;0.06088138090268468
2022-06-07T08:00:00.0;0.05529758386241583
2022-06-07T09:00:00.0;0.04985592785519087
2022-06-07T10:00:00.0;0.04523296073111537
2022-06-07T11:00:00.0;0.04310248205434226
2022-06-07T12:00:00.0;0.04305204711727553
2022-06-07T13:00:00.0;0.04517239115890351
2022-06-07T14:00:00.0;0.048517602174580614
2022-06-07T15:00:00.0;0.053902106325350405
2022-06-07T16:00:00.0;0.061311038674089234
2022-06-07T17:00:00.0;0.0684404693455614
2022-06-07T18:00:00.0;0.075474563342048
2022-06-07T19:00:00.0;0.08228805828682777
2022-06-07T20:00:00.0;0.08674218612593272
2022-06-07T21:00:00.0;0.08668285797856823
2022-06-07T22:00:00.0;0.08370536882012822
2022-06-07T23:00:00.0;0.07875213518086654
2022-06-08T00:00:00.0;0.07794546729393195
2022-06-08T01:00:00.0;0.07482893097125816
2022-06-08T02:00:00.0;0.07185649289747657
2022-06-08T03:00:00.0;0.06864006549871984
2022-06-08T04:00:00.0;0.06605314927863042
2022-06-08T05:00:00.0;0.06310522100071897
2022-06-08T06:00:00.0;0.06399264808479692
2022-06-08T07:00:00.0;0.062446199567984945
2022-06-08T08:00:00.0;0.05823482795660011
2022-06-08T09:00:00.0;0.05397560342292202
2022-06-08T10:00:00.0;0.049794199071553386
2022-06-08T11:00:00.0;0.04774479727661967
2022-06-08T12:00:00.0;0.04769100676184204
2022-06-08T13:00:00.0;0.04987346824943478
2022-06-08T14:00:00.0;0.05291859279868637
2022-06-08T15:00:00.0;0.057914713322193945
2022-06-08T16:00:00.0;0.0646471604505983
2022-06-08T17:00:00.0;0.07193857950623934
2022-06-08T18:00:00.0;0.07882221339474746
2022-06-08T19:00:00.0;0.08465943787589768
2022-06-08T20:00:00.0;0.08858500681235551
2022-06-08T21:00:00.0;0.0887440295071437
2022-06-08T22:00:00.0;0.08563537641903204
2022-06-08T23:00:00.0;0.08063603046774032
2022-06-09T00:00:00.0;0.0767060094470505
2022-06-09T01:00:00.0;0.0737531498827809
2022-06-09T02:00:00.0;0.07084262114090598
2022-06-09T03:00:00.0;0.06755291546635736
2022-06-09T04:00:00.0;0.06490053678691184
2022-06-09T05:00:00.0;0.0613113153882039
2022-06-09T06:00:00.0;0.061694324537995796
2022-06-09T07:00:00.0;0.05857556425837559
2022-06-09T08:00:00.0;0.05277675615744671
2022-06-09T09:00:00.0;0.04787339743058222
2022-06-09T10:00:00.0;0.04351575517564665
2022-06-09T11:00:00.0;0.0415292999194084
2022-06-09T12:00:00.0;0.04180630973220008
2022-06-09T13:00:00.0;0.044714048344323326
2022-06-09T14:00:00.0;0.04839312668433452
2022-06-09T15:00:00.0;0.05378253611179607
2022-06-09T16:00:00.0;0.060834003978710804
2022-06-09T17:00:00.0;0.06759985495590165
2022-06-09T18:00:00.0;0.0751241160119343
2022-06-09T19:00:00.0;0.08208358834017838
2022-06-09T20:00:00.0;0.08714131744721439
2022-06-09T21:00:00.0;0.08777854647021441
2022-06-09T22:00:00.0;0.08469169603628356
2022-06-09T23:00:00.0;0.07929389713660336
2022-06-10T00:00:00.0;0.07641219828743585
2022-06-10T01:00:00.0;0.07327613146040776
2022-06-10T02:00:00.0;0.07041682780554638
2022-06-10T03:00:00.0;0.06743918233300206
2022-06-10T04:00:00.0;0.06530041288817645
2022-06-10T05:00:00.0;0.06407893629441111
2022-06-10T06:00:00.0;0.06503971389056207
2022-06-10T07:00:00.0;0.06319782767797973
2022-06-10T08:00:00.0;0.05818172920295941
2022-06-10T09:00:00.0;0.05264310208555819
2022-06-10T10:00:00.0;0.047931834405275424
2022-06-10T11:00:00.0;0.04570794326969844
2022-06-10T12:00:00.0;0.04539131153446078
2022-06-10T13:00:00.0;0.04689166739872039
2022-06-10T14:00:00.0;0.04988039301331903
2022-06-10T15:00:00.0;0.055149556586814356
2022-06-10T16:00:00.0;0.06265406086031379
2022-06-10T17:00:00.0;0.07012444535089243
2022-06-10T18:00:00.0;0.07671835375987505
2022-06-10T19:00:00.0;0.08313366396963513
2022-06-10T20:00:00.0;0.08694730489509268
2022-06-10T21:00:00.0;0.08638636728783869
2022-06-10T22:00:00.0;0.08345985155673842
2022-06-10T23:00:00.0;0.07885349919429444
2022-06-11T00:00:00.0;0.0740560096567859
2022-06-11T01:00:00.0;0.0709372187441939
2022-06-11T02:00:00.0;0.06824398452850301
2022-06-11T03:00:00.0;0.06556310688613608
2022-06-11T04:00:00.0;0.0640003017474403
2022-06-11T05:00:00.0;0.064895156098
2022-06-11T06:00:00.0;0.06582011486953676
2022-06-11T07:00:00.0;0.0631728555244556
2022-06-11T08:00:00.0;0.05667325062958453
2022-06-11T09:00:00.0;0.04927134545458433
2022-06-11T10:00:00.0;0.043812257377827235
2022-06-11T11:00:00.0;0.041373980351693124
2022-06-11T12:00:00.0;0.04079658998146739
2022-06-11T13:00:00.0;0.0415851492608525
2022-06-11T14:00:00.0;0.04466626501790564
2022-06-11T15:00:00.0;0.05040048756364358
2022-06-11T16:00:00.0;0.05901102808763481
2022-06-11T17:00:00.0;0.06657982359383564
2022-06-11T18:00:00.0;0.07295902535905471
2022-06-11T19:00:00.0;0.08043525995786564
2022-06-11T20:00:00.0;0.08439906341780574
2022-06-11T21:00:00.0;0.08301111816202045
2022-06-11T22:00:00.0;0.08033144328039366
2022-06-11T23:00:00.0;0.0761403063860296
2022-06-12T00:00:00.0;0.07657128894817085
2022-06-12T01:00:00.0;0.07360999377794086
2022-06-12T02:00:00.0;0.07071051183957094
2022-06-12T03:00:00.0;0.06745175772076537
2022-06-12T04:00:00.0;0.06485477070267587
2022-06-12T05:00:00.0;0.06149351042463472
2022-06-12T06:00:00.0;0.061904071170346485
2022-06-12T07:00:00.0;0.058809281021349184
2022-06-12T08:00:00.0;0.05297484586337675
2022-06-12T09:00:00.0;0.04794446621175468
2022-06-12T10:00:00.0;0.043530828733291234
2022-06-12T11:00:00.0;0.041521403794387846
2022-06-12T12:00:00.0;0.04175497767208178
2022-06-12T13:00:00.0;0.04455498159759458
2022-06-12T14:00:00.0;0.04820366075878945
2022-06-12T15:00:00.0;0.05361059977077591
2022-06-12T16:00:00.0;0.06074132766137917
2022-06-12T17:00:00.0;0.0675479986748275
2022-06-12T18:00:00.0;0.07501404728893019
2022-06-12T19:00:00.0;0.08199979074034519
2022-06-12T20:00:00.0;0.08700190693395553
2022-06-12T21:00:00.0;0.08753618029252172
2022-06-12T22:00:00.0;0.08447002982005485
2022-06-12T23:00:00.0;0.07913357511667704
2022-06-13T00:00:00.0;0.0754093010777684
2022-06-13T01:00:00.0;0.07237524733043268
2022-06-13T02:00:00.0;0.06957104600478518
2022-06-13T03:00:00.0;0.06657925446882777
2022-06-13T04:00:00.0;0.06446003021997088
2022-06-13T05:00:00.0;0.06306497448645705
2022-06-13T06:00:00.0;0.06371317256676418
2022-06-13T07:00:00.0;0.060825128987646075
2022-06-13T08:00:00.0;0.05468340423019166
2022-06-13T09:00:00.0;0.04855744688190836
2022-06-13T10:00:00.0;0.04366084080489485
2022-06-13T11:00:00.0;0.041453298334763154
2022-06-13T12:00:00.0;0.04131222967369797
2022-06-13T13:00:00.0;0.04318300308044028
2022-06-13T14:00:00.0;0.04656948400641099
2022-06-13T15:00:00.0;0.05212761875149326
2022-06-13T16:00:00.0;0.05994197821190058
2022-06-13T17:00:00.0;0.0671007291789939
2022-06-13T18:00:00.0;0.07406468529795562
2022-06-13T19:00:00.0;0.08127702178250454
2022-06-13T20:00:00.0;0.08579946686907654
2022-06-13T21:00:00.0;0.08544572961117224
2022-06-13T22:00:00.0;0.08255811992751594
2022-06-13T23:00:00.0;0.07775076964860032
2022-06-14T00:00:00.0;0.0767060094470505
2022-06-14T01:00:00.0;0.0737531498827809
2022-06-14T02:00:00.0;0.07084262114090598
2022-06-14T03:00:00.0;0.06755291546635736
2022-06-14T04:00:00.0;0.06490053678691184
2022-06-14T05:00:00.0;0.0613113153882039
2022-06-14T06:00:00.0;0.061694324537995796
2022-06-14T07:00:00.0;0.05857556425837559
2022-06-14T08:00:00.0;0.05277675615744671
2022-06-14T09:00:00.0;0.04787339743058222
2022-06-14T10:00:00.0;0.04351575517564665
2022-06-14T11:00:00.0;0.0415292999194084
2022-06-14T12:00:00.0;0.04180630973220008
2022-06-14T13:00:00.0;0.044714048344323326
2022-06-14T14:00:00.0;0.04839312668433452
2022-06-14T15:00:00.0;0.05378253611179607
2022-06-14T16:00:00.0;0.060834003978710804
2022-06-14T17:00:00.0;0.06759985495590165
2022-06-14T18:00:00.0;0.0751241160119343
2022-06-14T19:00:00.0;0.08208358834017838
2022-06-14T20:00:00.0;0.08714131744721439
2022-06-14T21:00:00.0;0.08777854647021441
2022-06-14T22:00:00.0;0.08469169603628356
2022-06-14T23:00:00.0;0.07929389713660336
2022-06-15T00:00:00.0;0.0767060094470505
2022-06-15T01:00:00.0;0.0737531498827809
2022-06-15T02:00:00.0;0.07084262114090598
2022-06-15T03:00:00.0;0.06755291546635736
2022-06-15T04:00:00.0;0.06490053678691184
2022-06-15T05:00:00.0;0.0613113153882039
2022-06-15T06:00:00.0;0.061694324537995796
2022-06-15T07:00:00.0;0.05857556425837559
2022-06-15T08:00:00.0;0.05277675615744671
2022-06-15T09:00:00.0;0.04787339743058222
2022-06-15T10:00:00.0;0.04351575517564665
2022-06-15T11:00:00.0;0.0415292999194084
2022-06-15T12:00:00.0;0.04180630973220008
2022-06-15T13:00:00.0;0.044714048344323326
2022-06-15T14:00:00.0;0.04839312668433452
2022-06-15T15:00:00.0;0.05378253611179607
2022-06-15T16:00:00.0;0.060834003978710804
2022-06-15T17:00:00.0;0.06759985495590165
2022-06-15T18:00:00.0;0.0751241160119343
2022-06-15T19:00:00.0;0.08208358834017838
2022-06-15T20:00:00.0;0.08714131744721439
2022-06-15T21:00:00.0;0.08777854647021441
2022-06-15T22:00:00.0;0.08469169603628356
2022-06-15T23:00:00.0;0.07929389713660336
2022-06-16T00:00:00.0;0.07668314030725061
2022-06-16T01:00:00.0;0.07373153532346725
2022-06-16T02:00:00.0;0.07082324165865282
2022-06-16T03:00:00.0;0.06754445159293712
2022-06-16T04:00:00.0;0.0649010678005424
2022-06-16T05:00:00.0;0.06134556781587419
2022-06-16T06:00:00.0;0.061707617894535646
2022-06-16T07:00:00.0;0.058589996384352666
2022-06-16T08:00:00.0;0.05280589556703535
2022-06-16T09:00:00.0;0.047903709787434974
2022-06-16T10:00:00.0;0.04358651934172357
2022-06-16T11:00:00.0;0.041601933600399696
2022-06-16T12:00:00.0;0.04187611548093459
2022-06-16T13:00:00.0;0.04475086237128527
2022-06-16T14:00:00.0;0.04843755173941876
2022-06-16T15:00:00.0;0.05380563849662984
2022-06-16T16:00:00.0;0.060842117600448574
2022-06-16T17:00:00.0;0.0675911761864768
2022-06-16T18:00:00.0;0.07512010397627245
2022-06-16T19:00:00.0;0.08207995424104163
2022-06-16T20:00:00.0;0.0871271030922529
2022-06-16T21:00:00.0;0.08775341169167175
2022-06-16T22:00:00.0;0.08467875501387002
2022-06-16T23:00:00.0;0.07929959508913635
2022-06-17T00:00:00.0;0.07548243607273267
2022-06-17T01:00:00.0;0.07247274454494294
2022-06-17T02:00:00.0;0.06966519615042552
2022-06-17T03:00:00.0;0.06669829154942504
2022-06-17T04:00:00.0;0.06454599285876068
2022-06-17T05:00:00.0;0.06299054677599673
2022-06-17T06:00:00.0;0.06343501292896676
2022-06-17T07:00:00.0;0.060512379649900236
2022-06-17T08:00:00.0;0.05454282895282822
2022-06-17T09:00:00.0;0.04865324022508799
2022-06-17T10:00:00.0;0.04415489970717319
2022-06-17T11:00:00.0;0.04200230527297856
2022-06-17T12:00:00.0;0.04191828744743458
2022-06-17T13:00:00.0;0.04373927459466482
2022-06-17T14:00:00.0;0.0472363022355533
2022-06-17T15:00:00.0;0.05260599574837658
2022-06-17T16:00:00.0;0.060167880388827075
2022-06-17T17:00:00.0;0.06712979294461173
2022-06-17T18:00:00.0;0.07423248041339747
2022-06-17T19:00:00.0;0.08140049930766102
2022-06-17T20:00:00.0;0.08594474138331881
2022-06-17T21:00:00.0;0.08569517541493658
2022-06-17T22:00:00.0;0.08286024424663993
2022-06-17T23:00:00.0;0.07808016328461065
2022-06-18T00:00:00.0;0.0767060094470505
2022-06-18T01:00:00.0;0.0737531498827809
2022-06-18T02:00:00.0;0.07084262114090598
2022-06-18T03:00:00.0;0.06755291546635736
2022-06-18T04:00:00.0;0.06490053678691184
2022-06-18T05:00:00.0;0.0613113153882039
2022-06-18T06:00:00.0;0.061694324537995796
2022-06-18T07:00:00.0;0.05857556425837559
2022-06-18T08:00:00.0;0.05277675615744671
2022-06-18T09:00:00.0;0.04787339743058222
2022-06-18T10:00:00.0;0.04351575517564665
2022-06-18T11:00:00.0;0.0415292999194084
2022-06-18T12:00:00.0;0.04180630973220008
2022-06-18T13:00:00.0;0.044714048344323326
2022-06-18T14:00:00.0;0.04839312668433452
2022-06-18T15:00:00.0;0.05378253611179607
2022-06-18T16:00:00.0;0.060834003978710804
2022-06-18T17:00:00.0;0.06759985495590165
2022-06-18T18:00:00.0;0.0751241160119343
2022-06-18T19:00:00.0;0.08208358834017838
2022-06-18T20:00:00.0;0.08714131744721439
2022-06-18T21:00:00.0;0.08777854647021441
2022-06-18T22:00:00.0;0.08469169603628356
2022-06-18T23:00:00.0;0.07929389713660336
2022-06-19T00:00:00.0;0.07446117022534872
2022-06-19T01:00:00.0;0.0713677486881339
2022-06-19T02:00:00.0;0.06864129214008748
2022-06-19T03:00:00.0;0.06586733029726818
2022-06-19T04:00:00.0;0.06413793939623273
2022-06-19T05:00:00.0;0.06434721985100332
2022-06-19T06:00:00.0;0.06518931951527328
2022-06-19T07:00:00.0;0.062469972018556204
2022-06-19T08:00:00.0;0.056077512501025814
2022-06-19T09:00:00.0;0.04905761207305474
2022-06-19T10:00:00.0;0.04376692492110141
2022-06-19T11:00:00.0;0.04139772728352143
2022-06-19T12:00:00.0;0.04095096683455201
2022-06-19T13:00:00.0;0.04206352912197247
2022-06-19T14:00:00.0;0.04523606785233324
2022-06-19T15:00:00.0;0.05091757164708786
2022-06-19T16:00:00.0;0.05928974431667682
2022-06-19T17:00:00.0;0.06673577699735093
2022-06-19T18:00:00.0;0.07329004778521994
2022-06-19T19:00:00.0;0.08068727419085145
2022-06-19T20:00:00.0;0.08481832881012034
2022-06-19T21:00:00.0;0.08374001405515463
2022-06-19T22:00:00.0;0.08099808578057195
2022-06-19T23:00:00.0;0.07662246137570579
2022-06-20T00:00:00.0;0.07554748138129543
2022-06-20T01:00:00.0;0.0725250150565683
2022-06-20T02:00:00.0;0.06970987638892634
2022-06-20T03:00:00.0;0.0666925238832765
2022-06-20T04:00:00.0;0.06451603969697353
2022-06-20T05:00:00.0;0.06288173246419172
2022-06-20T06:00:00.0;0.0634736628113326
2022-06-20T07:00:00.0;0.06055783211159151
2022-06-20T08:00:00.0;0.05447532525843957
2022-06-20T09:00:00.0;0.04850449004457569
2022-06-20T10:00:00.0;0.04371989777412915
2022-06-20T11:00:00.0;0.04154221743184815
2022-06-20T12:00:00.0;0.041450666293381865
2022-06-20T13:00:00.0;0.0434158768959874
2022-06-20T14:00:00.0;0.04684749101602746
2022-06-20T15:00:00.0;0.05236109887779657
2022-06-20T16:00:00.0;0.060063087097445636
2022-06-20T17:00:00.0;0.06715405263529269
2022-06-20T18:00:00.0;0.0741936110340036
2022-06-20T19:00:00.0;0.08137454231840202
2022-06-20T20:00:00.0;0.08595278321972269
2022-06-20T21:00:00.0;0.08571180901698897
2022-06-20T22:00:00.0;0.08281245095750675
2022-06-20T23:00:00.0;0.07795116798892897
2022-06-21T00:00:00.0;0.07651394847811362
2022-06-21T01:00:00.0;0.073571625206241
2022-06-21T02:00:00.0;0.0706798672213619
2022-06-21T03:00:00.0;0.06748183366160772
2022-06-21T04:00:00.0;0.06490499637714126
2022-06-21T05:00:00.0;0.06159897616182121
2022-06-21T06:00:00.0;0.061805965594887644
2022-06-21T07:00:00.0;0.0586967689964301
2022-06-21T08:00:00.0;0.05302147647875368
2022-06-21T09:00:00.0;0.04812796846730876
2022-06-21T10:00:00.0;0.04411005100057358
2022-06-21T11:00:00.0;0.042139296415590985
2022-06-21T12:00:00.0;0.04239255651964508
2022-06-21T13:00:00.0;0.04502322209334271
2022-06-21T14:00:00.0;0.048766219822039526
2022-06-21T15:00:00.0;0.05397655593303777
2022-06-21T16:00:00.0;0.06090214427896608
2022-06-21T17:00:00.0;0.06752696839875501
2022-06-21T18:00:00.0;0.07509042189561119
2022-06-21T19:00:00.0;0.08205306823284048
2022-06-21T20:00:00.0;0.08702194160664466
2022-06-21T21:00:00.0;0.08756745807934536
2022-06-21T22:00:00.0;0.08458301397278999
2022-06-21T23:00:00.0;0.07934175002018455
2022-06-22T00:00:00.0;0.07650287729444057
2022-06-22T01:00:00.0;0.07356116137776877
2022-06-22T02:00:00.0;0.07067048541647589
2022-06-22T03:00:00.0;0.06747773621421613
2022-06-22T04:00:00.0;0.06490525344625221
2022-06-22T05:00:00.0;0.061615558111177596
2022-06-22T06:00:00.0;0.06181240104428241
2022-06-22T07:00:00.0;0.05870375573571645
2022-06-22T08:00:00.0;0.053035583163941795
2022-06-22T09:00:00.0;0.04814264298822282
2022-06-22T10:00:00.0;0.04414430865464205
2022-06-22T11:00:00.0;0.04217445912088472
2022-06-22T12:00:00.0;0.042426350194109334
2022-06-22T13:00:00.0;0.04504104413902553
2022-06-22T14:00:00.0;0.0487877264440125
2022-06-22T15:00:00.0;0.053987740033009095
2022-06-22T16:00:00.0;0.060906072165948205
2022-06-22T17:00:00.0;0.06752276691801723
2022-06-22T18:00:00.0;0.07508847962825421
2022-06-22T19:00:00.0;0.08205130892840745
2022-06-22T20:00:00.0;0.08701506029252659
2022-06-22T21:00:00.0;0.08755529007686418
2022-06-22T22:00:00.0;0.08457674909193695
2022-06-22T23:00:00.0;0.07934450845708271
2022-06-23T00:00:00.0;0.07646783124600633
2022-06-23T01:00:00.0;0.07352803792410069
2022-06-23T02:00:00.0;0.07064078712963096
2022-06-23T03:00:00.0;0.06746476566436502
2022-06-23T04:00:00.0;0.06490606720355045
2022-06-23T05:00:00.0;0.061668048596155496
2022-06-23T06:00:00.0;0.0618327725851985
2022-06-23T07:00:00.0;0.05872587239556583
2022-06-23T08:00:00.0;0.05308023815178675
2022-06-23T09:00:00.0;0.04818909547116331
2022-06-23T10:00:00.0;0.0442527519285667
2022-06-23T11:00:00.0;0.04228576735216288
2022-06-23T12:00:00.0;0.04253332473152286
2022-06-23T13:00:00.0;0.04509746017317712
2022-06-23T14:00:00.0;0.04885580607646916
2022-06-23T15:00:00.0;0.0540231435201938
2022-06-23T16:00:00.0;0.06091850596900715
2022-06-23T17:00:00.0;0.06750946704857419
2022-06-23T18:00:00.0;0.07508233134295116
2022-06-23T19:00:00.0;0.08204573981581835
2022-06-23T20:00:00.0;0.08699327735810926
2022-06-23T21:00:00.0;0.08751677202704256
2022-06-23T22:00:00.0;0.08455691748907558
2022-06-23T23:00:00.0;0.07935324034303012
2022-06-24T00:00:00.0;0.07620317758610866
2022-06-24T01:00:00.0;0.07327790292648016
2022-06-24T02:00:00.0;0.07041651761402631
2022-06-24T03:00:00.0;0.06736681728951688
2022-06-24T04:00:00.0;0.06491221237131875
2022-06-24T05:00:00.0;0.06206443562350531
2022-06-24T06:00:00.0;0.06198661026739295
2022-06-24T07:00:00.0;0.05889288851394023
2022-06-24T08:00:00.0;0.053417454656752454
2022-06-24T09:00:00.0;0.04853988593601702
2022-06-24T10:00:00.0;0.04507167191006749
2022-06-24T11:00:00.0;0.04312632233911875
2022-06-24T12:00:00.0;0.043341153405716204
2022-06-24T13:00:00.0;0.04552349136876665
2022-06-24T14:00:00.0;0.04936991607457493
2022-06-24T15:00:00.0;0.05429049641374908
2022-06-24T16:00:00.0;0.06101240104799641
2022-06-24T17:00:00.0;0.06740903178464225
2022-06-24T18:00:00.0;0.0750359019655962
2022-06-24T19:00:00.0;0.08200368411781706
2022-06-24T20:00:00.0;0.08682878139995066
2022-06-24T21:00:00.0;0.08722589920933975
2022-06-24T22:00:00.0;0.08440715720187086
2022-06-24T23:00:00.0;0.07941918003315313
2022-06-25T00:00:00.0;0.07602010906469146
2022-06-25T01:00:00.0;0.07303978114340905
2022-06-25T02:00:00.0;0.07018756828140528
2022-06-25T03:00:00.0;0.0670880670311426
2022-06-25T04:00:00.0;0.06471535227011971
2022-06-25T05:00:00.0;0.062258076946808245
2022-06-25T06:00:00.0;0.06263364590034426
2022-06-25T07:00:00.0;0.05962004062533575
2022-06-25T08:00:00.0;0.05375943446784228
2022-06-25T09:00:00.0;0.04834037414600064
2022-06-25T10:00:00.0;0.043985494273918194
2022-06-25T11:00:00.0;0.041915332588314036
2022-06-25T12:00:00.0;0.04199738816706295
2022-06-25T13:00:00.0;0.044271898222617345
2022-06-25T14:00:00.0;0.047869793521844464
2022-06-25T15:00:00.0;0.05320844537080988
2022-06-25T16:00:00.0;0.060499559713075864
2022-06-25T17:00:00.0;0.06733655414681483
2022-06-25T18:00:00.0;0.07464826633318979
2022-06-25T19:00:00.0;0.08171797419167828
2022-06-25T20:00:00.0;0.0864859945318803
2022-06-25T21:00:00.0;0.0866368254612914
2022-06-25T22:00:00.0;0.08370537739663352
2022-06-25T23:00:00.0;0.07866729491752211
2022-06-26T00:00:00.0;0.0767060094470505
2022-06-26T01:00:00.0;0.0737531498827809
2022-06-26T02:00:00.0;0.07084262114090598
2022-06-26T03:00:00.0;0.06755291546635736
2022-06-26T04:00:00.0;0.06490053678691184
2022-06-26T05:00:00.0;0.0613113153882039
2022-06-26T06:00:00.0;0.061694324537995796
2022-06-26T07:00:00.0;0.05857556425837559
2022-06-26T08:00:00.0;0.05277675615744671
2022-06-26T09:00:00.0;0.04787339743058222
2022-06-26T10:00:00.0;0.04351575517564665
2022-06-26T11:00:00.0;0.0415292999194084
2022-06-26T12:00:00.0;0.04180630973220008
2022-06-26T13:00:00.0;0.044714048344323326
2022-06-26T14:00:00.0;0.04839312668433452
2022-06-26T15:00:00.0;0.05378253611179607
2022-06-26T16:00:00.0;0.060834003978710804
2022-06-26T17:00:00.0;0.06759985495590165
2022-06-26T18:00:00.0;0.0751241160119343
2022-06-26T19:00:00.0;0.08208358834017838
2022-06-26T20:00:00.0;0.08714131744721439
2022-06-26T21:00:00.0;0.08777854647021441
2022-06-26T22:00:00.0;0.08469169603628356
2022-06-26T23:00:00.0;0.07929389713660336
2022-06-27T00:00:00.0;0.07619589986814498
2022-06-27T01:00:00.0;0.07326723881199877
2022-06-27T02:00:00.0;0.07040890810291485
2022-06-27T03:00:00.0;0.06738898761684857
2022-06-27T04:00:00.0;0.06495912337011794
2022-06-27T05:00:00.0;0.06221976121665209
2022-06-27T06:00:00.0;0.06211027984568517
2022-06-27T07:00:00.0;0.05908157122118572
2022-06-27T08:00:00.0;0.053705162468961655
2022-06-27T09:00:00.0;0.04885596751888002
2022-06-27T10:00:00.0;0.04549434223056696
2022-06-27T11:00:00.0;0.043551105999358415
2022-06-27T12:00:00.0;0.043745884875561324
2022-06-27T13:00:00.0;0.04581828232722258
2022-06-27T14:00:00.0;0.0496583673016079
2022-06-27T15:00:00.0;0.05451087829007679
2022-06-27T16:00:00.0;0.061183249766381766
2022-06-27T17:00:00.0;0.06755932208402651
2022-06-27T18:00:00.0;0.07517233793719073
2022-06-27T19:00:00.0;0.08209664883686894
2022-06-27T20:00:00.0;0.08685089724874666
2022-06-27T21:00:00.0;0.0872022023067541
2022-06-27T22:00:00.0;0.08441262578352354
2022-06-27T23:00:00.0;0.07948631346523509
2022-06-28T00:00:00.0;0.0763811752265021
2022-06-28T01:00:00.0;0.07344613577605985
2022-06-28T02:00:00.0;0.07056735416246189
2022-06-28T03:00:00.0;0.06743269425343297
2022-06-28T04:00:00.0;0.06490807932678423
2022-06-28T05:00:00.0;0.06179783830692892
2022-06-28T06:00:00.0;0.06188314393163626
2022-06-28T07:00:00.0;0.05878055878084751
2022-06-28T08:00:00.0;0.05319065355296712
2022-06-28T09:00:00.0;0.0483039554182202
2022-06-28T10:00:00.0;0.04452089235752116
2022-06-28T11:00:00.0;0.042560991769509615
2022-06-28T12:00:00.0;0.042797833513959625
2022-06-28T13:00:00.0;0.04523695632678666
2022-06-28T14:00:00.0;0.049024142029353374
2022-06-28T15:00:00.0;0.05411068335458488
2022-06-28T16:00:00.0;0.06094925020205267
2022-06-28T17:00:00.0;0.0674765813511175
2022-06-28T18:00:00.0;0.07506712888918121
2022-06-28T19:00:00.0;0.0820319694436736
2022-06-28T20:00:00.0;0.08693941615337825
2022-06-28T21:00:00.0;0.08742153102197257
2022-06-28T22:00:00.0;0.08450788121134571
2022-06-28T23:00:00.0;0.07937483109327936
2022-06-29T00:00:00.0;0.07637027470332543
2022-06-29T01:00:00.0;0.07343583324580231
2022-06-29T02:00:00.0;0.07055811697657291
2022-06-29T03:00:00.0;0.06742865996752677
2022-06-29T04:00:00.0;0.06490833243321666
2022-06-29T05:00:00.0;0.06181416464823186
2022-06-29T06:00:00.0;0.061889480179624874
2022-06-29T07:00:00.0;0.05878743782068366
2022-06-29T08:00:00.0;0.053204542785896515
2022-06-29T09:00:00.0;0.048318403733780144
2022-06-29T10:00:00.0;0.04455462193542175
2022-06-29T11:00:00.0;0.04259561244741797
2022-06-29T12:00:00.0;0.04283110626442616
2022-06-29T13:00:00.0;0.04525450364853277
2022-06-29T14:00:00.0;0.04904531713024516
2022-06-29T15:00:00.0;0.05412169505347345
2022-06-29T16:00:00.0;0.060953117541295565
2022-06-29T17:00:00.0;0.06747244463552222
2022-06-29T18:00:00.0;0.07506521656155977
2022-06-29T19:00:00.0;0.08203023725863239
2022-06-29T20:00:00.0;0.08693264091359856
2022-06-29T21:00:00.0;0.08740955058727139
2022-06-29T22:00:00.0;0.0845017129026125
2022-06-29T23:00:00.0;0.07937754700932122
2022-06-30T00:00:00.0;0.07625156078774448
2022-06-30T01:00:00.0;0.07331713317832836
2022-06-30T02:00:00.0;0.07045504192693287
2022-06-30T03:00:00.0;0.06742740679478866
2022-06-30T04:00:00.0;0.06499132937461256
2022-06-30T05:00:00.0;0.062239899444032874
2022-06-30T06:00:00.0;0.06216352336887275
2022-06-30T07:00:00.0;0.05917837611967025
2022-06-30T08:00:00.0;0.05383378521361424
2022-06-30T09:00:00.0;0.049001802460322826
2022-06-30T10:00:00.0;0.04560888485706585
2022-06-30T11:00:00.0;0.04366218662138593
2022-06-30T12:00:00.0;0.043850122593345656
2022-06-30T13:00:00.0;0.045931551840764424
2022-06-30T14:00:00.0;0.04974683312972161
2022-06-30T15:00:00.0;0.05460732108243833
2022-06-30T16:00:00.0;0.06128409321598441
2022-06-30T17:00:00.0;0.06769013259037832
2022-06-30T18:00:00.0;0.07528079687747231
2022-06-30T19:00:00.0;0.08217294733917285
2022-06-30T20:00:00.0;0.08690458490553882
2022-06-30T21:00:00.0;0.08725212717553991
2022-06-30T22:00:00.0;0.08445099334889035
2022-06-30T23:00:00.0;0.07951925805143205
2022-07-01T00:00:00.0;0.07403151983126531
2022-07-01T01:00:00.0;0.07095154026736947
2022-07-01T02:00:00.0;0.06826571823055397
2022-07-01T03:00:00.0;0.06567548784179032
2022-07-01T04:00:00.0;0.06411662507920414
2022-07-01T05:00:00.0;0.0649781991440112
2022-07-01T06:00:00.0;0.06552318119388502
2022-07-01T07:00:00.0;0.06283627506259486
2022-07-01T08:00:00.0;0.0566418798612011
2022-07-01T09:00:00.0;0.04955830492896862
2022-07-01T10:00:00.0;0.044839261700191584
2022-07-01T11:00:00.0;0.04248343940736558
2022-07-01T12:00:00.0;0.04196641339298249
2022-07-01T13:00:00.0;0.04251458093498013
2022-07-01T14:00:00.0;0.04578196269638528
2022-07-01T15:00:00.0;0.051154474835902394
2022-07-01T16:00:00.0;0.05935227972530734
2022-07-01T17:00:00.0;0.06657225863068544
2022-07-01T18:00:00.0;0.07315935741150993
2022-07-01T19:00:00.0;0.08057907204561524
2022-07-01T20:00:00.0;0.08451564889564477
2022-07-01T21:00:00.0;0.08320745020601689
2022-07-01T22:00:00.0;0.08066188709919159
2022-07-01T23:00:00.0;0.07660542889107928
2022-07-02T00:00:00.0;0.07499930571697459
2022-07-02T01:00:00.0;0.07193957986080612
2022-07-02T02:00:00.0;0.06916899731052178
2022-07-02T03:00:00.0;0.06627140075134616
2022-07-02T04:00:00.0;0.06432075013732207
2022-07-02T05:00:00.0;0.06361944927179042
2022-07-02T06:00:00.0;0.06435149521937499
2022-07-02T07:00:00.0;0.06153640002179303
2022-07-02T08:00:00.0;0.05528625131825718
2022-07-02T09:00:00.0;0.0487737307497703
2022-07-02T10:00:00.0;0.04370671421507616
2022-07-02T11:00:00.0;0.041429268030142866
2022-07-02T12:00:00.0;0.041156010637370816
2022-07-02T13:00:00.0;0.04269891469925329
2022-07-02T14:00:00.0;0.04599288169905625
2022-07-02T15:00:00.0;0.05160436428943026
2022-07-02T16:00:00.0;0.05965993605441591
2022-07-02T17:00:00.0;0.06694291477921634
2022-07-02T18:00:00.0;0.0737297127720559
2022-07-02T19:00:00.0;0.08102200025673094
2022-07-02T20:00:00.0;0.08537519837128038
2022-07-02T21:00:00.0;0.0847081357832567
2022-07-02T22:00:00.0;0.08188352236401017
2022-07-02T23:00:00.0;0.07726286109014402
2022-07-03T00:00:00.0;0.0767060094470505
2022-07-03T01:00:00.0;0.0737531498827809
2022-07-03T02:00:00.0;0.07084262114090598
2022-07-03T03:00:00.0;0.06755291546635736
2022-07-03T04:00:00.0;0.06490053678691184
2022-07-03T05:00:00.0;0.0613113153882039
2022-07-03T06:00:00.0;0.061694324537995796
2022-07-03T07:00:00.0;0.05857556425837559
2022-07-03T08:00:00.0;0.05277675615744671
2022-07-03T09:00:00.0;0.04787339743058222
2022-07-03T10:00:00.0;0.04351575517564665
2022-07-03T11:00:00.0;0.0415292999194084
2022-07-03T12:00:00.0;0.04180630973220008
2022-07-03T13:00:00.0;0.044714048344323326
2022-07-03T14:00:00.0;0.04839312668433452
2022-07-03T15:00:00.0;0.05378253611179607
2022-07-03T16:00:00.0;0.060834003978710804
2022-07-03T17:00:00.0;0.06759985495590165
2022-07-03T18:00:00.0;0.0751241160119343
2022-07-03T19:00:00.0;0.08208358834017838
2022-07-03T20:00:00.0;0.08714131744721439
2022-07-03T21:00:00.0;0.08777854647021441
2022-07-03T22:00:00.0;0.08469169603628356
2022-07-03T23:00:00.0;0.07929389713660336
2022-07-04T00:00:00.0;0.07643267093892384
2022-07-04T01:00:00.0;0.07349480647991127
2022-07-04T02:00:00.0;0.07061099201914221
2022-07-04T03:00:00.0;0.0674517528273643
2022-07-04T04:00:00.0;0.06490688361389554
2022-07-04T05:00:00.0;0.061720710212890835
2022-07-04T06:00:00.0;0.061853210542296484
2022-07-04T07:00:00.0;0.05874806116110959
2022-07-04T08:00:00.0;0.053125038725761284
2022-07-04T09:00:00.0;0.0482356994005049
2022-07-04T10:00:00.0;0.044361548753959874
2022-07-04T11:00:00.0;0.04239743847536786
2022-07-04T12:00:00.0;0.042640648031966384
2022-07-04T13:00:00.0;0.045154060137331926
2022-07-04T14:00:00.0;0.04892410766509848
2022-07-04T15:00:00.0;0.054058662431364084
2022-07-04T16:00:00.0;0.0609309803092905
2022-07-04T17:00:00.0;0.06749612381831951
2022-07-04T18:00:00.0;0.07507616301274148
2022-07-04T19:00:00.0;0.08204015254656666
2022-07-04T20:00:00.0;0.08697142340602364
2022-07-04T21:00:00.0;0.08747812839900306
2022-07-04T22:00:00.0;0.08453702123036178
2022-07-04T23:00:00.0;0.07936200069705109
2022-07-05T00:00:00.0;0.07630566206400947
2022-07-05T01:00:00.0;0.07337476519789472
2022-07-05T02:00:00.0;0.0705033637367087
2022-07-05T03:00:00.0;0.0674047468162101
2022-07-05T04:00:00.0;0.06490983271667657
2022-07-05T05:00:00.0;0.061910938719059276
2022-07-05T06:00:00.0;0.06192703816645443
2022-07-05T07:00:00.0;0.05882821319564219
2022-07-05T08:00:00.0;0.05328687094419653
2022-07-05T09:00:00.0;0.04840404584350887
2022-07-05T10:00:00.0;0.044754553353010255
2022-07-05T11:00:00.0;0.0428008258429871
2022-07-05T12:00:00.0;0.043028329846276164
2022-07-05T13:00:00.0;0.04535851505721162
2022-07-05T14:00:00.0;0.04917083212931667
2022-07-05T15:00:00.0;0.054186966684661324
2022-07-05T16:00:00.0;0.060976041119509536
2022-07-05T17:00:00.0;0.06744792433421393
2022-07-05T18:00:00.0;0.07505388127674316
2022-07-05T19:00:00.0;0.08201996976545965
2022-07-05T20:00:00.0;0.08689248081145776
2022-07-05T21:00:00.0;0.08733853679337823
2022-07-05T22:00:00.0;0.08446515037245611
2022-07-05T23:00:00.0;0.07939364554888485
2022-07-06T00:00:00.0;0.07667195335038779
2022-07-06T01:00:00.0;0.07369367963197578
2022-07-06T02:00:00.0;0.07080336723160906
2022-07-06T03:00:00.0;0.06771950015100266
2022-07-06T04:00:00.0;0.06523818851676436
2022-07-06T05:00:00.0;0.06240316959761519
2022-07-06T06:00:00.0;0.0625748965974518
2022-07-06T07:00:00.0;0.059923757917877504
2022-07-06T08:00:00.0;0.0548267765730818
2022-07-06T09:00:00.0;0.050126958942968834
2022-07-06T10:00:00.0;0.04650494747627532
2022-07-06T11:00:00.0;0.044532219062477854
2022-07-06T12:00:00.0;0.04466699091551574
2022-07-06T13:00:00.0;0.046808943176210496
2022-07-06T14:00:00.0;0.05043621090225692
2022-07-06T15:00:00.0;0.055352206499776666
2022-07-06T16:00:00.0;0.06205875321961317
2022-07-06T17:00:00.0;0.06868994919532632
2022-07-06T18:00:00.0;0.07611061136414854
2022-07-06T19:00:00.0;0.0827564905265194
2022-07-06T20:00:00.0;0.08731213447888453
2022-07-06T21:00:00.0;0.08762798257000518
2022-07-06T22:00:00.0;0.08474151521312633
2022-07-06T23:00:00.0;0.07977313253233723
2022-07-07T00:00:00.0;0.07639802178628319
2022-07-07T01:00:00.0;0.07306169858738497
2022-07-07T02:00:00.0;0.07023638003903551
2022-07-07T03:00:00.0;0.06755783046202823
2022-07-07T04:00:00.0;0.06590006215404727
2022-07-07T05:00:00.0;0.06696539766794667
2022-07-07T06:00:00.0;0.06855530707932844
2022-07-07T07:00:00.0;0.06819732370116632
2022-07-07T08:00:00.0;0.064218301523227
2022-07-07T09:00:00.0;0.05823293858958512
2022-07-07T10:00:00.0;0.053235728978629535
2022-07-07T11:00:00.0;0.05078279619577729
2022-07-07T12:00:00.0;0.04985806572966898
2022-07-07T13:00:00.0;0.049928817269363934
2022-07-07T14:00:00.0;0.05215943212918834
2022-07-07T15:00:00.0;0.057238733871615335
2022-07-07T16:00:00.0;0.0650905072168779
2022-07-07T17:00:00.0;0.07330976104987245
2022-07-07T18:00:00.0;0.07892568401749929
2022-07-07T19:00:00.0;0.08461618415974226
2022-07-07T20:00:00.0;0.08706573318528492
2022-07-07T21:00:00.0;0.08531617223157376
2022-07-07T22:00:00.0;0.08253117896365426
2022-07-07T23:00:00.0;0.078726846425792
2022-07-08T00:00:00.0;0.07620841244454257
2022-07-08T01:00:00.0;0.07327671490495469
2022-07-08T02:00:00.0;0.07041399611380984
2022-07-08T03:00:00.0;0.0673488670540878
2022-07-08T04:00:00.0;0.06489313494421585
2022-07-08T05:00:00.0;0.062049002677844946
2022-07-08T06:00:00.0;0.06203452410414037
2022-07-08T07:00:00.0;0.05894723389960851
2022-07-08T08:00:00.0;0.05342103176091104
2022-07-08T09:00:00.0;0.048491270787183856
2022-07-08T10:00:00.0;0.04489970191713955
2022-07-08T11:00:00.0;0.04294074954380113
2022-07-08T12:00:00.0;0.043145846811165754
2022-07-08T13:00:00.0;0.045369317490384115
2022-07-08T14:00:00.0;0.0491848319561986
2022-07-08T15:00:00.0;0.054165787270960136
2022-07-08T16:00:00.0;0.0609560836014188
2022-07-08T17:00:00.0;0.06741073528252706
2022-07-08T18:00:00.0;0.07500331058940024
2022-07-08T19:00:00.0;0.08198032816141004
2022-07-08T20:00:00.0;0.0868104505204757
2022-07-08T21:00:00.0;0.08719509379575244
2022-07-08T22:00:00.0;0.08435373691230139
2022-07-08T23:00:00.0;0.0793427069496147
2022-07-09T00:00:00.0;0.07674450770349955
2022-07-09T01:00:00.0;0.07378077637948585
2022-07-09T02:00:00.0;0.07086927757290257
2022-07-09T03:00:00.0;0.06759043645423327
2022-07-09T04:00:00.0;0.06495388579142096
2022-07-09T05:00:00.0;0.061450275303273925
2022-07-09T06:00:00.0;0.061867132099749346
2022-07-09T07:00:00.0;0.05884021462549101
2022-07-09T08:00:00.0;0.05312092936592493
2022-07-09T09:00:00.0;0.04822499666865532
2022-07-09T10:00:00.0;0.04386469834875071
2022-07-09T11:00:00.0;0.0418697088054792
2022-07-09T12:00:00.0;0.042118922767915346
2022-07-09T13:00:00.0;0.04496296017700498
2022-07-09T14:00:00.0;0.04860043172865688
2022-07-09T15:00:00.0;0.05397205995684161
2022-07-09T16:00:00.0;0.06102345828877665
2022-07-09T17:00:00.0;0.06782724941137765
2022-07-09T18:00:00.0;0.07530339819047292
2022-07-09T19:00:00.0;0.08220689067219074
2022-07-09T20:00:00.0;0.08719002322313997
2022-07-09T21:00:00.0;0.08777820651399366
2022-07-09T22:00:00.0;0.08469472417613721
2022-07-09T23:00:00.0;0.07933239746562874
2022-07-10T00:00:00.0;0.07612000724112754
2022-07-10T01:00:00.0;0.07313045479238832
2022-07-10T02:00:00.0;0.07026797702476126
2022-07-10T03:00:00.0;0.06711290327403274
2022-07-10T04:00:00.0;0.06470146517908851
2022-07-10T05:00:00.0;0.06210382056851839
2022-07-10T06:00:00.0;0.06260667262358459
2022-07-10T07:00:00.0;0.059592176724946475
2022-07-10T08:00:00.0;0.05363839937886424
2022-07-10T09:00:00.0;0.04818252976668293
2022-07-10T10:00:00.0;0.04358132157500153
2022-07-10T11:00:00.0;0.04149495364902811
2022-07-10T12:00:00.0;0.04158302744988931
2022-07-10T13:00:00.0;0.04402214573672307
2022-07-10T14:00:00.0;0.04756899486148673
2022-07-10T15:00:00.0;0.05303465382250804
2022-07-10T16:00:00.0;0.06043088398698875
2022-07-10T17:00:00.0;0.06737429243681119
2022-07-10T18:00:00.0;0.07464534318211309
2022-07-10T19:00:00.0;0.08171908866298247
2022-07-10T20:00:00.0;0.08653491479150922
2022-07-10T21:00:00.0;0.08672431110180245
2022-07-10T22:00:00.0;0.08372750058890278
2022-07-10T23:00:00.0;0.07859653438842369
2022-07-11T00:00:00.0;0.07580878290594723
2022-07-11T01:00:00.0;0.07290514438453567
2022-07-11T02:00:00.0;0.07008230457532867
2022-07-11T03:00:00.0;0.06722085173594963
2022-07-11T04:00:00.0;0.06492137008135175
2022-07-11T05:00:00.0;0.06265514324845264
2022-07-11T06:00:00.0;0.06221586371315793
2022-07-11T07:00:00.0;0.05914178085351167
2022-07-11T08:00:00.0;0.0539199846261945
2022-07-11T09:00:00.0;0.04906264422034663
2022-07-11T10:00:00.0;0.04629205059028936
2022-07-11T11:00:00.0;0.04437894214179497
2022-07-11T12:00:00.0;0.0445450034930602
2022-07-11T13:00:00.0;0.04615837560648432
2022-07-11T14:00:00.0;0.050136057938432475
2022-07-11T15:00:00.0;0.05468891357142125
2022-07-11T16:00:00.0;0.06115232626067257
2022-07-11T17:00:00.0;0.0672593601957034
2022-07-11T18:00:00.0;0.07496671153974271
2022-07-11T19:00:00.0;0.08194101147777647
2022-07-11T20:00:00.0;0.08658364467737184
2022-07-11T21:00:00.0;0.08679243196785172
2022-07-11T22:00:00.0;0.08418398001023168
2022-07-11T23:00:00.0;0.0795174453018294
2022-07-12T00:00:00.0;0.07584049751272702
2022-07-12T01:00:00.0;0.07293511915644879
2022-07-12T02:00:00.0;0.07010917977328682
2022-07-12T03:00:00.0;0.06723258931854809
2022-07-12T04:00:00.0;0.06492063367899313
2022-07-12T05:00:00.0;0.06260764245549222
2022-07-12T06:00:00.0;0.06219742867016401
2022-07-12T07:00:00.0;0.059121766580812085
2022-07-12T08:00:00.0;0.05387957449599346
2022-07-12T09:00:00.0;0.04902060746310231
2022-07-12T10:00:00.0;0.0461939158234871
2022-07-12T11:00:00.0;0.04427821475756602
2022-07-12T12:00:00.0;0.04444819784617287
2022-07-12T13:00:00.0;0.04610732242305479
2022-07-12T14:00:00.0;0.050074449886468274
2022-07-12T15:00:00.0;0.05465687550365439
2022-07-12T16:00:00.0;0.06114107440226314
2022-07-12T17:00:00.0;0.06727139579310892
2022-07-12T18:00:00.0;0.0749722753753096
2022-07-12T19:00:00.0;0.08194605119619743
2022-07-12T20:00:00.0;0.08660335694823891
2022-07-12T21:00:00.0;0.08682728853110479
2022-07-12T22:00:00.0;0.08420192644113221
2022-07-12T23:00:00.0;0.0795095434600629
2022-07-13T00:00:00.0;0.07592435612897082
2022-07-13T01:00:00.0;0.07301437736426164
2022-07-13T02:00:00.0;0.07018024219974842
2022-07-13T03:00:00.0;0.0672636254099487
2022-07-13T04:00:00.0;0.06491868651050947
2022-07-13T05:00:00.0;0.0624820425766793
2022-07-13T06:00:00.0;0.06214868339620873
2022-07-13T07:00:00.0;0.05906884556478419
2022-07-13T08:00:00.0;0.05377272349120507
2022-07-13T09:00:00.0;0.048909455389915334
2022-07-13T10:00:00.0;0.04593443142229047
2022-07-13T11:00:00.0;0.0440118750511354
2022-07-13T12:00:00.0;0.044192227855785804
2022-07-13T13:00:00.0;0.04597232944184063
2022-07-13T14:00:00.0;0.049911548103606415
2022-07-13T15:00:00.0;0.05457216160356706
2022-07-13T16:00:00.0;0.061111322645196246
2022-07-13T17:00:00.0;0.06730321988448432
2022-07-13T18:00:00.0;0.07498698706809159
2022-07-13T19:00:00.0;0.08195937703737763
2022-07-13T20:00:00.0;0.08665547942194364
2022-07-13T21:00:00.0;0.0869194549950219
2022-07-13T22:00:00.0;0.0842493797446615
2022-07-13T23:00:00.0;0.0794886496958452
2022-07-14T00:00:00.0;0.07587191609623889
2022-07-14T01:00:00.0;0.07296481414466477
2022-07-14T02:00:00.0;0.07013580411888594
2022-07-14T03:00:00.0;0.06724421734287318
2022-07-14T04:00:00.0;0.06491990415019387
2022-07-14T05:00:00.0;0.06256058503362766
2022-07-14T06:00:00.0;0.06217916569935466
2022-07-14T07:00:00.0;0.05910193912078376
2022-07-14T08:00:00.0;0.05383954155283697
2022-07-14T09:00:00.0;0.04897896307579464
2022-07-14T10:00:00.0;0.04609669704390075
2022-07-14T11:00:00.0;0.04417842755997278
2022-07-14T12:00:00.0;0.0443522957805327
2022-07-14T13:00:00.0;0.0460567457686361
2022-07-14T14:00:00.0;0.0500134168823677
2022-07-14T15:00:00.0;0.05462513647833144
2022-07-14T16:00:00.0;0.06112992756839084
2022-07-14T17:00:00.0;0.06728331905057909
2022-07-14T18:00:00.0;0.07497778727818823
2022-07-14T19:00:00.0;0.08195104387402517
2022-07-14T20:00:00.0;0.08662288522531154
2022-07-14T21:00:00.0;0.08686181974415455
2022-07-14T22:00:00.0;0.08421970536054002
2022-07-14T23:00:00.0;0.07950171537387027
2022-07-15T00:00:00.0;0.07608336834354361
2022-07-15T01:00:00.0;0.07316466631144332
2022-07-15T02:00:00.0;0.070314990354568
2022-07-15T03:00:00.0;0.06732247586380008
2022-07-15T04:00:00.0;0.06491499430109081
2022-07-15T05:00:00.0;0.06224388082569052
2022-07-15T06:00:00.0;0.062056252894624346
2022-07-15T07:00:00.0;0.05896849704565798
2022-07-15T08:00:00.0;0.05357011324479539
2022-07-15T09:00:00.0;0.04869868948292211
2022-07-15T10:00:00.0;0.045442398627933124
2022-07-15T11:00:00.0;0.04350684326734016
2022-07-15T12:00:00.0;0.04370685906652155
2022-07-15T13:00:00.0;0.045716356545361596
2022-07-15T14:00:00.0;0.049602654701699854
2022-07-15T15:00:00.0;0.054411527604803896
2022-07-15T16:00:00.0;0.06105490753854954
2022-07-15T17:00:00.0;0.06736356453925006
2022-07-15T18:00:00.0;0.07501488329335938
2022-07-15T19:00:00.0;0.08198464541899449
2022-07-15T20:00:00.0;0.08675431374981647
2022-07-15T21:00:00.0;0.08709422050145711
2022-07-15T22:00:00.0;0.084339360419528
2022-07-15T23:00:00.0;0.0794490310631055
2022-07-16T00:00:00.0;0.07568012714264773
2022-07-16T01:00:00.0;0.07266491835563076
2022-07-16T02:00:00.0;0.06983228202964974
2022-07-16T03:00:00.0;0.0667651737398289
2022-07-16T04:00:00.0;0.0645046256509988
2022-07-16T05:00:00.0;0.06254556721306594
2022-07-16T06:00:00.0;0.06311822776436968
2022-07-16T07:00:00.0;0.06018528131873288
2022-07-16T08:00:00.0;0.054142993548294764
2022-07-16T09:00:00.0;0.04832343021186151
2022-07-16T10:00:00.0;0.04356310903514131
2022-07-16T11:00:00.0;0.04141551088417436
2022-07-16T12:00:00.0;0.04137582674323357
2022-07-16T13:00:00.0;0.04350862296485694
2022-07-16T14:00:00.0;0.04698929075354726
2022-07-16T15:00:00.0;0.05253737244865377
2022-07-16T16:00:00.0;0.06019366917580666
2022-07-16T17:00:00.0;0.06724857971325116
2022-07-16T18:00:00.0;0.07433563215125441
2022-07-16T19:00:00.0;0.08143132375344765
2022-07-16T20:00:00.0;0.08604575118271292
2022-07-16T21:00:00.0;0.08595295595088198
2022-07-16T22:00:00.0;0.08301540619823243
2022-07-16T23:00:00.0;0.07807776701122283
2022-07-17T00:00:00.0;0.07648833947992265
2022-07-17T01:00:00.0;0.07352194881354004
2022-07-17T02:00:00.0;0.07061672631818082
2022-07-17T03:00:00.0;0.06725675915028843
2022-07-17T04:00:00.0;0.06475612805431007
2022-07-17T05:00:00.0;0.06147176747680284
2022-07-17T06:00:00.0;0.062094535601445545
2022-07-17T07:00:00.0;0.05903445242574773
2022-07-17T08:00:00.0;0.05305897413960984
2022-07-17T09:00:00.0;0.048036213866673845
2022-07-17T10:00:00.0;0.04368931167909707
2022-07-17T11:00:00.0;0.04180345827131135
2022-07-17T12:00:00.0;0.042175992463405046
2022-07-17T13:00:00.0;0.04508192660039248
2022-07-17T14:00:00.0;0.04882946827697192
2022-07-17T15:00:00.0;0.054112243158104444
2022-07-17T16:00:00.0;0.06134380559828175
2022-07-17T17:00:00.0;0.06810550814508867
2022-07-17T18:00:00.0;0.07561227602650766
2022-07-17T19:00:00.0;0.08231401877263272
2022-07-17T20:00:00.0;0.08696537898624283
2022-07-17T21:00:00.0;0.08736584032533522
2022-07-17T22:00:00.0;0.08426862923879364
2022-07-17T23:00:00.0;0.0789971451372935
2022-07-18T00:00:00.0;0.07611249224405502
2022-07-18T01:00:00.0;0.07319219250090897
2022-07-18T02:00:00.0;0.07033967016841504
2022-07-18T03:00:00.0;0.06733325462546706
2022-07-18T04:00:00.0;0.06491431805404863
2022-07-18T05:00:00.0;0.06220026028270232
2022-07-18T06:00:00.0;0.0620393237754394
2022-07-18T07:00:00.0;0.058950117701056355
2022-07-18T08:00:00.0;0.05353300414173131
2022-07-18T09:00:00.0;0.04866008662890263
2022-07-18T10:00:00.0;0.04535228030469793
2022-07-18T11:00:00.0;0.04341434411269428
2022-07-18T12:00:00.0;0.04361796128990826
2022-07-18T13:00:00.0;0.045669473799965575
2022-07-18T14:00:00.0;0.04954607929502479
2022-07-18T15:00:00.0;0.054382106666221924
2022-07-18T16:00:00.0;0.06104457482318088
2022-07-18T17:00:00.0;0.06737461697145795
2022-07-18T18:00:00.0;0.07501999262971774
2022-07-18T19:00:00.0;0.0819892734523457
2022-07-18T20:00:00.0;0.08677241576254431
2022-07-18T21:00:00.0;0.08712622969795765
2022-07-18T22:00:00.0;0.08435584084041768
2022-07-18T23:00:00.0;0.07944177470785373
2022-07-19T00:00:00.0;0.07611934457297978
2022-07-19T01:00:00.0;0.07319866891721832
2022-07-19T02:00:00.0;0.07034547688383819
2022-07-19T03:00:00.0;0.06733579067383445
2022-07-19T04:00:00.0;0.06491415894530679
2022-07-19T05:00:00.0;0.06218999715505859
2022-07-19T06:00:00.0;0.06203534065878866
2022-07-19T07:00:00.0;0.05894579337250076
2022-07-19T08:00:00.0;0.053524273038553755
2022-07-19T09:00:00.0;0.048651004073045366
2022-07-19T10:00:00.0;0.045331077087336503
2022-07-19T11:00:00.0;0.043392580728608826
2022-07-19T12:00:00.0;0.04359704524517051
2022-07-19T13:00:00.0;0.04565844313488609
2022-07-19T14:00:00.0;0.04953276812142571
2022-07-19T15:00:00.0;0.05437518444959233
2022-07-19T16:00:00.0;0.061042143721468926
2022-07-19T17:00:00.0;0.06737721740957159
2022-07-19T18:00:00.0;0.07502119476448336
2022-07-19T19:00:00.0;0.08199036234518768
2022-07-19T20:00:00.0;0.08677667483990804
2022-07-19T21:00:00.0;0.08713376088503039
2022-07-19T22:00:00.0;0.08435971838644593
2022-07-19T23:00:00.0;0.0794400674182357
2022-07-20T00:00:00.0;0.07384381657366872
2022-07-20T01:00:00.0;0.07072708594191277
2022-07-20T02:00:00.0;0.06805735765217766
2022-07-20T03:00:00.0;0.06550629453218515
2022-07-20T04:00:00.0;0.06405867932667084
2022-07-20T05:00:00.0;0.06541302280326035
2022-07-20T06:00:00.0;0.06614808439089212
2022-07-20T07:00:00.0;0.06360785128502165
2022-07-20T08:00:00.0;0.05734633659178924
2022-07-20T09:00:00.0;0.0499595610766111
2022-07-20T10:00:00.0;0.044930883779803706
2022-07-20T11:00:00.0;0.042503091653167666
2022-07-20T12:00:00.0;0.0418651369591921
2022-07-20T13:00:00.0;0.042229247546024466
2022-07-20T14:00:00.0;0.045348562701513356
2022-07-20T15:00:00.0;0.050835838416868784
2022-07-20T16:00:00.0;0.059288160731830464
2022-07-20T17:00:00.0;0.06671661380694378
2022-07-20T18:00:00.0;0.07309456980507825
2022-07-20T19:00:00.0;0.08051874258729469
2022-07-20T20:00:00.0;0.08429025633093884
2022-07-20T21:00:00.0;0.08273056568748997
2022-07-20T22:00:00.0;0.08018639428569586
2022-07-20T23:00:00.0;0.0762345452385747
2022-07-21T00:00:00.0;0.07745624115655178
2022-07-21T01:00:00.0;0.07433494895034823
2022-07-21T02:00:00.0;0.0714298816110064
2022-07-21T03:00:00.0;0.0686665121886313
2022-07-21T04:00:00.0;0.06645461027661749
2022-07-21T05:00:00.0;0.06504331382742894
2022-07-21T06:00:00.0;0.06527384540966916
2022-07-21T07:00:00.0;0.06429132257527513
2022-07-21T08:00:00.0;0.06118196150504906
2022-07-21T09:00:00.0;0.057181516824053084
2022-07-21T10:00:00.0;0.05464760999486199
2022-07-21T11:00:00.0;0.052650873946730084
2022-07-21T12:00:00.0;0.052376745537896466
2022-07-21T13:00:00.0;0.05302351201196433
2022-07-21T14:00:00.0;0.05615833015361438
2022-07-21T15:00:00.0;0.060186842747746314
2022-07-21T16:00:00.0;0.06622505724115674
2022-07-21T17:00:00.0;0.07303026851728853
2022-07-21T18:00:00.0;0.07988571463344099
2022-07-21T19:00:00.0;0.0853672162246338
2022-07-21T20:00:00.0;0.08850325497756008
2022-07-21T21:00:00.0;0.08807532136698573
2022-07-21T22:00:00.0;0.08543854695121389
2022-07-21T23:00:00.0;0.0813030749606103
2022-07-22T00:00:00.0;0.07602163819428369
2022-07-22T01:00:00.0;0.07310632262277408
2022-07-22T02:00:00.0;0.07026267975860617
2022-07-22T03:00:00.0;0.06729962952265565
2022-07-22T04:00:00.0;0.06491642765411419
2022-07-22T05:00:00.0;0.06233633762516367
2022-07-22T06:00:00.0;0.062092135349782286
2022-07-22T07:00:00.0;0.059007453355274284
2022-07-22T08:00:00.0;0.05364876859077657
2022-07-22T09:00:00.0;0.048780510938792945
2022-07-22T10:00:00.0;0.045633410732997204
2022-07-22T11:00:00.0;0.043702901711519665
2022-07-22T12:00:00.0;0.04389528413743753
2022-07-22T13:00:00.0;0.04581572781157907
2022-07-22T14:00:00.0;0.049722570243133715
2022-07-22T15:00:00.0;0.05447388734708222
2022-07-22T16:00:00.0;0.061076808453288514
2022-07-22T17:00:00.0;0.0673401381342048
2022-07-22T18:00:00.0;0.07500405369668847
2022-07-22T19:00:00.0;0.08197483597779555
2022-07-22T20:00:00.0;0.08671594526455272
2022-07-22T21:00:00.0;0.08702637476503546
2022-07-22T22:00:00.0;0.08430442901186891
2022-07-22T23:00:00.0;0.07946441141686678
2022-07-23T00:00:00.0;0.07618032036040452
2022-07-23T01:00:00.0;0.0732562996276657
2022-07-23T02:00:00.0;0.07039714822786813
2022-07-23T03:00:00.0;0.06735835782550598
2022-07-23T04:00:00.0;0.06491274310830808
2022-07-23T05:00:00.0;0.06209867020674828
2022-07-23T06:00:00.0;0.06199989669851609
2022-07-23T07:00:00.0;0.05890731312123788
2022-07-23T08:00:00.0;0.053446578885633846
2022-07-23T09:00:00.0;0.048570182501094246
2022-07-23T10:00:00.0;0.04514239921026058
2022-07-23T11:00:00.0;0.0431989181802683
2022-07-23T12:00:00.0;0.0434109227878719
2022-07-23T13:00:00.0;0.045560286216789356
2022-07-23T14:00:00.0;0.049414317985615935
2022-07-23T15:00:00.0;0.05431358676297382
2022-07-23T16:00:00.0;0.06102051044279486
2022-07-23T17:00:00.0;0.06740035753658072
2022-07-23T18:00:00.0;0.07503189202007753
2022-07-23T19:00:00.0;0.08200005191193056
2022-07-23T20:00:00.0;0.0868145744502168
2022-07-23T21:00:00.0;0.0872007775252187
2022-07-23T22:00:00.0;0.08439422292131915
2022-07-23T23:00:00.0;0.07942487501723378
2022-07-24T00:00:00.0;0.07463465667538038
2022-07-24T01:00:00.0;0.07155893578536968
2022-07-24T02:00:00.0;0.068813373256117
2022-07-24T03:00:00.0;0.06599869343275182
2022-07-24T04:00:00.0;0.06417038321236074
2022-07-24T05:00:00.0;0.06398199606333024
2022-07-24T06:00:00.0;0.06472145036319177
2022-07-24T07:00:00.0;0.06196855541109204
2022-07-24T08:00:00.0;0.05568664017093742
2022-07-24T09:00:00.0;0.048919549059748865
2022-07-24T10:00:00.0;0.04381794831634232
2022-07-24T11:00:00.0;0.041501703064256115
2022-07-24T12:00:00.0;0.04113217145262122
2022-07-24T13:00:00.0;0.042395931179075336
2022-07-24T14:00:00.0;0.0456616819051818
2022-07-24T15:00:00.0;0.05129656091075365
2022-07-24T16:00:00.0;0.059513280524895296
2022-07-24T17:00:00.0;0.06684179347250835
2022-07-24T18:00:00.0;0.0735043473947464
2022-07-24T19:00:00.0;0.0808028260580591
2022-07-24T20:00:00.0;0.08498558822552192
2022-07-24T21:00:00.0;0.0841006967644277
2022-07-24T22:00:00.0;0.08134130268304186
2022-07-24T23:00:00.0;0.07689621623962693
2022-07-25T00:00:00.0;0.0760895060837995
2022-07-25T01:00:00.0;0.07304894524678948
2022-07-25T02:00:00.0;0.07021104849424738
2022-07-25T03:00:00.0;0.06730418732144156
2022-07-25T04:00:00.0;0.06512691944467301
2022-07-25T05:00:00.0;0.06358339244416811
2022-07-25T06:00:00.0;0.06394662649653948
2022-07-25T07:00:00.0;0.06159956563032767
2022-07-25T08:00:00.0;0.05650093278492285
2022-07-25T09:00:00.0;0.05120438641990713
2022-07-25T10:00:00.0;0.04732738996084616
2022-07-25T11:00:00.0;0.045227382375759025
2022-07-25T12:00:00.0;0.04509439671594395
2022-07-25T13:00:00.0;0.046569806277230945
2022-07-25T14:00:00.0;0.049969206128454416
2022-07-25T15:00:00.0;0.05492256253749003
2022-07-25T16:00:00.0;0.062003588084546736
2022-07-25T17:00:00.0;0.06890075539898283
2022-07-25T18:00:00.0;0.07594462927680085
2022-07-25T19:00:00.0;0.08260284666176633
2022-07-25T20:00:00.0;0.0867323352605277
2022-07-25T21:00:00.0;0.08644583911124859
2022-07-25T22:00:00.0;0.08367225145207431
2022-07-25T23:00:00.0;0.07908168902299331
2022-07-26T00:00:00.0;0.07446646106511602
2022-07-26T01:00:00.0;0.07136204393433036
2022-07-26T02:00:00.0;0.06865392993859352
2022-07-26T03:00:00.0;0.06609896822953408
2022-07-26T04:00:00.0;0.06452079201472884
2022-07-26T05:00:00.0;0.06538764285088383
2022-07-26T06:00:00.0;0.06590166876292222
2022-07-26T07:00:00.0;0.06362462161035586
2022-07-26T08:00:00.0;0.058025967020965706
2022-07-26T09:00:00.0;0.05134263538028298
2022-07-26T10:00:00.0;0.0470119160670288
2022-07-26T11:00:00.0;0.044687982004977075
2022-07-26T12:00:00.0;0.04413300864507576
2022-07-26T13:00:00.0;0.04445630659937339
2022-07-26T14:00:00.0;0.04764193852443503
2022-07-26T15:00:00.0;0.05274511935306986
2022-07-26T16:00:00.0;0.06063005584779764
2022-07-26T17:00:00.0;0.06782819715667739
2022-07-26T18:00:00.0;0.07436015936294631
2022-07-26T19:00:00.0;0.08142226269018242
2022-07-26T20:00:00.0;0.08506843138467943
2022-07-26T21:00:00.0;0.08373086951226552
2022-07-26T22:00:00.0;0.0812186293834993
2022-07-26T23:00:00.0;0.07728523309521619
2022-07-27T00:00:00.0;0.07566981992490628
2022-07-27T01:00:00.0;0.07274494683238787
2022-07-27T02:00:00.0;0.06993182290109382
2022-07-27T03:00:00.0;0.06707588415908776
2022-07-27T04:00:00.0;0.06483544184415625
2022-07-27T05:00:00.0;0.06282756689198518
2022-07-27T06:00:00.0;0.06253630420397498
2022-07-27T07:00:00.0;0.05950061643121337
2022-07-27T08:00:00.0;0.05414524432159793
2022-07-27T09:00:00.0;0.0490508189512858
2022-07-27T10:00:00.0;0.045989405837909524
2022-07-27T11:00:00.0;0.04402569224172261
2022-07-27T12:00:00.0;0.04412574441720129
2022-07-27T13:00:00.0;0.045696584154593115
2022-07-27T14:00:00.0;0.04958332881458664
2022-07-27T15:00:00.0;0.05426762319503225
2022-07-27T16:00:00.0;0.060945486296445216
2022-07-27T17:00:00.0;0.06720529259323028
2022-07-27T18:00:00.0;0.07478472668772679
2022-07-27T19:00:00.0;0.08180516684704785
2022-07-27T20:00:00.0;0.08639575336100216
2022-07-27T21:00:00.0;0.08646775504843958
2022-07-27T22:00:00.0;0.08384016135742732
2022-07-27T23:00:00.0;0.07919852821151677
2022-07-28T00:00:00.0;0.07499955150307806
2022-07-28T01:00:00.0;0.07203727776430631
2022-07-28T02:00:00.0;0.06927972641614467
2022-07-28T03:00:00.0;0.06658740716269597
2022-07-28T04:00:00.0;0.06462185851637181
2022-07-28T05:00:00.0;0.06373968636733808
2022-07-28T06:00:00.0;0.06354190434240241
2022-07-28T07:00:00.0;0.060620491008156994
2022-07-28T08:00:00.0;0.05512316044448539
2022-07-28T09:00:00.0;0.04943543620253904
2022-07-28T10:00:00.0;0.0461803876064947
2022-07-28T11:00:00.0;0.04411220400271176
2022-07-28T12:00:00.0;0.04400388120494095
2022-07-28T13:00:00.0;0.04501370964009987
2022-07-28T14:00:00.0;0.04877092913477939
2022-07-28T15:00:00.0;0.05350111691502156
2022-07-28T16:00:00.0;0.060524949121813464
2022-07-28T17:00:00.0;0.06694750533719954
2022-07-28T18:00:00.0;0.07426205829135892
2022-07-28T19:00:00.0;0.08140626283313768
2022-07-28T20:00:00.0;0.08571822275647316
2022-07-28T21:00:00.0;0.0852891438610578
2022-07-28T22:00:00.0;0.08277929831722484
2022-07-28T23:00:00.0;0.07845685616418276
2022-07-29T00:00:00.0;0.07508300829433152
2022-07-29T01:00:00.0;0.07213151585150289
2022-07-29T02:00:00.0;0.06936786537394697
2022-07-29T03:00:00.0;0.06666807983700501
2022-07-29T04:00:00.0;0.06466737342167861
2022-07-29T05:00:00.0;0.06363369457211311
2022-07-29T06:00:00.0;0.0633658312599392
2022-07-29T07:00:00.0;0.06042350938439962
2022-07-29T08:00:00.0;0.05499116920535328
2022-07-29T09:00:00.0;0.049429146622729396
2022-07-29T10:00:00.0;0.046312094054351695
2022-07-29T11:00:00.0;0.0442700689718664
2022-07-29T12:00:00.0;0.044198053550458714
2022-07-29T13:00:00.0;0.04524421573417699
2022-07-29T14:00:00.0;0.04904667727800296
2022-07-29T15:00:00.0;0.05371575841365365
2022-07-29T16:00:00.0;0.06063167157941068
2022-07-29T17:00:00.0;0.06697988566662744
2022-07-29T18:00:00.0;0.0743605853342551
2022-07-29T19:00:00.0;0.08148007482822926
2022-07-29T20:00:00.0;0.08582412881211
2022-07-29T21:00:00.0;0.08547238752051359
2022-07-29T22:00:00.0;0.0829676681729149
2022-07-29T23:00:00.0;0.07862423454370641
2022-07-30T00:00:00.0;0.07589460665226992
2022-07-30T01:00:00.0;0.07298625991715485
2022-07-30T02:00:00.0;0.07015503226790094
2022-07-30T03:00:00.0;0.06725261512240323
2022-07-30T04:00:00.0;0.06491937728321753
2022-07-30T05:00:00.0;0.06252660008115228
2022-07-30T06:00:00.0;0.06216597614985488
2022-07-30T07:00:00.0;0.05908761969443037
2022-07-30T08:00:00.0;0.05381062969118551
2022-07-30T09:00:00.0;0.04894888742635532
2022-07-30T10:00:00.0;0.046026485471038464
2022-07-30T11:00:00.0;0.044106361071128225
2022-07-30T12:00:00.0;0.044283035140788116
2022-07-30T13:00:00.0;0.046020219220247426
2022-07-30T14:00:00.0;0.049969338739928086
2022-07-30T15:00:00.0;0.054602214498663294
2022-07-30T16:00:00.0;0.06112187730544844
2022-07-30T17:00:00.0;0.0672919300480035
2022-07-30T18:00:00.0;0.07498176798409936
2022-07-30T19:00:00.0;0.08195464959469533
2022-07-30T20:00:00.0;0.08663698858121041
2022-07-30T21:00:00.0;0.08688675824668855
2022-07-30T22:00:00.0;0.08423254532726997
2022-07-30T23:00:00.0;0.07949606191631377
2022-07-31T00:00:00.0;0.07660142157182016
2022-07-31T01:00:00.0;0.07353851120516788
2022-07-31T02:00:00.0;0.07066665871660868
2022-07-31T03:00:00.0;0.06771165308138628
2022-07-31T04:00:00.0;0.06544657256654093
2022-07-31T05:00:00.0;0.06362452262807008
2022-07-31T06:00:00.0;0.06407402445861553
2022-07-31T07:00:00.0;0.062020237387152795
2022-07-31T08:00:00.0;0.05730040231716271
2022-07-31T09:00:00.0;0.05234853586139061
2022-07-31T10:00:00.0;0.04855398425297371
2022-07-31T11:00:00.0;0.046476247727739214
2022-07-31T12:00:00.0;0.04634780887815622
2022-07-31T13:00:00.0;0.04788504866046024
2022-07-31T14:00:00.0;0.051190927725034675
2022-07-31T15:00:00.0;0.056056740026149215
2022-07-31T16:00:00.0;0.06295694679762731
2022-07-31T17:00:00.0;0.06991816088225401
2022-07-31T18:00:00.0;0.07691633742271366
2022-07-31T19:00:00.0;0.08329239797800687
2022-07-31T20:00:00.0;0.08728526644591268
2022-07-31T21:00:00.0;0.08707946373403841
2022-07-31T22:00:00.0;0.08425292022546099
2022-07-31T23:00:00.0;0.07962423745849813
2022-08-01T00:00:00.0;0.07577667227683194
2022-08-01T01:00:00.0;0.07287479531571701
2022-08-01T02:00:00.0;0.07005509378504439
2022-08-01T03:00:00.0;0.06720896758540205
2022-08-01T04:00:00.0;0.06492211567921401
2022-08-01T05:00:00.0;0.0627032371868711
2022-08-01T06:00:00.0;0.06223452895571989
2022-08-01T07:00:00.0;0.05916204504572223
2022-08-01T08:00:00.0;0.05396089936029148
2022-08-01T09:00:00.0;0.04910520589328344
2022-08-01T10:00:00.0;0.04639141077223897
2022-08-01T11:00:00.0;0.04448092731535189
2022-08-01T12:00:00.0;0.044643017958288976
2022-08-01T13:00:00.0;0.04621006629430025
2022-08-01T14:00:00.0;0.050198435294105594
2022-08-01T15:00:00.0;0.05472135170060174
2022-08-01T16:00:00.0;0.061163718621761926
2022-08-01T17:00:00.0;0.06724717430901866
2022-08-01T18:00:00.0;0.07496107822820311
2022-08-01T19:00:00.0;0.08193590882806731
2022-08-01T20:00:00.0;0.08656368625811009
2022-08-01T21:00:00.0;0.08675714014845054
2022-08-01T22:00:00.0;0.08416580948109376
2022-08-01T23:00:00.0;0.07952544581440245
2022-08-02T00:00:00.0;0.07396885171150243
2022-08-02T01:00:00.0;0.07089097546788296
2022-08-02T02:00:00.0;0.06821109942956541
2022-08-02T03:00:00.0;0.06564796852717261
2022-08-02T04:00:00.0;0.06411395705621681
2022-08-02T05:00:00.0;0.06507040934852258
2022-08-02T06:00:00.0;0.06557069264388922
2022-08-02T07:00:00.0;0.06288836272004705
2022-08-02T08:00:00.0;0.05672395926592623
2022-08-02T09:00:00.0;0.04963230444241981
2022-08-02T10:00:00.0;0.04499929374973078
2022-08-02T11:00:00.0;0.04264572876580015
2022-08-02T12:00:00.0;0.04211869535807409
2022-08-02T13:00:00.0;0.042583760210515166
2022-08-02T14:00:00.0;0.04586565397425925
2022-08-02T15:00:00.0;0.05119180648041338
2022-08-02T16:00:00.0;0.05936266759915576
2022-08-02T17:00:00.0;0.06654841468737209
2022-08-02T18:00:00.0;0.0731410744453819
2022-08-02T19:00:00.0;0.08056385238011439
2022-08-02T20:00:00.0;0.08447200247187463
2022-08-02T21:00:00.0;0.08313062152964633
2022-08-02T22:00:00.0;0.08061416096340515
2022-08-02T23:00:00.0;0.07660469273072947
2022-08-03T00:00:00.0;0.07396505356512534
2022-08-03T01:00:00.0;0.0708888219384245
2022-08-03T02:00:00.0;0.06820713408332589
2022-08-03T03:00:00.0;0.06564258514004803
2022-08-03T04:00:00.0;0.06409896884446656
2022-08-03T05:00:00.0;0.06502088570898143
2022-08-03T06:00:00.0;0.06550319679557062
2022-08-03T07:00:00.0;0.06282144754600313
2022-08-03T08:00:00.0;0.05667543495590523
2022-08-03T09:00:00.0;0.04960898659528544
2022-08-03T10:00:00.0;0.04500523385267714
2022-08-03T11:00:00.0;0.04265862500307226
2022-08-03T12:00:00.0;0.04213753750942068
2022-08-03T13:00:00.0;0.04260970572894228
2022-08-03T14:00:00.0;0.04590852688181189
2022-08-03T15:00:00.0;0.05123363558818139
2022-08-03T16:00:00.0;0.05939459052454774
2022-08-03T17:00:00.0;0.06656299065477736
2022-08-03T18:00:00.0;0.07316268359294226
2022-08-03T19:00:00.0;0.08056099576172186
2022-08-03T20:00:00.0;0.08445980964607216
2022-08-03T21:00:00.0;0.08313821525478211
2022-08-03T22:00:00.0;0.0806231331828981
2022-08-03T23:00:00.0;0.07661648556274661
2022-08-04T00:00:00.0;0.07567918998108923
2022-08-04T01:00:00.0;0.07278266081123642
2022-08-04T02:00:00.0;0.06997248654940404
2022-08-04T03:00:00.0;0.06717288936737115
2022-08-04T04:00:00.0;0.06492437918489162
2022-08-04T05:00:00.0;0.06284924203503238
2022-08-04T06:00:00.0;0.06229119339194137
2022-08-04T07:00:00.0;0.059223563615506854
2022-08-04T08:00:00.0;0.0540851093904082
2022-08-04T09:00:00.0;0.04923441574381721
2022-08-04T10:00:00.0;0.046693051036186733
2022-08-04T11:00:00.0;0.044790536598133486
2022-08-04T12:00:00.0;0.04494057285988228
2022-08-04T13:00:00.0;0.04636699024925382
2022-08-04T14:00:00.0;0.0503878021175193
2022-08-04T15:00:00.0;0.05481982822968999
2022-08-04T16:00:00.0;0.06119830385236994
2022-08-04T17:00:00.0;0.06721018007245533
2022-08-04T18:00:00.0;0.07494397647228478
2022-08-04T19:00:00.0;0.08192041806934584
2022-08-04T20:00:00.0;0.08650309596191734
2022-08-04T21:00:00.0;0.0866500003112392
2022-08-04T22:00:00.0;0.08411064690894776
2022-08-04T23:00:00.0;0.07954973398172362
2022-08-05T00:00:00.0;0.07587977244663965
2022-08-05T01:00:00.0;0.07296452727062251
2022-08-05T02:00:00.0;0.0701395233161198
2022-08-05T03:00:00.0;0.06729777829285266
2022-08-05T04:00:00.0;0.06501494597539176
2022-08-05T05:00:00.0;0.06284304580314015
2022-08-05T06:00:00.0;0.06241792411277517
2022-08-05T07:00:00.0;0.0594720147662894
2022-08-05T08:00:00.0;0.05439676674020611
2022-08-05T09:00:00.0;0.04959282878315075
2022-08-05T10:00:00.0;0.04688758646768477
2022-08-05T11:00:00.0;0.04497176806672342
2022-08-05T12:00:00.0;0.045107590238751
2022-08-05T13:00:00.0;0.046620788893324494
2022-08-05T14:00:00.0;0.05055699552150875
2022-08-05T15:00:00.0;0.05505119104382765
2022-08-05T16:00:00.0;0.061469938273937076
2022-08-05T17:00:00.0;0.0675981030409014
2022-08-05T18:00:00.0;0.0752597181151996
2022-08-05T19:00:00.0;0.08214403889982204
2022-08-05T20:00:00.0;0.086682038800562
2022-08-05T21:00:00.0;0.08683847360527602
2022-08-05T22:00:00.0;0.08424368166398222
2022-08-05T23:00:00.0;0.0796328301296765
2022-08-06T00:00:00.0;0.07586743349137452
2022-08-06T01:00:00.0;0.07288983604365395
2022-08-06T02:00:00.0;0.07001691968973899
2022-08-06T03:00:00.0;0.06664380519823747
2022-08-06T04:00:00.0;0.06450492095664818
2022-08-06T05:00:00.0;0.06210749382193553
2022-08-06T06:00:00.0;0.06294184435309445
2022-08-06T07:00:00.0;0.059997696899005214
2022-08-06T08:00:00.0;0.0538587702848049
2022-08-06T09:00:00.0;0.04863581564355851
2022-08-06T10:00:00.0;0.0447220232615366
2022-08-06T11:00:00.0;0.043034093034024
2022-08-06T12:00:00.0;0.0435474485867357
2022-08-06T13:00:00.0;0.04611250687472754
2022-08-06T14:00:00.0;0.05005961959271854
2022-08-06T15:00:00.0;0.05493464776737486
2022-08-06T16:00:00.0;0.062332863398391176
2022-08-06T17:00:00.0;0.06891532393827297
2022-08-06T18:00:00.0;0.0764387669280972
2022-08-06T19:00:00.0;0.0826863429653877
2022-08-06T20:00:00.0;0.08650721926016708
2022-08-06T21:00:00.0;0.08637512893883081
2022-08-06T22:00:00.0;0.08338430759199437
2022-08-06T23:00:00.0;0.07852807826326935
2022-08-07T00:00:00.0;0.07592671420882914
2022-08-07T01:00:00.0;0.07291859493898581
2022-08-07T02:00:00.0;0.0700227907819459
2022-08-07T03:00:00.0;0.06643493479229969
2022-08-07T04:00:00.0;0.06434353465562191
2022-08-07T05:00:00.0;0.06184145782804092
2022-08-07T06:00:00.0;0.06320038226895686
2022-08-07T07:00:00.0;0.06030449686071238
2022-08-07T08:00:00.0;0.053788446587076676
2022-08-07T09:00:00.0;0.048422672347591816
2022-08-07T10:00:00.0;0.044003327759731675
2022-08-07T11:00:00.0;0.04239920244570013
2022-08-07T12:00:00.0;0.04305096935387753
2022-08-07T13:00:00.0;0.04603579204272933
2022-08-07T14:00:00.0;0.049958915975697224
2022-08-07T15:00:00.0;0.0549923287265776
2022-08-07T16:00:00.0;0.06277493188418254
2022-08-07T17:00:00.0;0.06956758957799841
2022-08-07T18:00:00.0;0.07701265535748425
2022-08-07T19:00:00.0;0.08297948436058311
2022-08-07T20:00:00.0;0.08650055185550803
2022-08-07T21:00:00.0;0.08625456985289204
2022-08-07T22:00:00.0;0.08309679763268818
2022-08-07T23:00:00.0;0.07813755538819953
2022-08-08T00:00:00.0;0.07566627925607167
2022-08-08T01:00:00.0;0.07272536124757503
2022-08-08T02:00:00.0;0.06988817955824508
2022-08-08T03:00:00.0;0.0667864105380258
2022-08-08T04:00:00.0;0.06466006398487895
2022-08-08T05:00:00.0;0.0625754569383592
2022-08-08T06:00:00.0;0.06278323889039572
2022-08-08T07:00:00.0;0.059800946637934976
2022-08-08T08:00:00.0;0.05411017702181866
2022-08-08T09:00:00.0;0.049028986945395855
2022-08-08T10:00:00.0;0.0458478143405014
2022-08-08T11:00:00.0;0.04409296125088035
2022-08-08T12:00:00.0;0.04445817496740603
2022-08-08T13:00:00.0;0.04641872069425726
2022-08-08T14:00:00.0;0.050436784907545454
2022-08-08T15:00:00.0;0.05502729495355949
2022-08-08T16:00:00.0;0.06196873298040063
2022-08-08T17:00:00.0;0.06824675565487423
2022-08-08T18:00:00.0;0.07587357622681053
2022-08-08T19:00:00.0;0.08238756812530565
2022-08-08T20:00:00.0;0.08642311126743514
2022-08-08T21:00:00.0;0.08632868956867273
2022-08-08T22:00:00.0;0.08357239841128504
2022-08-08T23:00:00.0;0.07893155250542136
2022-08-09T00:00:00.0;0.07590709851389282
2022-08-09T01:00:00.0;0.0729547677057688
2022-08-09T02:00:00.0;0.07010645841039544
2022-08-09T03:00:00.0;0.06718311874594934
2022-08-09T04:00:00.0;0.06483826799668803
2022-08-09T05:00:00.0;0.06243078879199575
2022-08-09T06:00:00.0;0.062158828632262714
2022-08-09T07:00:00.0;0.05926124551126447
2022-08-09T08:00:00.0;0.05414651961970892
2022-08-09T09:00:00.0;0.04938745880395825
2022-08-09T10:00:00.0;0.046368334165959674
2022-08-09T11:00:00.0;0.044384876924528735
2022-08-09T12:00:00.0;0.04455245233259218
2022-08-09T13:00:00.0;0.04635100830301909
2022-08-09T14:00:00.0;0.05028873677547029
2022-08-09T15:00:00.0;0.05498305028908766
2022-08-09T16:00:00.0;0.061570102030361236
2022-08-09T17:00:00.0;0.06791801933271878
2022-08-09T18:00:00.0;0.07538648427320545
2022-08-09T19:00:00.0;0.08212352940070171
2022-08-09T20:00:00.0;0.08664667950411269
2022-08-09T21:00:00.0;0.0868690192208726
2022-08-09T22:00:00.0;0.08422280525413357
2022-08-09T23:00:00.0;0.07951611766866847
2022-08-10T00:00:00.0;0.07597692739127124
2022-08-10T01:00:00.0;0.07298238046832548
2022-08-10T02:00:00.0;0.07011708566345128
2022-08-10T03:00:00.0;0.06711758241911918
2022-08-10T04:00:00.0;0.06474447314783184
2022-08-10T05:00:00.0;0.06226696822211549
2022-08-10T06:00:00.0;0.06225768792436955
2022-08-10T07:00:00.0;0.059465429691400534
2022-08-10T08:00:00.0;0.05426108757840273
2022-08-10T09:00:00.0;0.049407953242020075
2022-08-10T10:00:00.0;0.04591597407664799
2022-08-10T11:00:00.0;0.04385968215536911
2022-08-10T12:00:00.0;0.04400218492616982
2022-08-10T13:00:00.0;0.0460149656293511
2022-08-10T14:00:00.0;0.0498460563282196
2022-08-10T15:00:00.0;0.054782121113079535
2022-08-10T16:00:00.0;0.06162217501088158
2022-08-10T17:00:00.0;0.06825372614024819
2022-08-10T18:00:00.0;0.0755078819691068
2022-08-10T19:00:00.0;0.08215172106906246
2022-08-10T20:00:00.0;0.08663199801405308
2022-08-10T21:00:00.0;0.0868300597425019
2022-08-10T22:00:00.0;0.08409969886496585
2022-08-10T23:00:00.0;0.07930465284752561
2022-08-11T00:00:00.0;0.07590790684624879
2022-08-11T01:00:00.0;0.07294587208898233
2022-08-11T02:00:00.0;0.07009394538309528
2022-08-11T03:00:00.0;0.06716688242800267
2022-08-11T04:00:00.0;0.06482021911662353
2022-08-11T05:00:00.0;0.06241237738847158
2022-08-11T06:00:00.0;0.06215838414043983
2022-08-11T07:00:00.0;0.05930122859512684
2022-08-11T08:00:00.0;0.05422397488868018
2022-08-11T09:00:00.0;0.04948792294290147
2022-08-11T10:00:00.0;0.04645071991002598
2022-08-11T11:00:00.0;0.04445329536745706
2022-08-11T12:00:00.0;0.044618596282696696
2022-08-11T13:00:00.0;0.046427989576529015
2022-08-11T14:00:00.0;0.0503638352595241
2022-08-11T15:00:00.0;0.05507001032621867
2022-08-11T16:00:00.0;0.06167079925164345
2022-08-11T17:00:00.0;0.06805694390991175
2022-08-11T18:00:00.0;0.07547642607863
2022-08-11T19:00:00.0;0.08216089070741282
2022-08-11T20:00:00.0;0.08664761172968244
2022-08-11T21:00:00.0;0.08686288727945313
2022-08-11T22:00:00.0;0.08421951274405227
2022-08-11T23:00:00.0;0.07952108489590329
2022-08-12T00:00:00.0;0.07503671871652692
2022-08-12T01:00:00.0;0.07208480518446475
2022-08-12T02:00:00.0;0.06932080560802616
2022-08-12T03:00:00.0;0.06667081844702481
2022-08-12T04:00:00.0;0.06468286158425854
2022-08-12T05:00:00.0;0.06368889538494561
2022-08-12T06:00:00.0;0.06325737678184983
2022-08-12T07:00:00.0;0.06038028657527431
2022-08-12T08:00:00.0;0.055179453346375015
2022-08-12T09:00:00.0;0.04980375935739324
2022-08-12T10:00:00.0;0.047038577178306624
2022-08-12T11:00:00.0;0.045007621897039066
2022-08-12T12:00:00.0;0.04495273351221799
2022-08-12T13:00:00.0;0.045862168191676426
2022-08-12T14:00:00.0;0.049754327727423824
2022-08-12T15:00:00.0;0.05425493366135889
2022-08-12T16:00:00.0;0.060994223010733276
2022-08-12T17:00:00.0;0.06723953583954485
2022-08-12T18:00:00.0;0.0746206137014664
2022-08-12T19:00:00.0;0.08161125424018302
2022-08-12T20:00:00.0;0.08585357352745118
2022-08-12T21:00:00.0;0.08550466182460058
2022-08-12T22:00:00.0;0.08308382593695796
2022-08-12T23:00:00.0;0.07884582955082448
2022-08-13T00:00:00.0;0.07588928665646377
2022-08-13T01:00:00.0;0.07292113188075224
2022-08-13T02:00:00.0;0.0700684089833227
2022-08-13T03:00:00.0;0.0671477661369643
2022-08-13T04:00:00.0;0.06480732151231203
2022-08-13T05:00:00.0;0.062427549144379604
2022-08-13T06:00:00.0;0.06216922643064303
2022-08-13T07:00:00.0;0.05934291661082641
2022-08-13T08:00:00.0;0.05430572579652607
2022-08-13T09:00:00.0;0.04958767036031923
2022-08-13T10:00:00.0;0.04657109485696951
2022-08-13T11:00:00.0;0.0445649150820669
2022-08-13T12:00:00.0;0.04472615800874533
2022-08-13T13:00:00.0;0.04651583932298857
2022-08-13T14:00:00.0;0.050456688863474326
2022-08-13T15:00:00.0;0.05515371512589426
2022-08-13T16:00:00.0;0.06175206455385322
2022-08-13T17:00:00.0;0.06815236004626074
2022-08-13T18:00:00.0;0.0755395500756534
2022-08-13T19:00:00.0;0.08218545866760336
2022-08-13T20:00:00.0;0.08663635607928197
2022-08-13T21:00:00.0;0.08683723212869265
2022-08-13T22:00:00.0;0.08420620370630998
2022-08-13T23:00:00.0;0.07952954545409414
2022-08-14T00:00:00.0;0.07602480847591815
2022-08-14T01:00:00.0;0.07303188390772969
2022-08-14T02:00:00.0;0.07015956596052718
2022-08-14T03:00:00.0;0.06716824811144363
2022-08-14T04:00:00.0;0.0647718177921886
2022-08-14T05:00:00.0;0.06219370179558331
2022-08-14T06:00:00.0;0.06209049594657253
2022-08-14T07:00:00.0;0.05933006162871366
2022-08-14T08:00:00.0;0.05427389663585226
2022-08-14T09:00:00.0;0.049590256614655555
2022-08-14T10:00:00.0;0.0463040872773816
2022-08-14T11:00:00.0;0.04426188159594193
2022-08-14T12:00:00.0;0.044435621561429405
2022-08-14T13:00:00.0;0.04643816679780485
2022-08-14T14:00:00.0;0.05033101753761531
2022-08-14T15:00:00.0;0.055174335563346506
2022-08-14T16:00:00.0;0.0618852100080114
2022-08-14T17:00:00.0;0.06845255456897356
2022-08-14T18:00:00.0;0.07572448090997734
2022-08-14T19:00:00.0;0.08227381254331148
2022-08-14T20:00:00.0;0.0867213612408252
2022-08-14T21:00:00.0;0.08697358128068897
2022-08-14T22:00:00.0;0.08427616217150392
2022-08-14T23:00:00.0;0.07950505521286652
2022-08-15T00:00:00.0;0.0758061249713701
2022-08-15T01:00:00.0;0.07288167071861776
2022-08-15T02:00:00.0;0.07007206594641996
2022-08-15T03:00:00.0;0.06735754174447159
2022-08-15T04:00:00.0;0.0651802475519982
2022-08-15T05:00:00.0;0.06345882343506128
2022-08-15T06:00:00.0;0.06287875688504667
2022-08-15T07:00:00.0;0.06016278472990282
2022-08-15T08:00:00.0;0.05546509532959859
2022-08-15T09:00:00.0;0.050762933149394666
2022-08-15T10:00:00.0;0.04851595491481111
2022-08-15T11:00:00.0;0.04661147128862385
2022-08-15T12:00:00.0;0.04667115582347382
2022-08-15T13:00:00.0;0.04773007506978465
2022-08-15T14:00:00.0;0.05166012684559426
2022-08-15T15:00:00.0;0.05587116918526816
2022-08-15T16:00:00.0;0.062084980774336315
2022-08-15T17:00:00.0;0.06810581851600607
2022-08-15T18:00:00.0;0.07572877606526478
2022-08-15T19:00:00.0;0.08246174877984291
2022-08-15T20:00:00.0;0.08672949757041101
2022-08-15T21:00:00.0;0.08670258811497253
2022-08-15T22:00:00.0;0.08423555938402698
2022-08-15T23:00:00.0;0.079879792544706
2022-08-16T00:00:00.0;0.07522672530410729
2022-08-16T01:00:00.0;0.07231623182660248
2022-08-16T02:00:00.0;0.06952596526965434
2022-08-16T03:00:00.0;0.06667714760442121
2022-08-16T04:00:00.0;0.06470730112137281
2022-08-16T05:00:00.0;0.06327482242061361
2022-08-16T06:00:00.0;0.0629709347092209
2022-08-16T07:00:00.0;0.059998677691272845
2022-08-16T08:00:00.0;0.05466904216137407
2022-08-16T09:00:00.0;0.04964274547801944
2022-08-16T10:00:00.0;0.047331804800882483
2022-08-16T11:00:00.0;0.04559236815337398
2022-08-16T12:00:00.0;0.04587289203053711
2022-08-16T13:00:00.0;0.047121970098376785
2022-08-16T14:00:00.0;0.0512873071119503
2022-08-16T15:00:00.0;0.055444123770607284
2022-08-16T16:00:00.0;0.06201750535758632
2022-08-16T17:00:00.0;0.06793419977282313
2022-08-16T18:00:00.0;0.07566605596216112
2022-08-16T19:00:00.0;0.08225205810877022
2022-08-16T20:00:00.0;0.08615997597147929
2022-08-16T21:00:00.0;0.08588856836954593
2022-08-16T22:00:00.0;0.08339796818666814
2022-08-16T23:00:00.0;0.07912802934961483
2022-08-17T00:00:00.0;0.07504724895244592
2022-08-17T01:00:00.0;0.07218066715347322
2022-08-17T02:00:00.0;0.06943517650036232
2022-08-17T03:00:00.0;0.06697001071456225
2022-08-17T04:00:00.0;0.06499733556869866
2022-08-17T05:00:00.0;0.06397582142415656
2022-08-17T06:00:00.0;0.0628074571300506
2022-08-17T07:00:00.0;0.059851908308343166
2022-08-17T08:00:00.0;0.055237498334968126
2022-08-17T09:00:00.0;0.05045413065297068
2022-08-17T10:00:00.0;0.049147422057223875
2022-08-17T11:00:00.0;0.047298461069367685
2022-08-17T12:00:00.0;0.047346472248352034
2022-08-17T13:00:00.0;0.04773723793464515
2022-08-17T14:00:00.0;0.05195743954391211
2022-08-17T15:00:00.0;0.05572384294739728
2022-08-17T16:00:00.0;0.061632319752414254
2022-08-17T17:00:00.0;0.06716120213947613
2022-08-17T18:00:00.0;0.0750048271565219
2022-08-17T19:00:00.0;0.0819373576782884
2022-08-17T20:00:00.0;0.08614352863511786
2022-08-17T21:00:00.0;0.08593587890671289
2022-08-17T22:00:00.0;0.0837650026178678
2022-08-17T23:00:00.0;0.07978863316617185
2022-08-18T00:00:00.0;0.07496831496619297
2022-08-18T01:00:00.0;0.07211078376170564
2022-08-18T02:00:00.0;0.06937008567836424
2022-08-18T03:00:00.0;0.06690979437576532
2022-08-18T04:00:00.0;0.06494088546041608
2022-08-18T05:00:00.0;0.06391396048283672
2022-08-18T06:00:00.0;0.06270441029082677
2022-08-18T07:00:00.0;0.059672178555059276
2022-08-18T08:00:00.0;0.05499089239784308
2022-08-18T09:00:00.0;0.05017665919144143
2022-08-18T10:00:00.0;0.048892717401176025
2022-08-18T11:00:00.0;0.04704831583725086
2022-08-18T12:00:00.0;0.04711044733289304
2022-08-18T13:00:00.0;0.04751133464497494
2022-08-18T14:00:00.0;0.0517687312635703
2022-08-18T15:00:00.0;0.055537953542078085
2022-08-18T16:00:00.0;0.06145051145721088
2022-08-18T17:00:00.0;0.06694040515314632
2022-08-18T18:00:00.0;0.07481926448329664
2022-08-18T19:00:00.0;0.08180745403569253
2022-08-18T20:00:00.0;0.08606125031825014
2022-08-18T21:00:00.0;0.08586869912425638
2022-08-18T22:00:00.0;0.08370838212848453
2022-08-18T23:00:00.0;0.0797268517975761
2022-08-19T00:00:00.0;0.07499171826789915
2022-08-19T01:00:00.0;0.07209641660332752
2022-08-19T02:00:00.0;0.06933332640489201
2022-08-19T03:00:00.0;0.06663895151612906
2022-08-19T04:00:00.0;0.06474184611636177
2022-08-19T05:00:00.0;0.06367129234047013
2022-08-19T06:00:00.0;0.06306913886711307
2022-08-19T07:00:00.0;0.060099845693181976
2022-08-19T08:00:00.0;0.054976346476614084
2022-08-19T09:00:00.0;0.049955159591970305
2022-08-19T10:00:00.0;0.048071796109832865
2022-08-19T11:00:00.0;0.04631379350865008
2022-08-19T12:00:00.0;0.046517723634009814
2022-08-19T13:00:00.0;0.04736150703304449
2022-08-19T14:00:00.0;0.05157960722363003
2022-08-19T15:00:00.0;0.05553815825714366
2022-08-19T16:00:00.0;0.061916679185891645
2022-08-19T17:00:00.0;0.06766201480862165
2022-08-19T18:00:00.0;0.07543066166787972
2022-08-19T19:00:00.0;0.0821102566860783
2022-08-19T20:00:00.0;0.08600678614574853
2022-08-19T21:00:00.0;0.08565072122380064
2022-08-19T22:00:00.0;0.08330656262220441
2022-08-19T23:00:00.0;0.07922684563623365
2022-08-20T00:00:00.0;0.07534196046446343
2022-08-20T01:00:00.0;0.07241864936076066
2022-08-20T02:00:00.0;0.06962484639717666
2022-08-20T03:00:00.0;0.06697056605316054
2022-08-20T04:00:00.0;0.06484768845723765
2022-08-20T05:00:00.0;0.06327369702846104
2022-08-20T06:00:00.0;0.06248733686634038
2022-08-20T07:00:00.0;0.0596262034619109
2022-08-20T08:00:00.0;0.054882721638377686
2022-08-20T09:00:00.0;0.05015737906184385
2022-08-20T10:00:00.0;0.048134474017778164
2022-08-20T11:00:00.0;0.04619436176169253
2022-08-20T12:00:00.0;0.046291566308952474
2022-08-20T13:00:00.0;0.047276822455920006
2022-08-20T14:00:00.0;0.05140230194850714
2022-08-20T15:00:00.0;0.055571974103596364
2022-08-20T16:00:00.0;0.06179133791593136
2022-08-20T17:00:00.0;0.06773201146926495
2022-08-20T18:00:00.0;0.07530577685975932
2022-08-20T19:00:00.0;0.08204136866367066
2022-08-20T20:00:00.0;0.08629550517881245
2022-08-20T21:00:00.0;0.08624645173208656
2022-08-20T22:00:00.0;0.08390223913164896
2022-08-20T23:00:00.0;0.07965798563851416
2022-08-21T00:00:00.0;0.07432569065920384
2022-08-21T01:00:00.0;0.07136435348364376
2022-08-21T02:00:00.0;0.06854524609973534
2022-08-21T03:00:00.0;0.06577569615249704
2022-08-21T04:00:00.0;0.06351914252480449
2022-08-21T05:00:00.0;0.06176329637620071
2022-08-21T06:00:00.0;0.06125119093051026
2022-08-21T07:00:00.0;0.05850368235765774
2022-08-21T08:00:00.0;0.053411776707812914
2022-08-21T09:00:00.0;0.04811723145008491
2022-08-21T10:00:00.0;0.045169032619213234
2022-08-21T11:00:00.0;0.04326237653899848
2022-08-21T12:00:00.0;0.04321544872244428
2022-08-21T13:00:00.0;0.04450536904634585
2022-08-21T14:00:00.0;0.04877155488337597
2022-08-21T15:00:00.0;0.05399860729016749
2022-08-21T16:00:00.0;0.061364236216305525
2022-08-21T17:00:00.0;0.06751330871091545
2022-08-21T18:00:00.0;0.07469183004693367
2022-08-21T19:00:00.0;0.08074867008279787
2022-08-21T20:00:00.0;0.08440447356484962
2022-08-21T21:00:00.0;0.0844995181763875
2022-08-21T22:00:00.0;0.0819597127358402
2022-08-21T23:00:00.0;0.07783503139772308
2022-08-22T00:00:00.0;0.07486088854597861
2022-08-22T01:00:00.0;0.07197796954710176
2022-08-22T02:00:00.0;0.0692281619622121
2022-08-22T03:00:00.0;0.06660527345647729
2022-08-22T04:00:00.0;0.06475983260795526
2022-08-22T05:00:00.0;0.06387153822248663
2022-08-22T06:00:00.0;0.06310295138302316
2022-08-22T07:00:00.0;0.06013481644536695
2022-08-22T08:00:00.0;0.05513375015004309
2022-08-22T09:00:00.0;0.05016468617585524
2022-08-22T10:00:00.0;0.048611128050400104
2022-08-22T11:00:00.0;0.046877199995322937
2022-08-22T12:00:00.0;0.047076410307335774
2022-08-22T13:00:00.0;0.04770573249847955
2022-08-22T14:00:00.0;0.05199399516635128
2022-08-22T15:00:00.0;0.05578133589767323
2022-08-22T16:00:00.0;0.062019847126016214
2022-08-22T17:00:00.0;0.06762204488478808
2022-08-22T18:00:00.0;0.07544679586053676
2022-08-22T19:00:00.0;0.0821158396292441
2022-08-22T20:00:00.0;0.08594456496812138
2022-08-22T21:00:00.0;0.08553759894540174
2022-08-22T22:00:00.0;0.08327930993384719
2022-08-22T23:00:00.0;0.07932259156789769
2022-08-23T00:00:00.0;0.07487739485920528
2022-08-23T01:00:00.0;0.07198950929121617
2022-08-23T02:00:00.0;0.06923776558288082
2022-08-23T03:00:00.0;0.06663461462099057
2022-08-23T04:00:00.0;0.06476975530233228
2022-08-23T05:00:00.0;0.06386068004190594
2022-08-23T06:00:00.0;0.06304534870160391
2022-08-23T07:00:00.0;0.06010373743646107
2022-08-23T08:00:00.0;0.05518118175429686
2022-08-23T09:00:00.0;0.05025454282205866
2022-08-23T10:00:00.0;0.048722768708302784
2022-08-23T11:00:00.0;0.04696068141885664
2022-08-23T12:00:00.0;0.04713834793850058
2022-08-23T13:00:00.0;0.04774523224371607
2022-08-23T14:00:00.0;0.05202727449114133
2022-08-23T15:00:00.0;0.05582291273845951
2022-08-23T16:00:00.0;0.062027264467296186
2022-08-23T17:00:00.0;0.06764749891538259
2022-08-23T18:00:00.0;0.07543663107840741
2022-08-23T19:00:00.0;0.08210483668611937
2022-08-23T20:00:00.0;0.08596233716619504
2022-08-23T21:00:00.0;0.08557998368811438
2022-08-23T22:00:00.0;0.08333796841587972
2022-08-23T23:00:00.0;0.07938464022349612
2022-08-24T00:00:00.0;0.07498636354989319
2022-08-24T01:00:00.0;0.07211984749019464
2022-08-24T02:00:00.0;0.06937750758609156
2022-08-24T03:00:00.0;0.06691569316115353
2022-08-24T04:00:00.0;0.06494107146553021
2022-08-24T05:00:00.0;0.06390543971520372
2022-08-24T06:00:00.0;0.062690222651479
2022-08-24T07:00:00.0;0.05967008334655461
2022-08-24T08:00:00.0;0.05501643211142583
2022-08-24T09:00:00.0;0.05023199251128297
2022-08-24T10:00:00.0;0.04895151505195769
2022-08-24T11:00:00.0;0.04710335659569261
2022-08-24T12:00:00.0;0.04717095723528526
2022-08-24T13:00:00.0;0.04757458424626421
2022-08-24T14:00:00.0;0.05181948793038857
2022-08-24T15:00:00.0;0.05558489433205202
2022-08-24T16:00:00.0;0.06149562455713927
2022-08-24T17:00:00.0;0.06699588984579079
2022-08-24T18:00:00.0;0.07485294329173862
2022-08-24T19:00:00.0;0.08181662417062059
2022-08-24T20:00:00.0;0.08605549796130459
2022-08-24T21:00:00.0;0.08586294756768935
2022-08-24T22:00:00.0;0.08371624413896535
2022-08-24T23:00:00.0;0.079736087026786
2022-08-25T00:00:00.0;0.0751005279686741
2022-08-25T01:00:00.0;0.07217979226986253
2022-08-25T02:00:00.0;0.06942178267720248
2022-08-25T03:00:00.0;0.06693369061661393
2022-08-25T04:00:00.0;0.06498084519488896
2022-08-25T05:00:00.0;0.06410440054929525
2022-08-25T06:00:00.0;0.06315937848012947
2022-08-25T07:00:00.0;0.06045176885518282
2022-08-25T08:00:00.0;0.05594049203020814
2022-08-25T09:00:00.0;0.051111713713615455
2022-08-25T10:00:00.0;0.04950146647909133
2022-08-25T11:00:00.0;0.047574628879969987
2022-08-25T12:00:00.0;0.04755490880271491
2022-08-25T13:00:00.0;0.04795906738555694
2022-08-25T14:00:00.0;0.0520523197920034
2022-08-25T15:00:00.0;0.055948048969113616
2022-08-25T16:00:00.0;0.06203688547056415
2022-08-25T17:00:00.0;0.06783862425232433
2022-08-25T18:00:00.0;0.07541302273217919
2022-08-25T19:00:00.0;0.08215098045639214
2022-08-25T20:00:00.0;0.0861635378462136
2022-08-25T21:00:00.0;0.08583535462797408
2022-08-25T22:00:00.0;0.0836331720692095
2022-08-25T23:00:00.0;0.07968680341807859
2022-08-26T00:00:00.0;0.07634712396772579
2022-08-26T01:00:00.0;0.07333149811050328
2022-08-26T02:00:00.0;0.07050708401771734
2022-08-26T03:00:00.0;0.06796164585209255
2022-08-26T04:00:00.0;0.06592694889306827
2022-08-26T05:00:00.0;0.06499453967038395
2022-08-26T06:00:00.0;0.06450441959285297
2022-08-26T07:00:00.0;0.06281167541103878
2022-08-26T08:00:00.0;0.059298574070599123
2022-08-26T09:00:00.0;0.055023495984897405
2022-08-26T10:00:00.0;0.053341866483367764
2022-08-26T11:00:00.0;0.05141782147235067
2022-08-26T12:00:00.0;0.05123330104229485
2022-08-26T13:00:00.0;0.05145738506076129
2022-08-26T14:00:00.0;0.055065063907473795
2022-08-26T15:00:00.0;0.058785046429574106
2022-08-26T16:00:00.0;0.0646263160235278
2022-08-26T17:00:00.0;0.07079725930070226
2022-08-26T18:00:00.0;0.07806065005543224
2022-08-26T19:00:00.0;0.08407659462070081
2022-08-26T20:00:00.0;0.0874984776687684
2022-08-26T21:00:00.0;0.08704218716368226
2022-08-26T22:00:00.0;0.08469742175689855
2022-08-26T23:00:00.0;0.08080604101872921
2022-08-27T00:00:00.0;0.07572175375387184
2022-08-27T01:00:00.0;0.07277783303251678
2022-08-27T02:00:00.0;0.06999138902744503
2022-08-27T03:00:00.0;0.06748456992499745
2022-08-27T04:00:00.0;0.0654797116766984
2022-08-27T05:00:00.0;0.06450443405252732
2022-08-27T06:00:00.0;0.06368801050290954
2022-08-27T07:00:00.0;0.061387730674650316
2022-08-27T08:00:00.0;0.05734478945945184
2022-08-27T09:00:00.0;0.05282517311445697
2022-08-27T10:00:00.0;0.051323918159919636
2022-08-27T11:00:00.0;0.04943599609231572
2022-08-27T12:00:00.0;0.049363346680906986
2022-08-27T13:00:00.0;0.04966762129387597
2022-08-27T14:00:00.0;0.053569985003753276
2022-08-27T15:00:00.0;0.05731230062417281
2022-08-27T16:00:00.0;0.06318590362515496
2022-08-27T17:00:00.0;0.06904795123817933
2022-08-27T18:00:00.0;0.07659049285006438
2022-08-27T19:00:00.0;0.08304740716157215
2022-08-27T20:00:00.0;0.08684661133010137
2022-08-27T21:00:00.0;0.08650994196847757
2022-08-27T22:00:00.0;0.08424883466235268
2022-08-27T23:00:00.0;0.08031656583161402
2022-08-28T00:00:00.0;0.07538541512959163
2022-08-28T01:00:00.0;0.07224907573878396
2022-08-28T02:00:00.0;0.06948465648675013
2022-08-28T03:00:00.0;0.06690326245740867
2022-08-28T04:00:00.0;0.06519274984367485
2022-08-28T05:00:00.0;0.06565740924438096
2022-08-28T06:00:00.0;0.06617192614363736
2022-08-28T07:00:00.0;0.0644878105323571
2022-08-28T08:00:00.0;0.059786473047856
2022-08-28T09:00:00.0;0.05386606711984181
2022-08-28T10:00:00.0;0.05004027077115368
2022-08-28T11:00:00.0;0.04778593941685645
2022-08-28T12:00:00.0;0.04723711574701877
2022-08-28T13:00:00.0;0.04747682142591748
2022-08-28T14:00:00.0;0.05054504944983442
2022-08-28T15:00:00.0;0.05529791086342875
2022-08-28T16:00:00.0;0.0626657462778435
2022-08-28T17:00:00.0;0.06984586691162106
2022-08-28T18:00:00.0;0.07634662167711288
2022-08-28T19:00:00.0;0.08282828150899608
2022-08-28T20:00:00.0;0.08613963887739319
2022-08-28T21:00:00.0;0.08492569923215686
2022-08-28T22:00:00.0;0.08239162752468118
2022-08-28T23:00:00.0;0.07849878568306891
2022-08-29T00:00:00.0;0.07521715585629998
2022-08-29T01:00:00.0;0.07223574793077035
2022-08-29T02:00:00.0;0.06947241360369262
2022-08-29T03:00:00.0;0.06699112258583081
2022-08-29T04:00:00.0;0.06494344996514051
2022-08-29T05:00:00.0;0.06379648226751493
2022-08-29T06:00:00.0;0.06250880132435868
2022-08-29T07:00:00.0;0.059643291327234726
2022-08-29T08:00:00.0;0.05534301559856445
2022-08-29T09:00:00.0;0.05093955520536933
2022-08-29T10:00:00.0;0.04970337711828882
2022-08-29T11:00:00.0;0.04780717822503154
2022-08-29T12:00:00.0;0.04794471434362716
2022-08-29T13:00:00.0;0.04838337465349592
2022-08-29T14:00:00.0;0.05246852767749975
2022-08-29T15:00:00.0;0.05618513939075469
2022-08-29T16:00:00.0;0.06207249843015695
2022-08-29T17:00:00.0;0.06770538818640184
2022-08-29T18:00:00.0;0.07528360366966426
2022-08-29T19:00:00.0;0.08193388526020311
2022-08-29T20:00:00.0;0.08598194095822946
2022-08-29T21:00:00.0;0.08578940079927923
2022-08-29T22:00:00.0;0.0838167778740219
2022-08-29T23:00:00.0;0.07985418049522375
2022-08-30T00:00:00.0;0.07530410137205827
2022-08-30T01:00:00.0;0.07224846028576916
2022-08-30T02:00:00.0;0.06947491000051459
2022-08-30T03:00:00.0;0.06692371635812328
2022-08-30T04:00:00.0;0.06507910319237672
2022-08-30T05:00:00.0;0.06488590832895406
2022-08-30T06:00:00.0;0.06477475956511304
2022-08-30T07:00:00.0;0.06275605507499449
2022-08-30T08:00:00.0;0.05827569040152152
2022-08-30T09:00:00.0;0.05293148871965196
2022-08-30T10:00:00.0;0.05009927525235913
2022-08-30T11:00:00.0;0.04798940889419017
2022-08-30T12:00:00.0;0.04766686138590037
2022-08-30T13:00:00.0;0.04799179273396657
2022-08-30T14:00:00.0;0.051515172006956156
2022-08-30T15:00:00.0;0.05591259403691841
2022-08-30T16:00:00.0;0.06272325004292544
2022-08-30T17:00:00.0;0.06932964113883154
2022-08-30T18:00:00.0;0.07623420218937081
2022-08-30T19:00:00.0;0.08265819489253574
2022-08-30T20:00:00.0;0.08616249492557213
2022-08-30T21:00:00.0;0.08536187910401938
2022-08-30T22:00:00.0;0.08296782517088484
2022-08-30T23:00:00.0;0.07907749018368603
2022-08-31T00:00:00.0;0.07434059592997534
2022-08-31T01:00:00.0;0.07115225452626238
2022-08-31T02:00:00.0;0.06838245962569225
2022-08-31T03:00:00.0;0.06574758359709089
2022-08-31T04:00:00.0;0.06401555233374413
2022-08-31T05:00:00.0;0.06462669289115461
2022-08-31T06:00:00.0;0.06537506320064074
2022-08-31T07:00:00.0;0.06375742566051504
2022-08-31T08:00:00.0;0.05869990031843111
2022-08-31T09:00:00.0;0.05219286396365657
2022-08-31T10:00:00.0;0.047560572603869776
2022-08-31T11:00:00.0;0.04525598182206845
2022-08-31T12:00:00.0;0.04457174927468942
2022-08-31T13:00:00.0;0.04497732332355169
2022-08-31T14:00:00.0;0.0481617332864979
2022-08-31T15:00:00.0;0.05375641284569236
2022-08-31T16:00:00.0;0.06211904773258826
2022-08-31T17:00:00.0;0.0695706882340823
2022-08-31T18:00:00.0;0.07562363025170167
2022-08-31T19:00:00.0;0.0816348378753401
2022-08-31T20:00:00.0;0.08446014472524531
2022-08-31T21:00:00.0;0.08322059424412734
2022-08-31T22:00:00.0;0.08059386948354312
2022-08-31T23:00:00.0;0.07685724768486289
2022-09-01T00:00:00.0;0.07460142302548683
2022-09-01T01:00:00.0;0.07155319432605643
2022-09-01T02:00:00.0;0.06879685354511914
2022-09-01T03:00:00.0;0.06626394361784212
2022-09-01T04:00:00.0;0.06444699615221924
2022-09-01T05:00:00.0;0.06419962088650735
2022-09-01T06:00:00.0;0.0638324595953765
2022-09-01T07:00:00.0;0.06139420104509661
2022-09-01T08:00:00.0;0.05658344146284344
2022-09-01T09:00:00.0;0.05115963407262738
2022-09-01T10:00:00.0;0.04842719619957376
2022-09-01T11:00:00.0;0.04623759985461084
2022-09-01T12:00:00.0;0.04604422914755029
2022-09-01T13:00:00.0;0.04655885679387258
2022-09-01T14:00:00.0;0.05041893415318886
2022-09-01T15:00:00.0;0.05489315962214611
2022-09-01T16:00:00.0;0.06180290510536576
2022-09-01T17:00:00.0;0.06835164019885928
2022-09-01T18:00:00.0;0.0752033389778403
2022-09-01T19:00:00.0;0.0817724088510387
2022-09-01T20:00:00.0;0.0854783580194673
2022-09-01T21:00:00.0;0.08475863426839456
2022-09-01T22:00:00.0;0.08249945826868194
2022-09-01T23:00:00.0;0.07861232166351355
2022-09-02T00:00:00.0;0.0743486722082624
2022-09-02T01:00:00.0;0.07123179071639998
2022-09-02T02:00:00.0;0.0684826477300814
2022-09-02T03:00:00.0;0.06592522489914591
2022-09-02T04:00:00.0;0.06420537774552895
2022-09-02T05:00:00.0;0.0644095801279885
2022-09-02T06:00:00.0;0.06443918339249925
2022-09-02T07:00:00.0;0.06215398499704506
2022-09-02T08:00:00.0;0.05709574127996016
2022-09-02T09:00:00.0;0.051218088762926765
2022-09-02T10:00:00.0;0.047732775765777835
2022-09-02T11:00:00.0;0.045399697933375956
2022-09-02T12:00:00.0;0.04507380581369358
2022-09-02T13:00:00.0;0.045614439329901696
2022-09-02T14:00:00.0;0.04927006318567167
2022-09-02T15:00:00.0;0.054105205657144634
2022-09-02T16:00:00.0;0.06153839844681703
2022-09-02T17:00:00.0;0.06853258100275418
2022-09-02T18:00:00.0;0.07499556807025144
2022-09-02T19:00:00.0;0.08154953941820978
2022-09-02T20:00:00.0;0.08509968472510135
2022-09-02T21:00:00.0;0.08410878007763616
2022-09-02T22:00:00.0;0.08178752323362735
2022-09-02T23:00:00.0;0.07792243288972746
2022-09-03T00:00:00.0;0.07361308801750113
2022-09-03T01:00:00.0;0.07053438085671494
2022-09-03T02:00:00.0;0.0676743342478077
2022-09-03T03:00:00.0;0.06479463915719887
2022-09-03T04:00:00.0;0.06246847429274426
2022-09-03T05:00:00.0;0.06073162363423858
2022-09-03T06:00:00.0;0.06065587016229821
2022-09-03T07:00:00.0;0.05832988600989932
2022-09-03T08:00:00.0;0.05321496639552808
2022-09-03T09:00:00.0;0.04758486298035239
2022-09-03T10:00:00.0;0.04367149341901173
2022-09-03T11:00:00.0;0.04163902251309608
2022-09-03T12:00:00.0;0.041441045530034186
2022-09-03T13:00:00.0;0.04301560790976769
2022-09-03T14:00:00.0;0.04728972672565577
2022-09-03T15:00:00.0;0.05339383967398926
2022-09-03T16:00:00.0;0.06175696257704695
2022-09-03T17:00:00.0;0.06846230842779094
2022-09-03T18:00:00.0;0.07490644724277494
2022-09-03T19:00:00.0;0.08013718193553886
2022-09-03T20:00:00.0;0.08309379610123827
2022-09-03T21:00:00.0;0.08314454811451126
2022-09-03T22:00:00.0;0.08047862145200844
2022-09-03T23:00:00.0;0.076495598581595
2022-09-04T00:00:00.0;0.07529979337428189
2022-09-04T01:00:00.0;0.07218948997498426
2022-09-04T02:00:00.0;0.06928718661324636
2022-09-04T03:00:00.0;0.06550934748807571
2022-09-04T04:00:00.0;0.0638307193080667
2022-09-04T05:00:00.0;0.06221589798357511
2022-09-04T06:00:00.0;0.06429658860393797
2022-09-04T07:00:00.0;0.06184670801864356
2022-09-04T08:00:00.0;0.055156707782742675
2022-09-04T09:00:00.0;0.049637481433436846
2022-09-04T10:00:00.0;0.04520849361770134
2022-09-04T11:00:00.0;0.043778422943815065
2022-09-04T12:00:00.0;0.044663140399250796
2022-09-04T13:00:00.0;0.04764671964613167
2022-09-04T14:00:00.0;0.05175641006861416
2022-09-04T15:00:00.0;0.05654151935579931
2022-09-04T16:00:00.0;0.06486966276959301
2022-09-04T17:00:00.0;0.07188496782165829
2022-09-04T18:00:00.0;0.07894635757229333
2022-09-04T19:00:00.0;0.08385228250970217
2022-09-04T20:00:00.0;0.08600528253617169
2022-09-04T21:00:00.0;0.08505204428948958
2022-09-04T22:00:00.0;0.08191378142746839
2022-09-04T23:00:00.0;0.07739214775541504
2022-09-05T00:00:00.0;0.0747962888420658
2022-09-05T01:00:00.0;0.0716917042735068
2022-09-05T02:00:00.0;0.06883230003455747
2022-09-05T03:00:00.0;0.06550928856426896
2022-09-05T04:00:00.0;0.06371472986966731
2022-09-05T05:00:00.0;0.06250757422529028
2022-09-05T06:00:00.0;0.06367911193133824
2022-09-05T07:00:00.0;0.06130445171471561
2022-09-05T08:00:00.0;0.05534652735416141
2022-09-05T09:00:00.0;0.04980285224795331
2022-09-05T10:00:00.0;0.045823434508066
2022-09-05T11:00:00.0;0.04408690588972777
2022-09-05T12:00:00.0;0.04451630073938628
2022-09-05T13:00:00.0;0.04664337033158034
2022-09-05T14:00:00.0;0.05070683429973842
2022-09-05T15:00:00.0;0.05565124565368704
2022-09-05T16:00:00.0;0.06369294424104364
2022-09-05T17:00:00.0;0.07060504756160149
2022-09-05T18:00:00.0;0.07743621842080568
2022-09-05T19:00:00.0;0.0827493405702084
2022-09-05T20:00:00.0;0.08534340967378709
2022-09-05T21:00:00.0;0.08455710626638781
2022-09-05T22:00:00.0;0.08172036045782763
2022-09-05T23:00:00.0;0.07747470085126079
2022-09-06T00:00:00.0;0.0739008127505131
2022-09-06T01:00:00.0;0.07081494069395462
2022-09-06T02:00:00.0;0.06803847389901457
2022-09-06T03:00:00.0;0.06456852826136457
2022-09-06T04:00:00.0;0.06348365062202438
2022-09-06T05:00:00.0;0.06395565074941634
2022-09-06T06:00:00.0;0.06595426453044967
2022-09-06T07:00:00.0;0.0634437422315465
2022-09-06T08:00:00.0;0.05636342146545869
2022-09-06T09:00:00.0;0.049852371850533476
2022-09-06T10:00:00.0;0.045841625095712865
2022-09-06T11:00:00.0;0.044499044321976114
2022-09-06T12:00:00.0;0.04518337102932918
2022-09-06T13:00:00.0;0.04696856885558711
2022-09-06T14:00:00.0;0.051116531258187416
2022-09-06T15:00:00.0;0.05555042702941838
2022-09-06T16:00:00.0;0.06422234030491465
2022-09-06T17:00:00.0;0.07094247036674001
2022-09-06T18:00:00.0;0.0780424739411099
2022-09-06T19:00:00.0;0.0831816712813678
2022-09-06T20:00:00.0;0.08469583935085485
2022-09-06T21:00:00.0;0.08283724957977458
2022-09-06T22:00:00.0;0.07997316815806552
2022-09-06T23:00:00.0;0.0761650424279504
2022-09-07T00:00:00.0;0.07436043301272081
2022-09-07T01:00:00.0;0.07135067556803551
2022-09-07T02:00:00.0;0.06855613395946693
2022-09-07T03:00:00.0;0.06514669192080398
2022-09-07T04:00:00.0;0.06388343751949863
2022-09-07T05:00:00.0;0.06365104161691228
2022-09-07T06:00:00.0;0.06503642710037216
2022-09-07T07:00:00.0;0.06237807245980397
2022-09-07T08:00:00.0;0.05581012582917346
2022-09-07T09:00:00.0;0.05005504755634419
2022-09-07T10:00:00.0;0.04709524433274695
2022-09-07T11:00:00.0;0.04587015526278443
2022-09-07T12:00:00.0;0.04670861430982085
2022-09-07T13:00:00.0;0.04846482348443931
2022-09-07T14:00:00.0;0.05286686960287476
2022-09-07T15:00:00.0;0.056803832354653826
2022-09-07T16:00:00.0;0.0646563866841508
2022-09-07T17:00:00.0;0.07085107311513084
2022-09-07T18:00:00.0;0.07838431989828608
2022-09-07T19:00:00.0;0.08355215259896047
2022-09-07T20:00:00.0;0.08537531877567149
2022-09-07T21:00:00.0;0.08394210715072294
2022-09-07T22:00:00.0;0.08119568926222204
2022-09-07T23:00:00.0;0.07733079054477413
2022-09-08T00:00:00.0;0.07549135259712346
2022-09-08T01:00:00.0;0.07245323351407082
2022-09-08T02:00:00.0;0.06963065650889541
2022-09-08T03:00:00.0;0.06658847278733616
2022-09-08T04:00:00.0;0.06493736444504848
2022-09-08T05:00:00.0;0.06433437893620904
2022-09-08T06:00:00.0;0.06500648657986408
2022-09-08T07:00:00.0;0.06295463217646416
2022-09-08T08:00:00.0;0.05788461576559133
2022-09-08T09:00:00.0;0.0528333222509704
2022-09-08T10:00:00.0;0.05024617145612522
2022-09-08T11:00:00.0;0.04866442116736497
2022-09-08T12:00:00.0;0.04898605402053442
2022-09-08T13:00:00.0;0.050091253147921004
2022-09-08T14:00:00.0;0.05400329635589416
2022-09-08T15:00:00.0;0.05792761703242511
2022-09-08T16:00:00.0;0.06491329893321474
2022-09-08T17:00:00.0;0.0712559754970219
2022-09-08T18:00:00.0;0.07855256179264708
2022-09-08T19:00:00.0;0.08402651996884686
2022-09-08T20:00:00.0;0.08653940328610536
2022-09-08T21:00:00.0;0.08554497800475591
2022-09-08T22:00:00.0;0.08292667190809244
2022-09-08T23:00:00.0;0.07900603023319246
2022-09-09T00:00:00.0;0.07573827863970141
2022-09-09T01:00:00.0;0.07255664383531195
2022-09-09T02:00:00.0;0.06973704348067103
2022-09-09T03:00:00.0;0.06710913444025991
2022-09-09T04:00:00.0;0.06525325234334273
2022-09-09T05:00:00.0;0.06535277938158786
2022-09-09T06:00:00.0;0.06591814490788925
2022-09-09T07:00:00.0;0.0647800751048362
2022-09-09T08:00:00.0;0.06075929473420503
2022-09-09T09:00:00.0;0.05532001841021894
2022-09-09T10:00:00.0;0.05167636585259031
2022-09-09T11:00:00.0;0.04947870282812843
2022-09-09T12:00:00.0;0.0488925034379931
2022-09-09T13:00:00.0;0.04913876463408551
2022-09-09T14:00:00.0;0.05219473282027055
2022-09-09T15:00:00.0;0.05698573462765746
2022-09-09T16:00:00.0;0.06429014230810211
2022-09-09T17:00:00.0;0.07152294721548907
2022-09-09T18:00:00.0;0.0778278831612934
2022-09-09T19:00:00.0;0.08354985688450081
2022-09-09T20:00:00.0;0.08634295945482547
2022-09-09T21:00:00.0;0.08527102580904958
2022-09-09T22:00:00.0;0.08268505725268059
2022-09-09T23:00:00.0;0.07890289965589688
2022-09-10T00:00:00.0;0.07320531896746112
2022-09-10T01:00:00.0;0.07014527306652998
2022-09-10T02:00:00.0;0.06733672245250304
2022-09-10T03:00:00.0;0.06472068865268239
2022-09-10T04:00:00.0;0.06253336992268392
2022-09-10T05:00:00.0;0.061382448771721256
2022-09-10T06:00:00.0;0.06058350560937088
2022-09-10T07:00:00.0;0.05817089095778605
2022-09-10T08:00:00.0;0.05351830036477987
2022-09-10T09:00:00.0;0.04815380945427019
2022-09-10T10:00:00.0;0.04547655576074199
2022-09-10T11:00:00.0;0.043562360513026484
2022-09-10T12:00:00.0;0.043380653554332495
2022-09-10T13:00:00.0;0.044159751683327905
2022-09-10T14:00:00.0;0.048602959910959954
2022-09-10T15:00:00.0;0.05408227728275607
2022-09-10T16:00:00.0;0.06193539753006079
2022-09-10T17:00:00.0;0.06804086668361622
2022-09-10T18:00:00.0;0.07471934171186125
2022-09-10T19:00:00.0;0.07994208189768028
2022-09-10T20:00:00.0;0.08268747494521193
2022-09-10T21:00:00.0;0.08260101677067272
2022-09-10T22:00:00.0;0.08032663705378425
2022-09-10T23:00:00.0;0.07676703647815836
2022-09-11T00:00:00.0;0.07436266158900001
2022-09-11T01:00:00.0;0.07129650802032453
2022-09-11T02:00:00.0;0.06846339945472885
2022-09-11T03:00:00.0;0.06463864808956701
2022-09-11T04:00:00.0;0.06353586433459825
2022-09-11T05:00:00.0;0.06324911880114724
2022-09-11T06:00:00.0;0.06565497198009392
2022-09-11T07:00:00.0;0.06310710138254295
2022-09-11T08:00:00.0;0.05580881573923848
2022-09-11T09:00:00.0;0.04978598270461455
2022-09-11T10:00:00.0;0.04601969436989318
2022-09-11T11:00:00.0;0.045011026055211366
2022-09-11T12:00:00.0;0.04616078527599225
2022-09-11T13:00:00.0;0.04865226079536128
2022-09-11T14:00:00.0;0.05307344544759319
2022-09-11T15:00:00.0;0.05719244791202531
2022-09-11T16:00:00.0;0.06577250105133095
2022-09-11T17:00:00.0;0.07229581193481566
2022-09-11T18:00:00.0;0.0797104407467088
2022-09-11T19:00:00.0;0.08422745771610168
2022-09-11T20:00:00.0;0.08529889633712007
2022-09-11T21:00:00.0;0.08355600750805332
2022-09-11T22:00:00.0;0.08051830608035586
2022-09-11T23:00:00.0;0.07654530230434901
2022-09-12T00:00:00.0;0.07528608108447318
2022-09-12T01:00:00.0;0.07220265739982956
2022-09-12T02:00:00.0;0.06934569969683316
2022-09-12T03:00:00.0;0.06612695767534645
2022-09-12T04:00:00.0;0.06439189479183301
2022-09-12T05:00:00.0;0.06330911393227467
2022-09-12T06:00:00.0;0.06419995887510412
2022-09-12T07:00:00.0;0.06202236185419002
2022-09-12T08:00:00.0;0.056655955781455054
2022-09-12T09:00:00.0;0.05164153032279628
2022-09-12T10:00:00.0;0.048584728924618965
2022-09-12T11:00:00.0;0.046930266707245524
2022-09-12T12:00:00.0;0.047412414209958155
2022-09-12T13:00:00.0;0.04914119304028149
2022-09-12T14:00:00.0;0.05321999309685519
2022-09-12T15:00:00.0;0.057479887001902666
2022-09-12T16:00:00.0;0.064807960384472
2022-09-12T17:00:00.0;0.07142701605907774
2022-09-12T18:00:00.0;0.07847557920469952
2022-09-12T19:00:00.0;0.08371794652939382
2022-09-12T20:00:00.0;0.08622676093569616
2022-09-12T21:00:00.0;0.08537842282981092
2022-09-12T22:00:00.0;0.08268950477735423
2022-09-12T23:00:00.0;0.07859164764299212
2022-09-13T00:00:00.0;0.07495908708070592
2022-09-13T01:00:00.0;0.07187319449774665
2022-09-13T02:00:00.0;0.0690255052597054
2022-09-13T03:00:00.0;0.06539780716609113
2022-09-13T04:00:00.0;0.06411428523157289
2022-09-13T05:00:00.0;0.06370393804644864
2022-09-13T06:00:00.0;0.06575329093240863
2022-09-13T07:00:00.0;0.06357922357829582
2022-09-13T08:00:00.0;0.057116217754546214
2022-09-13T09:00:00.0;0.05147941539681679
2022-09-13T10:00:00.0;0.04795771390312044
2022-09-13T11:00:00.0;0.04677287468233765
2022-09-13T12:00:00.0;0.047649948746241476
2022-09-13T13:00:00.0;0.049750348903579586
2022-09-13T14:00:00.0;0.053910069444077106
2022-09-13T15:00:00.0;0.05797773870241146
2022-09-13T16:00:00.0;0.06609165017634153
2022-09-13T17:00:00.0;0.07269035931547167
2022-09-13T18:00:00.0;0.07996642159574348
2022-09-13T19:00:00.0;0.08458194974996872
2022-09-13T20:00:00.0;0.08593200054134713
2022-09-13T21:00:00.0;0.08437578789885354
2022-09-13T22:00:00.0;0.08141433434198274
2022-09-13T23:00:00.0;0.07745199376722657
2022-09-14T00:00:00.0;0.0746034203124143
2022-09-14T01:00:00.0;0.07153240008943396
2022-09-14T02:00:00.0;0.06872025776760297
2022-09-14T03:00:00.0;0.06545656994568813
2022-09-14T04:00:00.0;0.06401207466152758
2022-09-14T05:00:00.0;0.06353168950190533
2022-09-14T06:00:00.0;0.06446960971319317
2022-09-14T07:00:00.0;0.061984011375987295
2022-09-14T08:00:00.0;0.05610227940043995
2022-09-14T09:00:00.0;0.050827397290719896
2022-09-14T10:00:00.0;0.048154639478725586
2022-09-14T11:00:00.0;0.04674079301278082
2022-09-14T12:00:00.0;0.047468415405797174
2022-09-14T13:00:00.0;0.04905454520477619
2022-09-14T14:00:00.0;0.053367976852082666
2022-09-14T15:00:00.0;0.0572886256511734
2022-09-14T16:00:00.0;0.06480265446247255
2022-09-14T17:00:00.0;0.07107389030481931
2022-09-14T18:00:00.0;0.07835223423335444
2022-09-14T19:00:00.0;0.08347526981638691
2022-09-14T20:00:00.0;0.08551057103050634
2022-09-14T21:00:00.0;0.08429982906852586
2022-09-14T22:00:00.0;0.08174846800836832
2022-09-14T23:00:00.0;0.07789836843108981
2022-09-15T00:00:00.0;0.07681743918806054
2022-09-15T01:00:00.0;0.07363127980387531
2022-09-15T02:00:00.0;0.07077911949182926
2022-09-15T03:00:00.0;0.06815650453949089
2022-09-15T04:00:00.0;0.06623985978919598
2022-09-15T05:00:00.0;0.0660782509014711
2022-09-15T06:00:00.0;0.0665940214815814
2022-09-15T07:00:00.0;0.0658341884706753
2022-09-15T08:00:00.0;0.06253103663553179
2022-09-15T09:00:00.0;0.057799101090012614
2022-09-15T10:00:00.0;0.05475935069795945
2022-09-15T11:00:00.0;0.052613357467472546
2022-09-15T12:00:00.0;0.05207394303385713
2022-09-15T13:00:00.0;0.05218335030978493
2022-09-15T14:00:00.0;0.05506830361528714
2022-09-15T15:00:00.0;0.05927557928968828
2022-09-15T16:00:00.0;0.06583808496467741
2022-09-15T17:00:00.0;0.07299060498498991
2022-09-15T18:00:00.0;0.07944234202321153
2022-09-15T19:00:00.0;0.08501941653350982
2022-09-15T20:00:00.0;0.08780880684323368
2022-09-15T21:00:00.0;0.08678720474702233
2022-09-15T22:00:00.0;0.08421900934438507
2022-09-15T23:00:00.0;0.0803893842076316
2022-09-16T00:00:00.0;0.07627366125239927
2022-09-16T01:00:00.0;0.07292756364642353
2022-09-16T02:00:00.0;0.07008290562002982
2022-09-16T03:00:00.0;0.06738391597082283
2022-09-16T04:00:00.0;0.06565345127314749
2022-09-16T05:00:00.0;0.06652621516619978
2022-09-16T06:00:00.0;0.06807601257140856
2022-09-16T07:00:00.0;0.06784226288295302
2022-09-16T08:00:00.0;0.06403084033318472
2022-09-16T09:00:00.0;0.05816083348951475
2022-09-16T10:00:00.0;0.05321547396918845
2022-09-16T11:00:00.0;0.050797744215983355
2022-09-16T12:00:00.0;0.04986906276968441
2022-09-16T13:00:00.0;0.0499878410815919
2022-09-16T14:00:00.0;0.052313741718278496
2022-09-16T15:00:00.0;0.05752527205327304
2022-09-16T16:00:00.0;0.06547620048460813
2022-09-16T17:00:00.0;0.07366619865448365
2022-09-16T18:00:00.0;0.07920292187538477
2022-09-16T19:00:00.0;0.08455349947963063
2022-09-16T20:00:00.0;0.08677328101622643
2022-09-16T21:00:00.0;0.08513307614138318
2022-09-16T22:00:00.0;0.082333208408857
2022-09-16T23:00:00.0;0.07859626086727285
2022-09-17T00:00:00.0;0.06976333781353937
2022-09-17T01:00:00.0;0.06652601309611983
2022-09-17T02:00:00.0;0.0636077380099925
2022-09-17T03:00:00.0;0.06072918468827344
2022-09-17T04:00:00.0;0.05819559567298143
2022-09-17T05:00:00.0;0.05677854902201933
2022-09-17T06:00:00.0;0.05678182014099572
2022-09-17T07:00:00.0;0.05539710776396742
2022-09-17T08:00:00.0;0.050493726895847135
2022-09-17T09:00:00.0;0.043752784474553406
2022-09-17T10:00:00.0;0.03868700043183939
2022-09-17T11:00:00.0;0.036772564322219405
2022-09-17T12:00:00.0;0.036045717055590586
2022-09-17T13:00:00.0;0.037459204566801976
2022-09-17T14:00:00.0;0.04256095380218589
2022-09-17T15:00:00.0;0.05117968746795229
2022-09-17T16:00:00.0;0.062478465708405255
2022-09-17T17:00:00.0;0.06941160859932761
2022-09-17T18:00:00.0;0.07437665444562679
2022-09-17T19:00:00.0;0.07663755837830839
2022-09-17T20:00:00.0;0.07680354053787988
2022-09-17T21:00:00.0;0.07701984616560956
2022-09-17T22:00:00.0;0.07424057608740606
2022-09-17T23:00:00.0;0.07145678951885502
2022-09-18T00:00:00.0;0.0753089550153759
2022-09-18T01:00:00.0;0.07192026011839711
2022-09-18T02:00:00.0;0.06897585276300204
2022-09-18T03:00:00.0;0.06616598802917564
2022-09-18T04:00:00.0;0.06403238047255878
2022-09-18T05:00:00.0;0.06382853144853501
2022-09-18T06:00:00.0;0.06509679871592587
2022-09-18T07:00:00.0;0.06541686445264219
2022-09-18T08:00:00.0;0.0623772504311327
2022-09-18T09:00:00.0;0.05703207515141798
2022-09-18T10:00:00.0;0.0523371305111565
2022-09-18T11:00:00.0;0.05012074680558112
2022-09-18T12:00:00.0;0.04918330057003194
2022-09-18T13:00:00.0;0.04960933368375791
2022-09-18T14:00:00.0;0.052555923779937765
2022-09-18T15:00:00.0;0.05860496614485468
2022-09-18T16:00:00.0;0.0672263831711074
2022-09-18T17:00:00.0;0.07520414506859611
2022-09-18T18:00:00.0;0.08031790201708205
2022-09-18T19:00:00.0;0.08381906243977688
2022-09-18T20:00:00.0;0.08479060238279089
2022-09-18T21:00:00.0;0.0837915601529441
2022-09-18T22:00:00.0;0.08091910782406869
2022-09-18T23:00:00.0;0.07756702514917166
2022-09-19T00:00:00.0;0.07428455866117743
2022-09-19T01:00:00.0;0.07098725675956895
2022-09-19T02:00:00.0;0.06814013903478594
2022-09-19T03:00:00.0;0.06532409063980554
2022-09-19T04:00:00.0;0.06349047731267088
2022-09-19T05:00:00.0;0.06386421670084318
2022-09-19T06:00:00.0;0.06511072823154707
2022-09-19T07:00:00.0;0.06429481231554496
2022-09-19T08:00:00.0;0.059743606998482184
2022-09-19T09:00:00.0;0.05345310706990713
2022-09-19T10:00:00.0;0.0484331938323379
2022-09-19T11:00:00.0;0.046213812225817046
2022-09-19T12:00:00.0;0.045484149603972505
2022-09-19T13:00:00.0;0.046103255814268385
2022-09-19T14:00:00.0;0.0492914601056533
2022-09-19T15:00:00.0;0.055338137382458956
2022-09-19T16:00:00.0;0.0642953622567713
2022-09-19T17:00:00.0;0.07208384920107125
2022-09-19T18:00:00.0;0.0775941504602866
2022-09-19T19:00:00.0;0.08225433350652699
2022-09-19T20:00:00.0;0.08394429702697455
2022-09-19T21:00:00.0;0.0826928460149271
2022-09-19T22:00:00.0;0.07989561204299299
2022-09-19T23:00:00.0;0.0763800407059855
2022-09-20T00:00:00.0;0.07435829636641049
2022-09-20T01:00:00.0;0.07112422390024303
2022-09-20T02:00:00.0;0.0682854687719611
2022-09-20T03:00:00.0;0.06445038192212234
2022-09-20T04:00:00.0;0.06338299111558102
2022-09-20T05:00:00.0;0.06345410677578882
2022-09-20T06:00:00.0;0.06602669943841724
2022-09-20T07:00:00.0;0.06372720828351418
2022-09-20T08:00:00.0;0.056610348757383744
2022-09-20T09:00:00.0;0.050622097026356006
2022-09-20T10:00:00.0;0.046457924235201786
2022-09-20T11:00:00.0;0.04532027549565173
2022-09-20T12:00:00.0;0.04644693213776918
2022-09-20T13:00:00.0;0.04887983528815875
2022-09-20T14:00:00.0;0.052978119414632215
2022-09-20T15:00:00.0;0.05723205071627317
2022-09-20T16:00:00.0;0.06614572144473252
2022-09-20T17:00:00.0;0.07306162730925768
2022-09-20T18:00:00.0;0.07994430804996738
2022-09-20T19:00:00.0;0.08415408347037161
2022-09-20T20:00:00.0;0.0848734064774903
2022-09-20T21:00:00.0;0.08287221817749328
2022-09-20T22:00:00.0;0.08001267560493659
2022-09-20T23:00:00.0;0.07612854071776289
2022-09-21T00:00:00.0;0.0739861304128587
2022-09-21T01:00:00.0;0.07084412285106935
2022-09-21T02:00:00.0;0.06798731629727649
2022-09-21T03:00:00.0;0.06368243479142313
2022-09-21T04:00:00.0;0.06297831745904145
2022-09-21T05:00:00.0;0.06318577443040935
2022-09-21T06:00:00.0;0.06691078412822214
2022-09-21T07:00:00.0;0.06456291382488871
2022-09-21T08:00:00.0;0.056307025292275145
2022-09-21T09:00:00.0;0.049808812925100344
2022-09-21T10:00:00.0;0.04529045288752129
2022-09-21T11:00:00.0;0.04462630965829497
2022-09-21T12:00:00.0;0.04619341563803037
2022-09-21T13:00:00.0;0.049324617458038754
2022-09-21T14:00:00.0;0.053856039144940616
2022-09-21T15:00:00.0;0.0579888975144417
2022-09-21T16:00:00.0;0.06754504433037971
2022-09-21T17:00:00.0;0.07438173041281668
2022-09-21T18:00:00.0;0.08163862312130353
2022-09-21T19:00:00.0;0.08517173969053751
2022-09-21T20:00:00.0;0.08491086454988499
2022-09-21T21:00:00.0;0.08248491871173054
2022-09-21T22:00:00.0;0.07916899247800142
2022-09-21T23:00:00.0;0.07530929229518908
2022-09-22T00:00:00.0;0.07407821667781697
2022-09-22T01:00:00.0;0.07095079054396523
2022-09-22T02:00:00.0;0.06810655437244904
2022-09-22T03:00:00.0;0.06412275236316854
2022-09-22T04:00:00.0;0.06323363372107031
2022-09-22T05:00:00.0;0.06334324377616844
2022-09-22T06:00:00.0;0.06626440408795486
2022-09-22T07:00:00.0;0.06395725200165105
2022-09-22T08:00:00.0;0.05646802032262042
2022-09-22T09:00:00.0;0.05033279946960879
2022-09-22T10:00:00.0;0.04640117299358339
2022-09-22T11:00:00.0;0.0454989311084902
2022-09-22T12:00:00.0;0.04680341262363816
2022-09-22T13:00:00.0;0.049426637266120496
2022-09-22T14:00:00.0;0.05393009272553066
2022-09-22T15:00:00.0;0.05798102227997197
2022-09-22T16:00:00.0;0.06694686786661981
2022-09-22T17:00:00.0;0.07365239537701287
2022-09-22T18:00:00.0;0.08084495002716595
2022-09-22T19:00:00.0;0.08474923828300913
2022-09-22T20:00:00.0;0.08505774228909664
2022-09-22T21:00:00.0;0.08293612086182903
2022-09-22T22:00:00.0;0.07985702840210908
2022-09-22T23:00:00.0;0.07606579412763977
2022-09-23T00:00:00.0;0.07534453663250602
2022-09-23T01:00:00.0;0.0720481770435197
2022-09-23T02:00:00.0;0.06917972940332208
2022-09-23T03:00:00.0;0.06573714568772808
2022-09-23T04:00:00.0;0.06407608619135916
2022-09-23T05:00:00.0;0.06303772569227345
2022-09-23T06:00:00.0;0.06407763268311313
2022-09-23T07:00:00.0;0.0617762789452911
2022-09-23T08:00:00.0;0.05628390735872439
2022-09-23T09:00:00.0;0.05168750599047433
2022-09-23T10:00:00.0;0.048694702943565656
2022-09-23T11:00:00.0;0.047244526658999024
2022-09-23T12:00:00.0;0.04818731739055345
2022-09-23T13:00:00.0;0.050194385144722936
2022-09-23T14:00:00.0;0.054084834250125655
2022-09-23T15:00:00.0;0.058074499804393775
2022-09-23T16:00:00.0;0.06570651773908238
2022-09-23T17:00:00.0;0.07230826631645401
2022-09-23T18:00:00.0;0.07913364293256242
2022-09-23T19:00:00.0;0.08372188178035368
2022-09-23T20:00:00.0;0.08550681614022451
2022-09-23T21:00:00.0;0.08438762170742171
2022-09-23T22:00:00.0;0.08204155969680342
2022-09-23T23:00:00.0;0.07800353541347825
2022-09-24T00:00:00.0;0.07575211544758216
2022-09-24T01:00:00.0;0.07225634034245525
2022-09-24T02:00:00.0;0.06944007571429069
2022-09-24T03:00:00.0;0.0668359083560122
2022-09-24T04:00:00.0;0.06478485441633158
2022-09-24T05:00:00.0;0.06440907131462284
2022-09-24T06:00:00.0;0.06396439082558736
2022-09-24T07:00:00.0;0.06213041764867377
2022-09-24T08:00:00.0;0.058485378330864445
2022-09-24T09:00:00.0;0.05421428599116311
2022-09-24T10:00:00.0;0.051298632089140817
2022-09-24T11:00:00.0;0.04896582366449504
2022-09-24T12:00:00.0;0.04893907473669247
2022-09-24T13:00:00.0;0.04942674845061225
2022-09-24T14:00:00.0;0.05233503928733784
2022-09-24T15:00:00.0;0.05667749868397678
2022-09-24T16:00:00.0;0.06364187184392868
2022-09-24T17:00:00.0;0.070742751462479
2022-09-24T18:00:00.0;0.07661578347780358
2022-09-24T19:00:00.0;0.08225683831689405
2022-09-24T20:00:00.0;0.0852886113969894
2022-09-24T21:00:00.0;0.08440393871566823
2022-09-24T22:00:00.0;0.08275094168062064
2022-09-24T23:00:00.0;0.07887841183313546
2022-09-25T00:00:00.0;0.07376358649504111
2022-09-25T01:00:00.0;0.07057168317601277
2022-09-25T02:00:00.0;0.06765790134321244
2022-09-25T03:00:00.0;0.06385735093737455
2022-09-25T04:00:00.0;0.06231294612513167
2022-09-25T05:00:00.0;0.06125599501337594
2022-09-25T06:00:00.0;0.06350520734401319
2022-09-25T07:00:00.0;0.06150286846635621
2022-09-25T08:00:00.0;0.05490050483649525
2022-09-25T09:00:00.0;0.04904320573918263
2022-09-25T10:00:00.0;0.044516760497981825
2022-09-25T11:00:00.0;0.04319838716992338
2022-09-25T12:00:00.0;0.04402244701882763
2022-09-25T13:00:00.0;0.04682106444371805
2022-09-25T14:00:00.0;0.05132948895254161
2022-09-25T15:00:00.0;0.056653232807957934
2022-09-25T16:00:00.0;0.06597726294607266
2022-09-25T17:00:00.0;0.07305033498374801
2022-09-25T18:00:00.0;0.07953787584791303
2022-09-25T19:00:00.0;0.08311112175898988
2022-09-25T20:00:00.0;0.0838402853832188
2022-09-25T21:00:00.0;0.08263280465976461
2022-09-25T22:00:00.0;0.07954172264974499
2022-09-25T23:00:00.0;0.0756437949058341
2022-09-26T00:00:00.0;0.07788977711821157
2022-09-26T01:00:00.0;0.07445717784163107
2022-09-26T02:00:00.0;0.07154076654478819
2022-09-26T03:00:00.0;0.06880095833835526
2022-09-26T04:00:00.0;0.06698192827662171
2022-09-26T05:00:00.0;0.06767595292291473
2022-09-26T06:00:00.0;0.06955659430096386
2022-09-26T07:00:00.0;0.07034260459991812
2022-09-26T08:00:00.0;0.06774834091756901
2022-09-26T09:00:00.0;0.06275716003379829
2022-09-26T10:00:00.0;0.05811353893346275
2022-09-26T11:00:00.0;0.05569933362955754
2022-09-26T12:00:00.0;0.05468135949879775
2022-09-26T13:00:00.0;0.05459568623636924
2022-09-26T14:00:00.0;0.05644467234397062
2022-09-26T15:00:00.0;0.06114747638364958
2022-09-26T16:00:00.0;0.06844406953731322
2022-09-26T17:00:00.0;0.07691972657305607
2022-09-26T18:00:00.0;0.08225558761107417
2022-09-26T19:00:00.0;0.08696296001057009
2022-09-26T20:00:00.0;0.08873605319798655
2022-09-26T21:00:00.0;0.08700594500819284
2022-09-26T22:00:00.0;0.08412431659438142
2022-09-26T23:00:00.0;0.08039763754229044
2022-09-27T00:00:00.0;0.07490127240773017
2022-09-27T01:00:00.0;0.07159626637025929
2022-09-27T02:00:00.0;0.06871367280812903
2022-09-27T03:00:00.0;0.06545339428695943
2022-09-27T04:00:00.0;0.0639342802913669
2022-09-27T05:00:00.0;0.06431012829649706
2022-09-27T06:00:00.0;0.06649261856327177
2022-09-27T07:00:00.0;0.06580415725909013
2022-09-27T08:00:00.0;0.06078229433861209
2022-09-27T09:00:00.0;0.05478538446131971
2022-09-27T10:00:00.0;0.04999951223041762
2022-09-27T11:00:00.0;0.04823341871235825
2022-09-27T12:00:00.0;0.04809233268422124
2022-09-27T13:00:00.0;0.04927446498297351
2022-09-27T14:00:00.0;0.052595611284425886
2022-09-27T15:00:00.0;0.057879258362820575
2022-09-27T16:00:00.0;0.06678500437889802
2022-09-27T17:00:00.0;0.07447424313301518
2022-09-27T18:00:00.0;0.08033184643154408
2022-09-27T19:00:00.0;0.08427343489664256
2022-09-27T20:00:00.0;0.08505555176895599
2022-09-27T21:00:00.0;0.08334966925292508
2022-09-27T22:00:00.0;0.08035900507593337
2022-09-27T23:00:00.0;0.07680728046430516
2022-09-28T00:00:00.0;0.07362721739771046
2022-09-28T01:00:00.0;0.07045274824390875
2022-09-28T02:00:00.0;0.06759832831865854
2022-09-28T03:00:00.0;0.06310819451239541
2022-09-28T04:00:00.0;0.06268064501195345
2022-09-28T05:00:00.0;0.06338436645846623
2022-09-28T06:00:00.0;0.06767974586114955
2022-09-28T07:00:00.0;0.06544769028244865
2022-09-28T08:00:00.0;0.05677431014304975
2022-09-28T09:00:00.0;0.050027189609768645
2022-09-28T10:00:00.0;0.04537739228019925
2022-09-28T11:00:00.0;0.04491212774608623
2022-09-28T12:00:00.0;0.046685533497710416
2022-09-28T13:00:00.0;0.049938172364532595
2022-09-28T14:00:00.0;0.05458089675957797
2022-09-28T15:00:00.0;0.05857630746515294
2022-09-28T16:00:00.0;0.06855802448390982
2022-09-28T17:00:00.0;0.07544990760944834
2022-09-28T18:00:00.0;0.0826532852249718
2022-09-28T19:00:00.0;0.08565729999390072
2022-09-28T20:00:00.0;0.08460456546341696
2022-09-28T21:00:00.0;0.08173528721403862
2022-09-28T22:00:00.0;0.07835190021478605
2022-09-28T23:00:00.0;0.07468011925288108
2022-09-29T00:00:00.0;0.0736644556264127
2022-09-29T01:00:00.0;0.0704987868821549
2022-09-29T02:00:00.0;0.06764752466895858
2022-09-29T03:00:00.0;0.0632137534578991
2022-09-29T04:00:00.0;0.062743405062169
2022-09-29T05:00:00.0;0.06339907168488847
2022-09-29T06:00:00.0;0.06754159582032314
2022-09-29T07:00:00.0;0.0652873217666662
2022-09-29T08:00:00.0;0.05672479001906445
2022-09-29T09:00:00.0;0.05003133992858002
2022-09-29T10:00:00.0;0.04547500224079726
2022-09-29T11:00:00.0;0.04497144323703876
2022-09-29T12:00:00.0;0.046697332071464585
2022-09-29T13:00:00.0;0.04987078641130447
2022-09-29T14:00:00.0;0.05450281141787731
2022-09-29T15:00:00.0;0.058491941554032964
2022-09-29T16:00:00.0;0.06836067031534486
2022-09-29T17:00:00.0;0.07521362442912119
2022-09-29T18:00:00.0;0.08243575813157271
2022-09-29T19:00:00.0;0.08555040140007032
2022-09-29T20:00:00.0;0.08464501320193069
2022-09-29T21:00:00.0;0.08185005957784763
2022-09-29T22:00:00.0;0.07850063353831851
2022-09-29T23:00:00.0;0.07482025177203183
2022-09-30T00:00:00.0;0.07623997542473858
2022-09-30T01:00:00.0;0.07299682981559899
2022-09-30T02:00:00.0;0.07005623065739539
2022-09-30T03:00:00.0;0.06717657276508728
2022-09-30T04:00:00.0;0.06490001598568627
2022-09-30T05:00:00.0;0.06307129209875806
2022-09-30T06:00:00.0;0.0632494133995366
2022-09-30T07:00:00.0;0.06200138739063031
2022-09-30T08:00:00.0;0.05859837499962356
2022-09-30T09:00:00.0;0.05467643983138757
2022-09-30T10:00:00.0;0.05167591911890961
2022-09-30T11:00:00.0;0.04934787472623645
2022-09-30T12:00:00.0;0.04929380905515113
2022-09-30T13:00:00.0;0.050736157106456854
2022-09-30T14:00:00.0;0.054430211134610135
2022-09-30T15:00:00.0;0.05904298700908482
2022-09-30T16:00:00.0;0.0656842305125324
2022-09-30T17:00:00.0;0.07301646058199499
2022-09-30T18:00:00.0;0.07908031744245482
2022-09-30T19:00:00.0;0.0840815892617992
2022-09-30T20:00:00.0;0.0871501579710213
2022-09-30T21:00:00.0;0.08689766466786057
2022-09-30T22:00:00.0;0.08442417464568185
2022-09-30T23:00:00.0;0.08025916753127667
2022-10-01T00:00:00.0;0.07162947594046723
2022-10-01T01:00:00.0;0.0683561610129256
2022-10-01T02:00:00.0;0.06545170798756741
2022-10-01T03:00:00.0;0.06261772033471137
2022-10-01T04:00:00.0;0.0602910587327591
2022-10-01T05:00:00.0;0.05946995398319601
2022-10-01T06:00:00.0;0.0599122350970257
2022-10-01T07:00:00.0;0.05891679376149755
2022-10-01T08:00:00.0;0.05440291701332245
2022-10-01T09:00:00.0;0.04796520271797692
2022-10-01T10:00:00.0;0.04295591912781824
2022-10-01T11:00:00.0;0.04090760499044762
2022-10-01T12:00:00.0;0.040119734475186235
2022-10-01T13:00:00.0;0.041171559108083886
2022-10-01T14:00:00.0;0.04549478640622378
2022-10-01T15:00:00.0;0.05316412553169603
2022-10-01T16:00:00.0;0.06351755701129776
2022-10-01T17:00:00.0;0.07080883856398947
2022-10-01T18:00:00.0;0.07591003456075715
2022-10-01T19:00:00.0;0.07894254276260301
2022-10-01T20:00:00.0;0.07961988667095352
2022-10-01T21:00:00.0;0.07933403250193506
2022-10-01T22:00:00.0;0.07654266045265697
2022-10-01T23:00:00.0;0.07350562002398062
2022-10-02T00:00:00.0;0.07130965532123597
2022-10-02T01:00:00.0;0.06804026421321842
2022-10-02T02:00:00.0;0.06516510323638096
2022-10-02T03:00:00.0;0.06212137601386856
2022-10-02T04:00:00.0;0.06013368414401777
2022-10-02T05:00:00.0;0.059636179519101655
2022-10-02T06:00:00.0;0.06047454958962819
2022-10-02T07:00:00.0;0.058929227767436435
2022-10-02T08:00:00.0;0.05346603555407803
2022-10-02T09:00:00.0;0.04682804393309512
2022-10-02T10:00:00.0;0.04181590741847984
2022-10-02T11:00:00.0;0.039856691241985376
2022-10-02T12:00:00.0;0.0395260263655783
2022-10-02T13:00:00.0;0.04104863567261709
2022-10-02T14:00:00.0;0.04564226618253923
2022-10-02T15:00:00.0;0.05285481915042367
2022-10-02T16:00:00.0;0.0632700664020534
2022-10-02T17:00:00.0;0.07057816575580979
2022-10-02T18:00:00.0;0.07585158684342026
2022-10-02T19:00:00.0;0.0791306159809275
2022-10-02T20:00:00.0;0.07981449704949248
2022-10-02T21:00:00.0;0.07913979545566102
2022-10-02T22:00:00.0;0.07639501200416782
2022-10-02T23:00:00.0;0.07324786250829537
2022-10-03T00:00:00.0;0.07397272394214906
2022-10-03T01:00:00.0;0.07072378924673942
2022-10-03T02:00:00.0;0.06784789211759425
2022-10-03T03:00:00.0;0.06352448163339648
2022-10-03T04:00:00.0;0.06285126484469557
2022-10-03T05:00:00.0;0.06320174952129955
2022-10-03T06:00:00.0;0.06698647357167689
2022-10-03T07:00:00.0;0.06492698535723998
2022-10-03T08:00:00.0;0.0570150701269142
2022-10-03T09:00:00.0;0.05079032468984686
2022-10-03T10:00:00.0;0.04634053553667855
2022-10-03T11:00:00.0;0.045627828864398125
2022-10-03T12:00:00.0;0.04724716411697962
2022-10-03T13:00:00.0;0.050346249494381504
2022-10-03T14:00:00.0;0.05482826782531771
2022-10-03T15:00:00.0;0.05888696087428594
2022-10-03T16:00:00.0;0.06850826843704967
2022-10-03T17:00:00.0;0.07553620192245615
2022-10-03T18:00:00.0;0.08243019320466226
2022-10-03T19:00:00.0;0.08547044268826164
2022-10-03T20:00:00.0;0.08477202279749202
2022-10-03T21:00:00.0;0.08220080772729427
2022-10-03T22:00:00.0;0.07902568438918171
2022-10-03T23:00:00.0;0.07531157381543525
2022-10-04T00:00:00.0;0.0775083248205333
2022-10-04T01:00:00.0;0.0741642785060675
2022-10-04T02:00:00.0;0.07114855012430946
2022-10-04T03:00:00.0;0.06780683765188916
2022-10-04T04:00:00.0;0.06566647709621941
2022-10-04T05:00:00.0;0.063933828279742
2022-10-04T06:00:00.0;0.0656654983893932
2022-10-04T07:00:00.0;0.06534458672776094
2022-10-04T08:00:00.0;0.06184088796111731
2022-10-04T09:00:00.0;0.05783894169656867
2022-10-04T10:00:00.0;0.053779197977335276
2022-10-04T11:00:00.0;0.051746617698594455
2022-10-04T12:00:00.0;0.05178923016226699
2022-10-04T13:00:00.0;0.05368286507257749
2022-10-04T14:00:00.0;0.05678246431970619
2022-10-04T15:00:00.0;0.061427551321560046
2022-10-04T16:00:00.0;0.06863617923313554
2022-10-04T17:00:00.0;0.0765452137687064
2022-10-04T18:00:00.0;0.08243828303703567
2022-10-04T19:00:00.0;0.08646501923108421
2022-10-04T20:00:00.0;0.08838122755436574
2022-10-04T21:00:00.0;0.08761197805486168
2022-10-04T22:00:00.0;0.08462866385058929
2022-10-04T23:00:00.0;0.0803494718884068
2022-10-05T00:00:00.0;0.07658484922962419
2022-10-05T01:00:00.0;0.07314706744552257
2022-10-05T02:00:00.0;0.07017507018198738
2022-10-05T03:00:00.0;0.06736054202977436
2022-10-05T04:00:00.0;0.065249948597352
2022-10-05T05:00:00.0;0.06514614630376768
2022-10-05T06:00:00.0;0.06669273621547367
2022-10-05T07:00:00.0;0.06758095837208224
2022-10-05T08:00:00.0;0.06519690221813589
2022-10-05T09:00:00.0;0.060331670614570856
2022-10-05T10:00:00.0;0.055787200703680984
2022-10-05T11:00:00.0;0.053532136389551656
2022-10-05T12:00:00.0;0.05253684428495524
2022-10-05T13:00:00.0;0.05276372041911558
2022-10-05T14:00:00.0;0.05526531721338954
2022-10-05T15:00:00.0;0.06080393304611568
2022-10-05T16:00:00.0;0.06885172120320762
2022-10-05T17:00:00.0;0.07706350778329607
2022-10-05T18:00:00.0;0.08212932393551256
2022-10-05T19:00:00.0;0.08557784537222904
2022-10-05T20:00:00.0;0.08650546612873558
2022-10-05T21:00:00.0;0.08531571499327886
2022-10-05T22:00:00.0;0.08240345335574985
2022-10-05T23:00:00.0;0.07897979278591248
2022-10-06T00:00:00.0;0.07358681772398845
2022-10-06T01:00:00.0;0.0702206479031923
2022-10-06T02:00:00.0;0.06731098779160599
2022-10-06T03:00:00.0;0.06451453761748367
2022-10-06T04:00:00.0;0.0624025091253676
2022-10-06T05:00:00.0;0.0621298673324046
2022-10-06T06:00:00.0;0.06300630424965582
2022-10-06T07:00:00.0;0.06254141855763985
2022-10-06T08:00:00.0;0.058679268196923276
2022-10-06T09:00:00.0;0.05285215339582951
2022-10-06T10:00:00.0;0.04801150902394984
2022-10-06T11:00:00.0;0.04570513016878232
2022-10-06T12:00:00.0;0.04492113923145565
2022-10-06T13:00:00.0;0.04571062845058448
2022-10-06T14:00:00.0;0.04930710141064754
2022-10-06T15:00:00.0;0.05589176610934923
2022-10-06T16:00:00.0;0.06514507600629323
2022-10-06T17:00:00.0;0.07299934247427439
2022-10-06T18:00:00.0;0.07797652989391729
2022-10-06T19:00:00.0;0.08159374830476175
2022-10-06T20:00:00.0;0.08273358708582033
2022-10-06T21:00:00.0;0.08191493488101902
2022-10-06T22:00:00.0;0.07920420692918326
2022-10-06T23:00:00.0;0.07592355515237548
2022-10-07T00:00:00.0;0.0747187496127716
2022-10-07T01:00:00.0;0.07134218752802396
2022-10-07T02:00:00.0;0.06839454369054362
2022-10-07T03:00:00.0;0.06557166073082085
2022-10-07T04:00:00.0;0.06337623816190795
2022-10-07T05:00:00.0;0.062993329869543
2022-10-07T06:00:00.0;0.06412342001007032
2022-10-07T07:00:00.0;0.06431111604196471
2022-10-07T08:00:00.0;0.06113638520897408
2022-10-07T09:00:00.0;0.05568695354411798
2022-10-07T10:00:00.0;0.05097071214488943
2022-10-07T11:00:00.0;0.04879505058835084
2022-10-07T12:00:00.0;0.047877398323995915
2022-10-07T13:00:00.0;0.048416340520257735
2022-10-07T14:00:00.0;0.05160647972370632
2022-10-07T15:00:00.0;0.05795153836926259
2022-10-07T16:00:00.0;0.06686971301826496
2022-10-07T17:00:00.0;0.07473453814093266
2022-10-07T18:00:00.0;0.0798095563081605
2022-10-07T19:00:00.0;0.08308445967356091
2022-10-07T20:00:00.0;0.08390633014943107
2022-10-07T21:00:00.0;0.08306142966011885
2022-10-07T22:00:00.0;0.08019377117502982
2022-10-07T23:00:00.0;0.07691867279095514
2022-10-08T00:00:00.0;0.07010363895303263
2022-10-08T01:00:00.0;0.06686569439815492
2022-10-08T02:00:00.0;0.06394209648225933
2022-10-08T03:00:00.0;0.06071399954704372
2022-10-08T04:00:00.0;0.05850709932760109
2022-10-08T05:00:00.0;0.057240225052071124
2022-10-08T06:00:00.0;0.057963071412642106
2022-10-08T07:00:00.0;0.05641037388758653
2022-10-08T08:00:00.0;0.050824767101382444
2022-10-08T09:00:00.0;0.04417179976695714
2022-10-08T10:00:00.0;0.039255650735117636
2022-10-08T11:00:00.0;0.037674625388750965
2022-10-08T12:00:00.0;0.037486266986533595
2022-10-08T13:00:00.0;0.039391805862902744
2022-10-08T14:00:00.0;0.044622357611370164
2022-10-08T15:00:00.0;0.052558040076192976
2022-10-08T16:00:00.0;0.06381849164806254
2022-10-08T17:00:00.0;0.07065907277067365
2022-10-08T18:00:00.0;0.07596448661881536
2022-10-08T19:00:00.0;0.07796090285767396
2022-10-08T20:00:00.0;0.07761770352004067
2022-10-08T21:00:00.0;0.07739275982163439
2022-10-08T22:00:00.0;0.07451860482273007
2022-10-08T23:00:00.0;0.07165115282398729
2022-10-09T00:00:00.0;0.07533684493747754
2022-10-09T01:00:00.0;0.07200331403145947
2022-10-09T02:00:00.0;0.06903042028679733
2022-10-09T03:00:00.0;0.06550870428167929
2022-10-09T04:00:00.0;0.06363285516146547
2022-10-09T05:00:00.0;0.06202112897096694
2022-10-09T06:00:00.0;0.06369609739269179
2022-10-09T07:00:00.0;0.062295743231512844
2022-10-09T08:00:00.0;0.057334780437483815
2022-10-09T09:00:00.0;0.05274676965112035
2022-10-09T10:00:00.0;0.04857077155691345
2022-10-09T11:00:00.0;0.04656631539926356
2022-10-09T12:00:00.0;0.047128644284824626
2022-10-09T13:00:00.0;0.04977986918339421
2022-10-09T14:00:00.0;0.053839689112888105
2022-10-09T15:00:00.0;0.0587717417642548
2022-10-09T16:00:00.0;0.06681675264952665
2022-10-09T17:00:00.0;0.07460149067823615
2022-10-09T18:00:00.0;0.08039591276457378
2022-10-09T19:00:00.0;0.08435739393809753
2022-10-09T20:00:00.0;0.08612664349029213
2022-10-09T21:00:00.0;0.08526021892255663
2022-10-09T22:00:00.0;0.08246312345732786
2022-10-09T23:00:00.0;0.07827354569875856
2022-10-10T00:00:00.0;0.07760494440743644
2022-10-10T01:00:00.0;0.07421139840213195
2022-10-10T02:00:00.0;0.07117521688665633
2022-10-10T03:00:00.0;0.06795288270061337
2022-10-10T04:00:00.0;0.06566403804226732
2022-10-10T05:00:00.0;0.06373808215989868
2022-10-10T06:00:00.0;0.065179666737238
2022-10-10T07:00:00.0;0.06507264373884006
2022-10-10T08:00:00.0;0.06212854511865059
2022-10-10T09:00:00.0;0.0584465742312401
2022-10-10T10:00:00.0;0.05446525509410839
2022-10-10T11:00:00.0;0.052209269849948205
2022-10-10T12:00:00.0;0.052109679805215636
2022-10-10T13:00:00.0;0.053917324787875365
2022-10-10T14:00:00.0;0.05698347836184731
2022-10-10T15:00:00.0;0.06173928979067159
2022-10-10T16:00:00.0;0.06875837965745389
2022-10-10T17:00:00.0;0.07686510957089225
2022-10-10T18:00:00.0;0.08243020815816442
2022-10-10T19:00:00.0;0.08638337007424814
2022-10-10T20:00:00.0;0.08847349434390075
2022-10-10T21:00:00.0;0.08788617092624898
2022-10-10T22:00:00.0;0.08501278715566421
2022-10-10T23:00:00.0;0.08074574168094424
2022-10-11T00:00:00.0;0.07325792073138611
2022-10-11T01:00:00.0;0.0700784641741671
2022-10-11T02:00:00.0;0.06721535358453806
2022-10-11T03:00:00.0;0.06283521875552606
2022-10-11T04:00:00.0;0.062235555986931056
2022-10-11T05:00:00.0;0.06272933212233428
2022-10-11T06:00:00.0;0.06669342819446726
2022-10-11T07:00:00.0;0.06453076529812093
2022-10-11T08:00:00.0;0.05614424051936366
2022-10-11T09:00:00.0;0.049407789263490307
2022-10-11T10:00:00.0;0.04473574864715822
2022-10-11T11:00:00.0;0.04417818772825919
2022-10-11T12:00:00.0;0.04577399342843961
2022-10-11T13:00:00.0;0.04891724401351462
2022-10-11T14:00:00.0;0.0536395170754701
2022-10-11T15:00:00.0;0.0580260544615647
2022-10-11T16:00:00.0;0.06815571033000116
2022-10-11T17:00:00.0;0.07503179944701537
2022-10-11T18:00:00.0;0.08205500283396937
2022-10-11T19:00:00.0;0.08491380299550035
2022-10-11T20:00:00.0;0.08388659266432193
2022-10-11T21:00:00.0;0.0812774000707814
2022-10-11T22:00:00.0;0.07793497367278086
2022-10-11T23:00:00.0;0.07434877035554882
2022-10-12T00:00:00.0;0.07383761917863553
2022-10-12T01:00:00.0;0.0705556936861215
2022-10-12T02:00:00.0;0.06765949390853619
2022-10-12T03:00:00.0;0.06338256271986846
2022-10-12T04:00:00.0;0.06271046318789393
2022-10-12T05:00:00.0;0.06315052820754827
2022-10-12T06:00:00.0;0.06698389377815568
2022-10-12T07:00:00.0;0.06526664836487768
2022-10-12T08:00:00.0;0.057709348404557596
2022-10-12T09:00:00.0;0.051581589973356975
2022-10-12T10:00:00.0;0.04708715652540385
2022-10-12T11:00:00.0;0.046216131554156895
2022-10-12T12:00:00.0;0.0477220770346307
2022-10-12T13:00:00.0;0.05077301797233931
2022-10-12T14:00:00.0;0.05532911528372824
2022-10-12T15:00:00.0;0.05949043700506538
2022-10-12T16:00:00.0;0.06913737644880305
2022-10-12T17:00:00.0;0.07643906839779643
2022-10-12T18:00:00.0;0.08297465075210966
2022-10-12T19:00:00.0;0.0857105595275947
2022-10-12T20:00:00.0;0.08482722277377973
2022-10-12T21:00:00.0;0.08222178999883054
2022-10-12T22:00:00.0;0.07904189484162781
2022-10-12T23:00:00.0;0.07544365146456401
2022-10-13T00:00:00.0;0.07468420965706436
2022-10-13T01:00:00.0;0.0711726438356716
2022-10-13T02:00:00.0;0.06823368682182955
2022-10-13T03:00:00.0;0.06458661680883492
2022-10-13T04:00:00.0;0.06282126722423433
2022-10-13T05:00:00.0;0.0616686468076429
2022-10-13T06:00:00.0;0.06314590976293918
2022-10-13T07:00:00.0;0.061498155721819096
2022-10-13T08:00:00.0;0.05632588110754077
2022-10-13T09:00:00.0;0.05182375592740211
2022-10-13T10:00:00.0;0.04815705468609008
2022-10-13T11:00:00.0;0.04674474590528287
2022-10-13T12:00:00.0;0.04770982158803303
2022-10-13T13:00:00.0;0.05003189212077896
2022-10-13T14:00:00.0;0.05392724205305272
2022-10-13T15:00:00.0;0.058674803079022946
2022-10-13T16:00:00.0;0.06739496170253526
2022-10-13T17:00:00.0;0.07445297303194622
2022-10-13T18:00:00.0;0.08039959767849912
2022-10-13T19:00:00.0;0.08340223077692165
2022-10-13T20:00:00.0;0.08380654750977122
2022-10-13T21:00:00.0;0.08261365421281938
2022-10-13T22:00:00.0;0.08027945605268298
2022-10-13T23:00:00.0;0.07654927700824199
2022-10-14T00:00:00.0;0.07525922552386163
2022-10-14T01:00:00.0;0.07170798196552276
2022-10-14T02:00:00.0;0.06879115805097104
2022-10-14T03:00:00.0;0.06489205284546949
2022-10-14T04:00:00.0;0.06352258450995682
2022-10-14T05:00:00.0;0.06287786034284475
2022-10-14T06:00:00.0;0.06498027193073035
2022-10-14T07:00:00.0;0.0630971722161469
2022-10-14T08:00:00.0;0.05728767819518539
2022-10-14T09:00:00.0;0.05285539522309219
2022-10-14T10:00:00.0;0.049350916293656774
2022-10-14T11:00:00.0;0.04815970614926871
2022-10-14T12:00:00.0;0.049615695311121394
2022-10-14T13:00:00.0;0.052195266563787576
2022-10-14T14:00:00.0;0.055967217762413826
2022-10-14T15:00:00.0;0.05982381495497202
2022-10-14T16:00:00.0;0.06830843596934605
2022-10-14T17:00:00.0;0.07536070385776356
2022-10-14T18:00:00.0;0.08160354460986816
2022-10-14T19:00:00.0;0.08475472617933141
2022-10-14T20:00:00.0;0.0849331138222387
2022-10-14T21:00:00.0;0.08313076076466493
2022-10-14T22:00:00.0;0.08084828823688892
2022-10-14T23:00:00.0;0.07700428234621798
2022-10-15T00:00:00.0;0.07819787280844903
2022-10-15T01:00:00.0;0.07475338506379804
2022-10-15T02:00:00.0;0.07168893619724302
2022-10-15T03:00:00.0;0.06859676661390501
2022-10-15T04:00:00.0;0.06614934713991653
2022-10-15T05:00:00.0;0.06410168057664477
2022-10-15T06:00:00.0;0.06537457555178208
2022-10-15T07:00:00.0;0.06575563500746953
2022-10-15T08:00:00.0;0.06363378868648319
2022-10-15T09:00:00.0;0.060353792210192804
2022-10-15T10:00:00.0;0.05646689778372074
2022-10-15T11:00:00.0;0.054033949817418575
2022-10-15T12:00:00.0;0.05370105597381458
2022-10-15T13:00:00.0;0.05524151746116672
2022-10-15T14:00:00.0;0.05804616754020929
2022-10-15T15:00:00.0;0.06279915075685992
2022-10-15T16:00:00.0;0.06948764005740221
2022-10-15T17:00:00.0;0.07780483524382427
2022-10-15T18:00:00.0;0.08309805305847104
2022-10-15T19:00:00.0;0.08692765609631499
2022-10-15T20:00:00.0;0.08909449965664964
2022-10-15T21:00:00.0;0.08862753224017478
2022-10-15T22:00:00.0;0.08579771001127558
2022-10-15T23:00:00.0;0.08155091948916951
2022-10-16T00:00:00.0;0.06847267446040099
2022-10-16T01:00:00.0;0.0652285924792861
2022-10-16T02:00:00.0;0.06225287061231972
2022-10-16T03:00:00.0;0.05929807276493339
2022-10-16T04:00:00.0;0.05646821284126022
2022-10-16T05:00:00.0;0.054241574446261175
2022-10-16T06:00:00.0;0.05391299076600448
2022-10-16T07:00:00.0;0.052649499470030045
2022-10-16T08:00:00.0;0.04797996883174216
2022-10-16T09:00:00.0;0.041381767185424356
2022-10-16T10:00:00.0;0.03642150407822875
2022-10-16T11:00:00.0;0.03466799158056624
2022-10-16T12:00:00.0;0.03396250387250445
2022-10-16T13:00:00.0;0.03568833070304057
2022-10-16T14:00:00.0;0.04144137386504108
2022-10-16T15:00:00.0;0.05089602493888705
2022-10-16T16:00:00.0;0.06294263238939182
2022-10-16T17:00:00.0;0.06961406701778837
2022-10-16T18:00:00.0;0.07430262150587484
2022-10-16T19:00:00.0;0.07527977007964577
2022-10-16T20:00:00.0;0.07458329541624767
2022-10-16T21:00:00.0;0.07534422237217935
2022-10-16T22:00:00.0;0.07253255236131187
2022-10-16T23:00:00.0;0.07005524100654116
2022-10-17T00:00:00.0;0.07482379085121753
2022-10-17T01:00:00.0;0.0714169538231267
2022-10-17T02:00:00.0;0.06838750643475816
2022-10-17T03:00:00.0;0.0652529001348195
2022-10-17T04:00:00.0;0.06281758220082474
2022-10-17T05:00:00.0;0.06119058874404032
2022-10-17T06:00:00.0;0.0622726785902093
2022-10-17T07:00:00.0;0.0624225155374121
2022-10-17T08:00:00.0;0.05941873348752141
2022-10-17T09:00:00.0;0.054815495029925436
2022-10-17T10:00:00.0;0.05059295545362262
2022-10-17T11:00:00.0;0.04873435536339008
2022-10-17T12:00:00.0;0.048294737249527986
2022-10-17T13:00:00.0;0.04959399290043644
2022-10-17T14:00:00.0;0.05323527891847354
2022-10-17T15:00:00.0;0.05952893847924141
2022-10-17T16:00:00.0;0.06843958522768732
2022-10-17T17:00:00.0;0.07597731327330644
2022-10-17T18:00:00.0;0.08117286561828964
2022-10-17T19:00:00.0;0.08338632646210904
2022-10-17T20:00:00.0;0.083616092866604
2022-10-17T21:00:00.0;0.08323327833519402
2022-10-17T22:00:00.0;0.08035488511157372
2022-10-17T23:00:00.0;0.07700885186849517
2022-10-18T00:00:00.0;0.07387042500144426
2022-10-18T01:00:00.0;0.07056320906522391
2022-10-18T02:00:00.0;0.06765785309737356
2022-10-18T03:00:00.0;0.0634232966609835
2022-10-18T04:00:00.0;0.06270662626660163
2022-10-18T05:00:00.0;0.06310765115532725
2022-10-18T06:00:00.0;0.06685542770531988
2022-10-18T07:00:00.0;0.06525851306676264
2022-10-18T08:00:00.0;0.05793926006459219
2022-10-18T09:00:00.0;0.05194242186151128
2022-10-18T10:00:00.0;0.047481639587567855
2022-10-18T11:00:00.0;0.0465263359701793
2022-10-18T12:00:00.0;0.04797907747144714
2022-10-18T13:00:00.0;0.05098616787373382
2022-10-18T14:00:00.0;0.055527312059049955
2022-10-18T15:00:00.0;0.059719421235725934
2022-10-18T16:00:00.0;0.06930479599747318
2022-10-18T17:00:00.0;0.0766995171334575
2022-10-18T18:00:00.0;0.08308295615620376
2022-10-18T19:00:00.0;0.08573957549774372
2022-10-18T20:00:00.0;0.08486537176242406
2022-10-18T21:00:00.0;0.0823027636024555
2022-10-18T22:00:00.0;0.07916735369878007
2022-10-18T23:00:00.0;0.07559390857318835
2022-10-19T00:00:00.0;0.0762656864781703
2022-10-19T01:00:00.0;0.07282162989833846
2022-10-19T02:00:00.0;0.06978504024402037
2022-10-19T03:00:00.0;0.06667316704623862
2022-10-19T04:00:00.0;0.0642327794493347
2022-10-19T05:00:00.0;0.06185084621797546
2022-10-19T06:00:00.0;0.06258186489189614
2022-10-19T07:00:00.0;0.061901517134754884
2022-10-19T08:00:00.0;0.05883210047478615
2022-10-19T09:00:00.0;0.055281181272431805
2022-10-19T10:00:00.0;0.051343149563424575
2022-10-19T11:00:00.0;0.04868780328500084
2022-10-19T12:00:00.0;0.048687526966617684
2022-10-19T13:00:00.0;0.05093125331507445
2022-10-19T14:00:00.0;0.054627878584816957
2022-10-19T15:00:00.0;0.05985299030685878
2022-10-19T16:00:00.0;0.06705696320422937
2022-10-19T17:00:00.0;0.07534918812394457
2022-10-19T18:00:00.0;0.08037882027762512
2022-10-19T19:00:00.0;0.08441972184528349
2022-10-19T20:00:00.0;0.08703025318105735
2022-10-19T21:00:00.0;0.0868517340842713
2022-10-19T22:00:00.0;0.08430081153742788
2022-10-19T23:00:00.0;0.08001336822249577
2022-10-20T00:00:00.0;0.07559414561453293
2022-10-20T01:00:00.0;0.07217872249842973
2022-10-20T02:00:00.0;0.06911692806727181
2022-10-20T03:00:00.0;0.0661134397638165
2022-10-20T04:00:00.0;0.06352823314214076
2022-10-20T05:00:00.0;0.06177571776832789
2022-10-20T06:00:00.0;0.06282500280203196
2022-10-20T07:00:00.0;0.06355917950189117
2022-10-20T08:00:00.0;0.06137305562042835
2022-10-20T09:00:00.0;0.057084551670634164
2022-10-20T10:00:00.0;0.052843315620753596
2022-10-20T11:00:00.0;0.05077505433553585
2022-10-20T12:00:00.0;0.05002275025460475
2022-10-20T13:00:00.0;0.05106300107751266
2022-10-20T14:00:00.0;0.05442480288856616
2022-10-20T15:00:00.0;0.06072858023738893
2022-10-20T16:00:00.0;0.06923651040342509
2022-10-20T17:00:00.0;0.07706535908242222
2022-10-20T18:00:00.0;0.08203893071117052
2022-10-20T19:00:00.0;0.08425105806617011
2022-10-20T20:00:00.0;0.0846789026962145
2022-10-20T21:00:00.0;0.08441660699597106
2022-10-20T22:00:00.0;0.08145044416175981
2022-10-20T23:00:00.0;0.07806806103583554
2022-10-21T00:00:00.0;0.07629298456850234
2022-10-21T01:00:00.0;0.07274685952302012
2022-10-21T02:00:00.0;0.06971920843308446
2022-10-21T03:00:00.0;0.06663390071968481
2022-10-21T04:00:00.0;0.06410725272071507
2022-10-21T05:00:00.0;0.06156451099029684
2022-10-21T06:00:00.0;0.061853005693698046
2022-10-21T07:00:00.0;0.060877289789500015
2022-10-21T08:00:00.0;0.05794073461811695
2022-10-21T09:00:00.0;0.054788308870007484
2022-10-21T10:00:00.0;0.051197753262706966
2022-10-21T11:00:00.0;0.04856467561566235
2022-10-21T12:00:00.0;0.04875539735616213
2022-10-21T13:00:00.0;0.05098489163591477
2022-10-21T14:00:00.0;0.054583501753972835
2022-10-21T15:00:00.0;0.059629732238475376
2022-10-21T16:00:00.0;0.06670351701837389
2022-10-21T17:00:00.0;0.0748057731758807
2022-10-21T18:00:00.0;0.07979915360237351
2022-10-21T19:00:00.0;0.0838445695923756
2022-10-21T20:00:00.0;0.08652506262561624
2022-10-21T21:00:00.0;0.08643526967301245
2022-10-21T22:00:00.0;0.08423567443028983
2022-10-21T23:00:00.0;0.07993751272664512
2022-10-22T00:00:00.0;0.07133052457284263
2022-10-22T01:00:00.0;0.06781946843288614
2022-10-22T02:00:00.0;0.06483284328742484
2022-10-22T03:00:00.0;0.061865818965967975
2022-10-22T04:00:00.0;0.05904008464642924
2022-10-22T05:00:00.0;0.05665684185501793
2022-10-22T06:00:00.0;0.056046118209757766
2022-10-22T07:00:00.0;0.05474788943688002
2022-10-22T08:00:00.0;0.05106164186594268
2022-10-22T09:00:00.0;0.04620641501840697
2022-10-22T10:00:00.0;0.04222355763443338
2022-10-22T11:00:00.0;0.04030079888134176
2022-10-22T12:00:00.0;0.04010683278953778
2022-10-22T13:00:00.0;0.04178371512752907
2022-10-22T14:00:00.0;0.046520512584431295
2022-10-22T15:00:00.0;0.054194674456209777
2022-10-22T16:00:00.0;0.06443934635660997
2022-10-22T17:00:00.0;0.07130127035056205
2022-10-22T18:00:00.0;0.0760276994954574
2022-10-22T19:00:00.0;0.07776295637123978
2022-10-22T20:00:00.0;0.07793516969865612
2022-10-22T21:00:00.0;0.07841667555873837
2022-10-22T22:00:00.0;0.07627664315288324
2022-10-22T23:00:00.0;0.07329004122350107
2022-10-23T00:00:00.0;0.07489238793193652
2022-10-23T01:00:00.0;0.07146178248942023
2022-10-23T02:00:00.0;0.0684127513652635
2022-10-23T03:00:00.0;0.06538776290576899
2022-10-23T04:00:00.0;0.06283319026138902
2022-10-23T05:00:00.0;0.06086874344760189
2022-10-23T06:00:00.0;0.06165090537485961
2022-10-23T07:00:00.0;0.061774479462925073
2022-10-23T08:00:00.0;0.059115834173255374
2022-10-23T09:00:00.0;0.05486250338629722
2022-10-23T10:00:00.0;0.05065763680101362
2022-10-23T11:00:00.0;0.04838919518876279
2022-10-23T12:00:00.0;0.047888116808633426
2022-10-23T13:00:00.0;0.04939626704038
2022-10-23T14:00:00.0;0.05318064545097144
2022-10-23T15:00:00.0;0.05950425725055446
2022-10-23T16:00:00.0;0.0680210350823442
2022-10-23T17:00:00.0;0.07594691943515595
2022-10-23T18:00:00.0;0.08076556622998447
2022-10-23T19:00:00.0;0.08329216362997316
2022-10-23T20:00:00.0;0.08419731067372199
2022-10-23T21:00:00.0;0.08404970539884202
2022-10-23T22:00:00.0;0.08127679559688421
2022-10-23T23:00:00.0;0.07775786919948828
2022-10-24T00:00:00.0;0.07557305040965594
2022-10-24T01:00:00.0;0.07208024758884084
2022-10-24T02:00:00.0;0.06898797993845404
2022-10-24T03:00:00.0;0.06604231828704861
2022-10-24T04:00:00.0;0.06345884411771953
2022-10-24T05:00:00.0;0.062095976571923554
2022-10-24T06:00:00.0;0.06333806789396863
2022-10-24T07:00:00.0;0.0649347574206605
2022-10-24T08:00:00.0;0.06352466832222452
2022-10-24T09:00:00.0;0.05932508861538553
2022-10-24T10:00:00.0;0.05509051905042371
2022-10-24T11:00:00.0;0.05306896319204038
2022-10-24T12:00:00.0;0.052057665158901936
2022-10-24T13:00:00.0;0.05262712640546388
2022-10-24T14:00:00.0;0.05581659672356409
2022-10-24T15:00:00.0;0.06229220998362292
2022-10-24T16:00:00.0;0.07107394249346127
2022-10-24T17:00:00.0;0.07905855279010546
2022-10-24T18:00:00.0;0.08362116246117905
2022-10-24T19:00:00.0;0.0848848200705547
2022-10-24T20:00:00.0;0.08433697026409416
2022-10-24T21:00:00.0;0.08388417258027227
2022-10-24T22:00:00.0;0.08088245758090505
2022-10-24T23:00:00.0;0.07790537044664403
2022-10-25T00:00:00.0;0.07182383180193053
2022-10-25T01:00:00.0;0.06839237697928903
2022-10-25T02:00:00.0;0.06537885013076401
2022-10-25T03:00:00.0;0.06236545457329017
2022-10-25T04:00:00.0;0.05971872525625336
2022-10-25T05:00:00.0;0.057814292452660655
2022-10-25T06:00:00.0;0.05802489993454062
2022-10-25T07:00:00.0;0.05757977413936753
2022-10-25T08:00:00.0;0.054137882149086346
2022-10-25T09:00:00.0;0.048967596888145594
2022-10-25T10:00:00.0;0.04461561895380836
2022-10-25T11:00:00.0;0.04270488453203301
2022-10-25T12:00:00.0;0.042216519093352195
2022-10-25T13:00:00.0;0.043686070898708504
2022-10-25T14:00:00.0;0.048294503509656785
2022-10-25T15:00:00.0;0.05595074436177846
2022-10-25T16:00:00.0;0.0662303075503629
2022-10-25T17:00:00.0;0.07346358352472894
2022-10-25T18:00:00.0;0.07812335818927914
2022-10-25T19:00:00.0;0.07952764846157173
2022-10-25T20:00:00.0;0.07920896415160715
2022-10-25T21:00:00.0;0.07934432814376609
2022-10-25T22:00:00.0;0.07673797660987518
2022-10-25T23:00:00.0;0.07387406078848141
2022-10-26T00:00:00.0;0.07439850509061072
2022-10-26T01:00:00.0;0.07093684190477399
2022-10-26T02:00:00.0;0.06791959425218332
2022-10-26T03:00:00.0;0.06461912423978418
2022-10-26T04:00:00.0;0.062493955514628725
2022-10-26T05:00:00.0;0.06118282316437549
2022-10-26T06:00:00.0;0.06256673451377391
2022-10-26T07:00:00.0;0.06236343775453818
2022-10-26T08:00:00.0;0.0587574074207117
2022-10-26T09:00:00.0;0.054183343593980124
2022-10-26T10:00:00.0;0.05002799396216128
2022-10-26T11:00:00.0;0.04811177309763955
2022-10-26T12:00:00.0;0.04810029617123428
2022-10-26T13:00:00.0;0.04986202625205742
2022-10-26T14:00:00.0;0.05383174884764727
2022-10-26T15:00:00.0;0.05969740469510556
2022-10-26T16:00:00.0;0.06863064877654394
2022-10-26T17:00:00.0;0.07638407445361656
2022-10-26T18:00:00.0;0.08141814633920774
2022-10-26T19:00:00.0;0.08362397575870663
2022-10-26T20:00:00.0;0.08375354942680711
2022-10-26T21:00:00.0;0.08299363260368668
2022-10-26T22:00:00.0;0.0802633719652504
2022-10-26T23:00:00.0;0.07688843733975274
2022-10-27T00:00:00.0;0.07593590779993606
2022-10-27T01:00:00.0;0.07247037920649893
2022-10-27T02:00:00.0;0.06942569619466944
2022-10-27T03:00:00.0;0.06613116079724204
2022-10-27T04:00:00.0;0.06405734288455384
2022-10-27T05:00:00.0;0.0629360301609408
2022-10-27T06:00:00.0;0.06477652179725271
2022-10-27T07:00:00.0;0.06527953084631269
2022-10-27T08:00:00.0;0.062332491186966106
2022-10-27T09:00:00.0;0.05810470829167557
2022-10-27T10:00:00.0;0.05396484887578139
2022-10-27T11:00:00.0;0.05199146022172369
2022-10-27T12:00:00.0;0.05181182131624356
2022-10-27T13:00:00.0;0.05330764275934671
2022-10-27T14:00:00.0;0.05674432312169764
2022-10-27T15:00:00.0;0.06208457200510344
2022-10-27T16:00:00.0;0.07036288432348446
2022-10-27T17:00:00.0;0.0784287302577218
2022-10-27T18:00:00.0;0.08349387562949744
2022-10-27T19:00:00.0;0.08580863328915106
2022-10-27T20:00:00.0;0.08600160815898458
2022-10-27T21:00:00.0;0.08500162405308778
2022-10-27T22:00:00.0;0.08208447615658994
2022-10-27T23:00:00.0;0.07859046006208312
2022-10-28T00:00:00.0;0.07638502065956601
2022-10-28T01:00:00.0;0.07288555784446041
2022-10-28T02:00:00.0;0.06981710272436113
2022-10-28T03:00:00.0;0.06676035843486672
2022-10-28T04:00:00.0;0.06431609546908858
2022-10-28T05:00:00.0;0.06245555719038944
2022-10-28T06:00:00.0;0.06352514722676737
2022-10-28T07:00:00.0;0.06395746218927682
2022-10-28T08:00:00.0;0.06176909313576837
2022-10-28T09:00:00.0;0.058160069380911825
2022-10-28T10:00:00.0;0.05417125423222107
2022-10-28T11:00:00.0;0.051720615157537383
2022-10-28T12:00:00.0;0.05133832407853332
2022-10-28T13:00:00.0;0.05287826096144682
2022-10-28T14:00:00.0;0.05624793357528356
2022-10-28T15:00:00.0;0.06172891317559417
2022-10-28T16:00:00.0;0.0693525032339863
2022-10-28T17:00:00.0;0.0776753664114255
2022-10-28T18:00:00.0;0.08242052673037836
2022-10-28T19:00:00.0;0.08530031126493526
2022-10-28T20:00:00.0;0.086597721803693
2022-10-28T21:00:00.0;0.0861736538768061
2022-10-28T22:00:00.0;0.08346561988218765
2022-10-28T23:00:00.0;0.07969163790267297
2022-10-29T00:00:00.0;0.07480072122957802
2022-10-29T01:00:00.0;0.0713317758560163
2022-10-29T02:00:00.0;0.06833973458769026
2022-10-29T03:00:00.0;0.06474125261668237
2022-10-29T04:00:00.0;0.0631177320025195
2022-10-29T05:00:00.0;0.062171920583637116
2022-10-29T06:00:00.0;0.06424037438826599
2022-10-29T07:00:00.0;0.06339427864474383
2022-10-29T08:00:00.0;0.058708802309463064
2022-10-29T09:00:00.0;0.05422275232444821
2022-10-29T10:00:00.0;0.050129920078702025
2022-10-29T11:00:00.0;0.04814573052295693
2022-10-29T12:00:00.0;0.0488134984158246
2022-10-29T13:00:00.0;0.05135855765456093
2022-10-29T14:00:00.0;0.055549611557773014
2022-10-29T15:00:00.0;0.060354688104183464
2022-10-29T16:00:00.0;0.06878591318724644
2022-10-29T17:00:00.0;0.0768660710594812
2022-10-29T18:00:00.0;0.08208214180473909
2022-10-29T19:00:00.0;0.084985535646728
2022-10-29T20:00:00.0;0.08558992241020108
2022-10-29T21:00:00.0;0.08422663666677373
2022-10-29T22:00:00.0;0.08155315169615528
2022-10-29T23:00:00.0;0.07779683299895002
2022-10-30T00:00:00.0;0.07392045131148513
2022-10-30T01:00:00.0;0.0705300106807365
2022-10-30T02:00:00.0;0.06759088602484492
2022-10-30T03:00:00.0;0.0635437418466713
2022-10-30T04:00:00.0;0.0626021546884917
2022-10-30T05:00:00.0;0.06275964769983618
2022-10-30T06:00:00.0;0.06607999198766121
2022-10-30T07:00:00.0;0.06489360067579335
2022-10-30T08:00:00.0;0.05848719376322027
2022-10-30T09:00:00.0;0.05295599705285958
2022-10-30T10:00:00.0;0.04860577217450071
2022-10-30T11:00:00.0;0.047323239408330095
2022-10-30T12:00:00.0;0.04853012368801103
2022-10-30T13:00:00.0;0.05135615270887173
2022-10-30T14:00:00.0;0.05585618077238441
2022-10-30T15:00:00.0;0.06027549524944763
2022-10-30T16:00:00.0;0.06965646777155102
2022-10-30T17:00:00.0;0.07735704945882108
2022-10-30T18:00:00.0;0.08318599597839339
2022-10-30T19:00:00.0;0.08558903856192393
2022-10-30T20:00:00.0;0.0848318576087829
2022-10-30T21:00:00.0;0.08252880626161685
2022-10-30T22:00:00.0;0.07955743066538125
2022-10-30T23:00:00.0;0.07606780420643776
2022-10-31T00:00:00.0;0.07597182011601973
2022-10-31T01:00:00.0;0.07237315687999629
2022-10-31T02:00:00.0;0.06933589774559927
2022-10-31T03:00:00.0;0.06618716821885741
2022-10-31T04:00:00.0;0.06383816342708161
2022-10-31T05:00:00.0;0.061707725026939345
2022-10-31T06:00:00.0;0.06232247036981875
2022-10-31T07:00:00.0;0.06165660453179227
2022-10-31T08:00:00.0;0.058765921192739004
2022-10-31T09:00:00.0;0.0555739665711855
2022-10-31T10:00:00.0;0.05196194052537891
2022-10-31T11:00:00.0;0.04934660478002184
2022-10-31T12:00:00.0;0.0495934681206372
2022-10-31T13:00:00.0;0.0518041589210461
2022-10-31T14:00:00.0;0.05551289808893795
2022-10-31T15:00:00.0;0.060492076498215586
2022-10-31T16:00:00.0;0.06780763284853018
2022-10-31T17:00:00.0;0.07610054775140095
2022-10-31T18:00:00.0;0.0808077873065935
2022-10-31T19:00:00.0;0.08429970934470213
2022-10-31T20:00:00.0;0.08633644519687121
2022-10-31T21:00:00.0;0.08593366376954603
2022-10-31T22:00:00.0;0.0837362719282595
2022-10-31T23:00:00.0;0.07966565880026055
2022-11-01T00:00:00.0;0.076015729796617
2022-11-01T01:00:00.0;0.07250742024916801
2022-11-01T02:00:00.0;0.06940788644606956
2022-11-01T03:00:00.0;0.06646279439909984
2022-11-01T04:00:00.0;0.06389468137338745
2022-11-01T05:00:00.0;0.06258566640564267
2022-11-01T06:00:00.0;0.06392568288715862
2022-11-01T07:00:00.0;0.06570069298479272
2022-11-01T08:00:00.0;0.06449381672931169
2022-11-01T09:00:00.0;0.06044378128566502
2022-11-01T10:00:00.0;0.05625445574365264
2022-11-01T11:00:00.0;0.0542161884785141
2022-11-01T12:00:00.0;0.05318582442292856
2022-11-01T13:00:00.0;0.05368319100697193
2022-11-01T14:00:00.0;0.05671283304793888
2022-11-01T15:00:00.0;0.06300271549000076
2022-11-01T16:00:00.0;0.07158089640657589
2022-11-01T17:00:00.0;0.07964737783285414
2022-11-01T18:00:00.0;0.08420213535993075
2022-11-01T19:00:00.0;0.08548365563533238
2022-11-01T20:00:00.0;0.08494507198055543
2022-11-01T21:00:00.0;0.08441660353179015
2022-11-01T22:00:00.0;0.08140304000502026
2022-11-01T23:00:00.0;0.07839479389590158
2022-11-02T00:00:00.0;0.07438034052556014
2022-11-02T01:00:00.0;0.07089487021723684
2022-11-02T02:00:00.0;0.06781664829739974
2022-11-02T03:00:00.0;0.06487114462147266
2022-11-02T04:00:00.0;0.0622729418392736
2022-11-02T05:00:00.0;0.06078267745180504
2022-11-02T06:00:00.0;0.06174691635399071
2022-11-02T07:00:00.0;0.06288015905714713
2022-11-02T08:00:00.0;0.06100710615479139
2022-11-02T09:00:00.0;0.05655326158735232
2022-11-02T10:00:00.0;0.05224998882433485
2022-11-02T11:00:00.0;0.050174700246800284
2022-11-02T12:00:00.0;0.04926831071814873
2022-11-02T13:00:00.0;0.0501060829026897
2022-11-02T14:00:00.0;0.05377095434035735
2022-11-02T15:00:00.0;0.06064867816291411
2022-11-02T16:00:00.0;0.06988195341790698
2022-11-02T17:00:00.0;0.07778565509565663
2022-11-02T18:00:00.0;0.08220803084137199
2022-11-02T19:00:00.0;0.08339841299861155
2022-11-02T20:00:00.0;0.0828659695698533
2022-11-02T21:00:00.0;0.08257597574484811
2022-11-02T22:00:00.0;0.07968204360582748
2022-11-02T23:00:00.0;0.07678065126284382
2022-11-03T00:00:00.0;0.07695729958806248
2022-11-03T01:00:00.0;0.07341600755759592
2022-11-03T02:00:00.0;0.07030101879974954
2022-11-03T03:00:00.0;0.06735713828949363
2022-11-03T04:00:00.0;0.06482169809476807
2022-11-03T05:00:00.0;0.06362722643348385
2022-11-03T06:00:00.0;0.06517552767976655
2022-11-03T07:00:00.0;0.06732982189981065
2022-11-03T08:00:00.0;0.06655517510835246
2022-11-03T09:00:00.0;0.06282321718277702
2022-11-03T10:00:00.0;0.058730124730688005
2022-11-03T11:00:00.0;0.05665631265312601
2022-11-03T12:00:00.0;0.05558539556681897
2022-11-03T13:00:00.0;0.05592941831251931
2022-11-03T14:00:00.0;0.05861910895299179
2022-11-03T15:00:00.0;0.0645139458322437
2022-11-03T16:00:00.0;0.07265917676997984
2022-11-03T17:00:00.0;0.08089979637554884
2022-11-03T18:00:00.0;0.08543785255667759
2022-11-03T19:00:00.0;0.0867573663488774
2022-11-03T20:00:00.0;0.08623849160480469
2022-11-03T21:00:00.0;0.08554907302268135
2022-11-03T22:00:00.0;0.082510307926098
2022-11-03T23:00:00.0;0.07943578732956803
2022-11-04T00:00:00.0;0.07550482034309282
2022-11-04T01:00:00.0;0.07182565795335827
2022-11-04T02:00:00.0;0.06882903901304242
2022-11-04T03:00:00.0;0.06532583402134597
2022-11-04T04:00:00.0;0.0635155361891812
2022-11-04T05:00:00.0;0.06236061671297322
2022-11-04T06:00:00.0;0.06375239513338385
2022-11-04T07:00:00.0;0.06285930207254266
2022-11-04T08:00:00.0;0.05896657281145009
2022-11-04T09:00:00.0;0.055431088140743136
2022-11-04T10:00:00.0;0.05199889168348924
2022-11-04T11:00:00.0;0.05000172144468044
2022-11-04T12:00:00.0;0.050855017479884704
2022-11-04T13:00:00.0;0.053138235629983155
2022-11-04T14:00:00.0;0.056878115695496924
2022-11-04T15:00:00.0;0.06122217830621801
2022-11-04T16:00:00.0;0.0691627779390723
2022-11-04T17:00:00.0;0.0770689725631199
2022-11-04T18:00:00.0;0.08210338902047683
2022-11-04T19:00:00.0;0.0848751108183191
2022-11-04T20:00:00.0;0.08549954364422434
2022-11-04T21:00:00.0;0.08422934105539276
2022-11-04T22:00:00.0;0.08213654189305208
2022-11-04T23:00:00.0;0.07838962086211516
2022-11-05T00:00:00.0;0.07683364032713479
2022-11-05T01:00:00.0;0.07325538410375561
2022-11-05T02:00:00.0;0.0701744712274395
2022-11-05T03:00:00.0;0.0671181450627964
2022-11-05T04:00:00.0;0.0647331048648071
2022-11-05T05:00:00.0;0.06279968031447658
2022-11-05T06:00:00.0;0.06381865005873345
2022-11-05T07:00:00.0;0.06418174009172879
2022-11-05T08:00:00.0;0.062194627294433924
2022-11-05T09:00:00.0;0.05910926920379989
2022-11-05T10:00:00.0;0.05530395957514134
2022-11-05T11:00:00.0;0.05254527860387859
2022-11-05T12:00:00.0;0.052350875494726536
2022-11-05T13:00:00.0;0.05416293874065351
2022-11-05T14:00:00.0;0.05754669012830377
2022-11-05T15:00:00.0;0.06255882468384344
2022-11-05T16:00:00.0;0.06962083465888357
2022-11-05T17:00:00.0;0.07833849488773462
2022-11-05T18:00:00.0;0.08278122253362322
2022-11-05T19:00:00.0;0.08595040497754806
2022-11-05T20:00:00.0;0.08773509173666626
2022-11-05T21:00:00.0;0.08723123143871932
2022-11-05T22:00:00.0;0.08472723633202799
2022-11-05T23:00:00.0;0.08075728332506013
2022-11-06T00:00:00.0;0.07861018076733609
2022-11-06T01:00:00.0;0.07501098954987273
2022-11-06T02:00:00.0;0.07186887035086154
2022-11-06T03:00:00.0;0.06892711663593237
2022-11-06T04:00:00.0;0.06644903204872772
2022-11-06T05:00:00.0;0.0654556357375456
2022-11-06T06:00:00.0;0.06736957102470363
2022-11-06T07:00:00.0;0.0701896805600059
2022-11-06T08:00:00.0;0.07017379212369214
2022-11-06T09:00:00.0;0.067000204217999
2022-11-06T10:00:00.0;0.06307604439799189
2022-11-06T11:00:00.0;0.06093983508550444
2022-11-06T12:00:00.0;0.05979772907422227
2022-11-06T13:00:00.0;0.05987256397356481
2022-11-06T14:00:00.0;0.06196548602943518
2022-11-06T15:00:00.0;0.06716683913121613
2022-11-06T16:00:00.0;0.07455204688416922
2022-11-06T17:00:00.0;0.08309835781687906
2022-11-06T18:00:00.0;0.08760709557611643
2022-11-06T19:00:00.0;0.08899330518780911
2022-11-06T20:00:00.0;0.08850902850312929
2022-11-06T21:00:00.0;0.08753706958395806
2022-11-06T22:00:00.0;0.08445406432502957
2022-11-06T23:00:00.0;0.08126320200438808
2022-11-07T00:00:00.0;0.07867018803459758
2022-11-07T01:00:00.0;0.07506375014570749
2022-11-07T02:00:00.0;0.07191981986914438
2022-11-07T03:00:00.0;0.06897839616392656
2022-11-07T04:00:00.0;0.06650637533132193
2022-11-07T05:00:00.0;0.06552292217261936
2022-11-07T06:00:00.0;0.06744803885636336
2022-11-07T07:00:00.0;0.07029485978713022
2022-11-07T08:00:00.0;0.07031914557359834
2022-11-07T09:00:00.0;0.0671880301165834
2022-11-07T10:00:00.0;0.06327794835852277
2022-11-07T11:00:00.0;0.06112472428362728
2022-11-07T12:00:00.0;0.05998802978181433
2022-11-07T13:00:00.0;0.060064153675414574
2022-11-07T14:00:00.0;0.062142097547912306
2022-11-07T15:00:00.0;0.06730359242767901
2022-11-07T16:00:00.0;0.07464673800353337
2022-11-07T17:00:00.0;0.08322500752103842
2022-11-07T18:00:00.0;0.08770857744049632
2022-11-07T19:00:00.0;0.08909345257091933
2022-11-07T20:00:00.0;0.08861646150092092
2022-11-07T21:00:00.0;0.08762811043797877
2022-11-07T22:00:00.0;0.08455482859090102
2022-11-07T23:00:00.0;0.08135850938656872
2022-11-08T00:00:00.0;0.07739327062721243
2022-11-08T01:00:00.0;0.07380345182989981
2022-11-08T02:00:00.0;0.07067596702408228
2022-11-08T03:00:00.0;0.06773428156408982
2022-11-08T04:00:00.0;0.06523970596344181
2022-11-08T05:00:00.0;0.06411535630075549
2022-11-08T06:00:00.0;0.06574657080276293
2022-11-08T07:00:00.0;0.06809289672304439
2022-11-08T08:00:00.0;0.06760000902979363
2022-11-08T09:00:00.0;0.0641588363031306
2022-11-08T10:00:00.0;0.06016165877081073
2022-11-08T11:00:00.0;0.05797604825637189
2022-11-08T12:00:00.0;0.056938040103633084
2022-11-08T13:00:00.0;0.05728256380703427
2022-11-08T14:00:00.0;0.059858074754530304
2022-11-08T15:00:00.0;0.06547509409742526
2022-11-08T16:00:00.0;0.07332632542861522
2022-11-08T17:00:00.0;0.0817824179434225
2022-11-08T18:00:00.0;0.08615693661307666
2022-11-08T19:00:00.0;0.08746976461847289
2022-11-08T20:00:00.0;0.0869989905046349
2022-11-08T21:00:00.0;0.08619539378621081
2022-11-08T22:00:00.0;0.08321819368552102
2022-11-08T23:00:00.0;0.08010501530467498
2022-11-09T00:00:00.0;0.07653113544043925
2022-11-09T01:00:00.0;0.07294946772977706
2022-11-09T02:00:00.0;0.06983259348766166
2022-11-09T03:00:00.0;0.06689088213271774
2022-11-09T04:00:00.0;0.06438345383640996
2022-11-09T05:00:00.0;0.06316555228661609
2022-11-09T06:00:00.0;0.06459708441531228
2022-11-09T07:00:00.0;0.06660700660665485
2022-11-09T08:00:00.0;0.06577247383268847
2022-11-09T09:00:00.0;0.06213520646329176
2022-11-09T10:00:00.0;0.05808396502661679
2022-11-09T11:00:00.0;0.05586768778985699
2022-11-09T12:00:00.0;0.05490108049843128
2022-11-09T13:00:00.0;0.05543341956675098
2022-11-09T14:00:00.0;0.05834886246598975
2022-11-09T15:00:00.0;0.06426467797718124
2022-11-09T16:00:00.0;0.07245031957085729
2022-11-09T17:00:00.0;0.08083636860122279
2022-11-09T18:00:00.0;0.08512287769029897
2022-11-09T19:00:00.0;0.08638482073991409
2022-11-09T20:00:00.0;0.08592184170679079
2022-11-09T21:00:00.0;0.08523932513799387
2022-11-09T22:00:00.0;0.08233375633738335
2022-11-09T23:00:00.0;0.07927597630855245
2022-11-10T00:00:00.0;0.07750389510790337
2022-11-10T01:00:00.0;0.07389089533042982
2022-11-10T02:00:00.0;0.0707651775880361
2022-11-10T03:00:00.0;0.06780483082331597
2022-11-10T04:00:00.0;0.0653502413649084
2022-11-10T05:00:00.0;0.06412051986857537
2022-11-10T06:00:00.0;0.06568451956794295
2022-11-10T07:00:00.0;0.06778052403441848
2022-11-10T08:00:00.0;0.06716860147559797
2022-11-10T09:00:00.0;0.06393626162592235
2022-11-10T10:00:00.0;0.06002109460984874
2022-11-10T11:00:00.0;0.05767727267014348
2022-11-10T12:00:00.0;0.05680394587446022
2022-11-10T13:00:00.0;0.057406800440840455
2022-11-10T14:00:00.0;0.06007040092023798
2022-11-10T15:00:00.0;0.06544479084737487
2022-11-10T16:00:00.0;0.07301393307702564
2022-11-10T17:00:00.0;0.08162621204084831
2022-11-10T18:00:00.0;0.0859248975324377
2022-11-10T19:00:00.0;0.08755376559668067
2022-11-10T20:00:00.0;0.08749804409738067
2022-11-10T21:00:00.0;0.08668943477456376
2022-11-10T22:00:00.0;0.08382790503396305
2022-11-10T23:00:00.0;0.08054779971051061
2022-11-11T00:00:00.0;0.07183935347307364
2022-11-11T01:00:00.0;0.06832666293841279
2022-11-11T02:00:00.0;0.06527148508930584
2022-11-11T03:00:00.0;0.06232842311175596
2022-11-11T04:00:00.0;0.05973199738673828
2022-11-11T05:00:00.0;0.057992333552560095
2022-11-11T06:00:00.0;0.058347199098835095
2022-11-11T07:00:00.0;0.05851424493116235
2022-11-11T08:00:00.0;0.05576003567223388
2022-11-11T09:00:00.0;0.05094937389857269
2022-11-11T10:00:00.0;0.046565895017339716
2022-11-11T11:00:00.0;0.04425330799177956
2022-11-11T12:00:00.0;0.04363700473089958
2022-11-11T13:00:00.0;0.04513851077106311
2022-11-11T14:00:00.0;0.0498718795816055
2022-11-11T15:00:00.0;0.05748401352418179
2022-11-11T16:00:00.0;0.06755877399061183
2022-11-11T17:00:00.0;0.07546381962376161
2022-11-11T18:00:00.0;0.07938671759346717
2022-11-11T19:00:00.0;0.08038971494734713
2022-11-11T20:00:00.0;0.07994030416733572
2022-11-11T21:00:00.0;0.07994606746788216
2022-11-11T22:00:00.0;0.07737610490365662
2022-11-11T23:00:00.0;0.07462570631597487
2022-11-12T00:00:00.0;0.07348258975633158
2022-11-12T01:00:00.0;0.07020366729535814
2022-11-12T02:00:00.0;0.0673031507494703
2022-11-12T03:00:00.0;0.06310325958730142
2022-11-12T04:00:00.0;0.06230504320065228
2022-11-12T05:00:00.0;0.0625942787196503
2022-11-12T06:00:00.0;0.06618290270943952
2022-11-12T07:00:00.0;0.06449103937184057
2022-11-12T08:00:00.0;0.05709268751529747
2022-11-12T09:00:00.0;0.05092038023528404
2022-11-12T10:00:00.0;0.04639325738986259
2022-11-12T11:00:00.0;0.04547679998910337
2022-11-12T12:00:00.0;0.04685089930378435
2022-11-12T13:00:00.0;0.04982139455693049
2022-11-12T14:00:00.0;0.054458206349348136
2022-11-12T15:00:00.0;0.05894909757021092
2022-11-12T16:00:00.0;0.06876351896555775
2022-11-12T17:00:00.0;0.07602026936330267
2022-11-12T18:00:00.0;0.08244585004473791
2022-11-12T19:00:00.0;0.08505917022915684
2022-11-12T20:00:00.0;0.08416362131435418
2022-11-12T21:00:00.0;0.08175634089845585
2022-11-12T22:00:00.0;0.0785961729814362
2022-11-12T23:00:00.0;0.07507446977788532
2022-11-13T00:00:00.0;0.07405529964100924
2022-11-13T01:00:00.0;0.07064717603094857
2022-11-13T02:00:00.0;0.06770310095081718
2022-11-13T03:00:00.0;0.063662822051029
2022-11-13T04:00:00.0;0.06272637595787274
2022-11-13T05:00:00.0;0.06289730558576224
2022-11-13T06:00:00.0;0.06622882097260986
2022-11-13T07:00:00.0;0.06511470971100022
2022-11-13T08:00:00.0;0.058824798565650434
2022-11-13T09:00:00.0;0.05339828864687572
2022-11-13T10:00:00.0;0.04908118646247198
2022-11-13T11:00:00.0;0.04775337887110211
2022-11-13T12:00:00.0;0.048962366941984255
2022-11-13T13:00:00.0;0.05178280329571406
2022-11-13T14:00:00.0;0.05624673112606302
2022-11-13T15:00:00.0;0.06058836095254394
2022-11-13T16:00:00.0;0.06987245552903339
2022-11-13T17:00:00.0;0.07764940976346343
2022-11-13T18:00:00.0;0.08340957118518942
2022-11-13T19:00:00.0;0.08580211735040164
2022-11-13T20:00:00.0;0.08506362407766822
2022-11-13T21:00:00.0;0.08273413166480043
2022-11-13T22:00:00.0;0.07978722193735868
2022-11-13T23:00:00.0;0.07628852695121827
2022-11-14T00:00:00.0;0.07414204284751777
2022-11-14T01:00:00.0;0.07068657334290486
2022-11-14T02:00:00.0;0.06772433124992452
2022-11-14T03:00:00.0;0.0637752073972379
2022-11-14T04:00:00.0;0.06273564251575457
2022-11-14T05:00:00.0;0.06279861141536727
2022-11-14T06:00:00.0;0.06593481700677113
2022-11-14T07:00:00.0;0.06504723715654455
2022-11-14T08:00:00.0;0.059240293353087524
2022-11-14T09:00:00.0;0.054081381544359965
2022-11-14T10:00:00.0;0.049831694077883106
2022-11-14T11:00:00.0;0.04832910757029008
2022-11-14T12:00:00.0;0.049423726497849665
2022-11-14T13:00:00.0;0.05215658474612529
2022-11-14T14:00:00.0;0.05658428265202104
2022-11-14T15:00:00.0;0.06099606758811482
2022-11-14T16:00:00.0;0.07013880145992221
2022-11-14T17:00:00.0;0.07809509951712262
2022-11-14T18:00:00.0;0.08356281900206015
2022-11-14T19:00:00.0;0.08583146199633737
2022-11-14T20:00:00.0;0.08515664409145965
2022-11-14T21:00:00.0;0.08293652961944266
2022-11-14T22:00:00.0;0.08007806420081694
2022-11-14T23:00:00.0;0.0766144419904679
2022-11-15T00:00:00.0;0.07762290015549478
2022-11-15T01:00:00.0;0.07396600478203334
2022-11-15T02:00:00.0;0.070861953875858
2022-11-15T03:00:00.0;0.06767875298946625
2022-11-15T04:00:00.0;0.06560210960194995
2022-11-15T05:00:00.0;0.06456658762075615
2022-11-15T06:00:00.0;0.0664802205214298
2022-11-15T07:00:00.0;0.06788387841853223
2022-11-15T08:00:00.0;0.06640066613752088
2022-11-15T09:00:00.0;0.06338287426232006
2022-11-15T10:00:00.0;0.05961413869138549
2022-11-15T11:00:00.0;0.05713007079288124
2022-11-15T12:00:00.0;0.056891018498163484
2022-11-15T13:00:00.0;0.05823138148107021
2022-11-15T14:00:00.0;0.06117214668901759
2022-11-15T15:00:00.0;0.06568280660732861
2022-11-15T16:00:00.0;0.0728141841015555
2022-11-15T17:00:00.0;0.08171759775056826
2022-11-15T18:00:00.0;0.08603655741520905
2022-11-15T19:00:00.0;0.0882589860242165
2022-11-15T20:00:00.0;0.08871300272597028
2022-11-15T21:00:00.0;0.0874829644070215
2022-11-15T22:00:00.0;0.08481535272874358
2022-11-15T23:00:00.0;0.08120913996422277
2022-11-16T00:00:00.0;0.07794909731925088
2022-11-16T01:00:00.0;0.07424245443523231
2022-11-16T02:00:00.0;0.07112701855888491
2022-11-16T03:00:00.0;0.06803789257519781
2022-11-16T04:00:00.0;0.06580846180607382
2022-11-16T05:00:00.0;0.06463765500116292
2022-11-16T06:00:00.0;0.06628426077874493
2022-11-16T07:00:00.0;0.06789624257168474
2022-11-16T08:00:00.0;0.06694084075491787
2022-11-16T09:00:00.0;0.06421236834739018
2022-11-16T10:00:00.0;0.06059371329582336
2022-11-16T11:00:00.0;0.058078779111819974
2022-11-16T12:00:00.0;0.05771706837511784
2022-11-16T13:00:00.0;0.0588163203559569
2022-11-16T14:00:00.0;0.061535351915023656
2022-11-16T15:00:00.0;0.06607641674540128
2022-11-16T16:00:00.0;0.07305723718680952
2022-11-16T17:00:00.0;0.0819237230500523
2022-11-16T18:00:00.0;0.08614603256053156
2022-11-16T19:00:00.0;0.08825474873775926
2022-11-16T20:00:00.0;0.08870099867385285
2022-11-16T21:00:00.0;0.08760770343057739
2022-11-16T22:00:00.0;0.08504908574175367
2022-11-16T23:00:00.0;0.08148359043311781
2022-11-17T00:00:00.0;0.08032662175218419
2022-11-17T01:00:00.0;0.07660774494821414
2022-11-17T02:00:00.0;0.07342788805356512
2022-11-17T03:00:00.0;0.07049126955999306
2022-11-17T04:00:00.0;0.06811883987037991
2022-11-17T05:00:00.0;0.0673648512799281
2022-11-17T06:00:00.0;0.06963425204510018
2022-11-17T07:00:00.0;0.07317517660365139
2022-11-17T08:00:00.0;0.07409341593732273
2022-11-17T09:00:00.0;0.07175669166648851
2022-11-17T10:00:00.0;0.06809994043300945
2022-11-17T11:00:00.0;0.06572817948693829
2022-11-17T12:00:00.0;0.06460471703244888
2022-11-17T13:00:00.0;0.06452807521344284
2022-11-17T14:00:00.0;0.0660786995801399
2022-11-17T15:00:00.0;0.0703899329843783
2022-11-17T16:00:00.0;0.07681837418905552
2022-11-17T17:00:00.0;0.08592363509275143
2022-11-17T18:00:00.0;0.09012288051991835
2022-11-17T19:00:00.0;0.09153486905632933
2022-11-17T20:00:00.0;0.0911563251282508
2022-11-17T21:00:00.0;0.08981994038959479
2022-11-17T22:00:00.0;0.08682215622238394
2022-11-17T23:00:00.0;0.08349620228762102
2022-11-18T00:00:00.0;0.07504428500710933
2022-11-18T01:00:00.0;0.07114117490450743
2022-11-18T02:00:00.0;0.06810406974465336
2022-11-18T03:00:00.0;0.06498714180639384
2022-11-18T04:00:00.0;0.06259701838521363
2022-11-18T05:00:00.0;0.060833043052937366
2022-11-18T06:00:00.0;0.06086000778667279
2022-11-18T07:00:00.0;0.06036292394797796
2022-11-18T08:00:00.0;0.05812871422093901
2022-11-18T09:00:00.0;0.05550595928346495
2022-11-18T10:00:00.0;0.0525612655548217
2022-11-18T11:00:00.0;0.0502174328695286
2022-11-18T12:00:00.0;0.05071230697721277
2022-11-18T13:00:00.0;0.05245385073609826
2022-11-18T14:00:00.0;0.056065970580151336
2022-11-18T15:00:00.0;0.0610670094083289
2022-11-18T16:00:00.0;0.06900683055462499
2022-11-18T17:00:00.0;0.07692082778877717
2022-11-18T18:00:00.0;0.08106890801194756
2022-11-18T19:00:00.0;0.08308714317258432
2022-11-18T20:00:00.0;0.08359229874534861
2022-11-18T21:00:00.0;0.08300680554153862
2022-11-18T22:00:00.0;0.08152230817348526
2022-11-18T23:00:00.0;0.07810653837877306
2022-11-19T00:00:00.0;0.07429754574740446
2022-11-19T01:00:00.0;0.07043738761912782
2022-11-19T02:00:00.0;0.06740510933700085
2022-11-19T03:00:00.0;0.06425185874422075
2022-11-19T04:00:00.0;0.061930884033453384
2022-11-19T05:00:00.0;0.06034709212373355
2022-11-19T06:00:00.0;0.06054165537261346
2022-11-19T07:00:00.0;0.06007490583536448
2022-11-19T08:00:00.0;0.057542613842863514
2022-11-19T09:00:00.0;0.05449443868879113
2022-11-19T10:00:00.0;0.05134871266049846
2022-11-19T11:00:00.0;0.04910389670704978
2022-11-19T12:00:00.0;0.049546207502978945
2022-11-19T13:00:00.0;0.051296719663261124
2022-11-19T14:00:00.0;0.05515634953939651
2022-11-19T15:00:00.0;0.06049888440644323
2022-11-19T16:00:00.0;0.06894433888269233
2022-11-19T17:00:00.0;0.0768005719732161
2022-11-19T18:00:00.0;0.08092438730966825
2022-11-19T19:00:00.0;0.08261496329090266
2022-11-19T20:00:00.0;0.08269367186979437
2022-11-19T21:00:00.0;0.08205226911632967
2022-11-19T22:00:00.0;0.08043349166791205
2022-11-19T23:00:00.0;0.07720056683728392
2022-11-20T00:00:00.0;0.07758415940919525
2022-11-20T01:00:00.0;0.0733753647222695
2022-11-20T02:00:00.0;0.07032228718617949
2022-11-20T03:00:00.0;0.06744194369076902
2022-11-20T04:00:00.0;0.06458892875146888
2022-11-20T05:00:00.0;0.06198564448843872
2022-11-20T06:00:00.0;0.0607170671251024
2022-11-20T07:00:00.0;0.06002235121228597
2022-11-20T08:00:00.0;0.059394926650913164
2022-11-20T09:00:00.0;0.05880040904791524
2022-11-20T10:00:00.0;0.05702412178371934
2022-11-20T11:00:00.0;0.054393929879024215
2022-11-20T12:00:00.0;0.055140389216650654
2022-11-20T13:00:00.0;0.05656672991124241
2022-11-20T14:00:00.0;0.059100601003408366
2022-11-20T15:00:00.0;0.06292534512833999
2022-11-20T16:00:00.0;0.06909510028944031
2022-11-20T17:00:00.0;0.07690903066135604
2022-11-20T18:00:00.0;0.08096723912871177
2022-11-20T19:00:00.0;0.08377924097743066
2022-11-20T20:00:00.0;0.08555035581058722
2022-11-20T21:00:00.0;0.08536545339015315
2022-11-20T22:00:00.0;0.0848148827037674
2022-11-20T23:00:00.0;0.08091663712919277
2022-11-21T00:00:00.0;0.07619279631818464
2022-11-21T01:00:00.0;0.07223324714006735
2022-11-21T02:00:00.0;0.06919016341394349
2022-11-21T03:00:00.0;0.0659828250459737
2022-11-21T04:00:00.0;0.06377233808283088
2022-11-21T05:00:00.0;0.06219564012324243
2022-11-21T06:00:00.0;0.0625665970284779
2022-11-21T07:00:00.0;0.062173275733821046
2022-11-21T08:00:00.0;0.06005600023325799
2022-11-21T09:00:00.0;0.057890940859084916
2022-11-21T10:00:00.0;0.05514034113741075
2022-11-21T11:00:00.0;0.052726197468334186
2022-11-21T12:00:00.0;0.053447632740531326
2022-11-21T13:00:00.0;0.055303581837317324
2022-11-21T14:00:00.0;0.058615693986512514
2022-11-21T15:00:00.0;0.06280252963371788
2022-11-21T16:00:00.0;0.07006552183254502
2022-11-21T17:00:00.0;0.07824230935618634
2022-11-21T18:00:00.0;0.08242745516760537
2022-11-21T19:00:00.0;0.08475946252618602
2022-11-21T20:00:00.0;0.08551057155404827
2022-11-21T21:00:00.0;0.0845850328577772
2022-11-21T22:00:00.0;0.08316776163730603
2022-11-21T23:00:00.0;0.07953385211312439
2022-11-22T00:00:00.0;0.07824555304211002
2022-11-22T01:00:00.0;0.07433334735118921
2022-11-22T02:00:00.0;0.07120398245427033
2022-11-22T03:00:00.0;0.0683105618725728
2022-11-22T04:00:00.0;0.06573335294828396
2022-11-22T05:00:00.0;0.06431644776435598
2022-11-22T06:00:00.0;0.06509267398745242
2022-11-22T07:00:00.0;0.06696412833409583
2022-11-22T08:00:00.0;0.06716307075103545
2022-11-22T09:00:00.0;0.0652306513248519
2022-11-22T10:00:00.0;0.062201560537211285
2022-11-22T11:00:00.0;0.059746958871606186
2022-11-22T12:00:00.0;0.059294572912150505
2022-11-22T13:00:00.0;0.05980155665554381
2022-11-22T14:00:00.0;0.06205010966575124
2022-11-22T15:00:00.0;0.06663882674406459
2022-11-22T16:00:00.0;0.07351288758185433
2022-11-22T17:00:00.0;0.08206125561555218
2022-11-22T18:00:00.0;0.08599484898340765
2022-11-22T19:00:00.0;0.08751036675632115
2022-11-22T20:00:00.0;0.08755576953833373
2022-11-22T21:00:00.0;0.08673843312453855
2022-11-22T22:00:00.0;0.08470924771314203
2022-11-22T23:00:00.0;0.0813958196789324
2022-11-23T00:00:00.0;0.07916369361878851
2022-11-23T01:00:00.0;0.07530936793745989
2022-11-23T02:00:00.0;0.07216590107779636
2022-11-23T03:00:00.0;0.06916844312703314
2022-11-23T04:00:00.0;0.06683525862591527
2022-11-23T05:00:00.0;0.06571217367588982
2022-11-23T06:00:00.0;0.06721719520815478
2022-11-23T07:00:00.0;0.06942839907063882
2022-11-23T08:00:00.0;0.06955545589309463
2022-11-23T09:00:00.0;0.0676172736907267
2022-11-23T10:00:00.0;0.06439278695934958
2022-11-23T11:00:00.0;0.06181745367080707
2022-11-23T12:00:00.0;0.061380745924422345
2022-11-23T13:00:00.0;0.062056425115990424
2022-11-23T14:00:00.0;0.06419060875613003
2022-11-23T15:00:00.0;0.06826117696525663
2022-11-23T16:00:00.0;0.0746620863870305
2022-11-23T17:00:00.0;0.08366351986536077
2022-11-23T18:00:00.0;0.08764418363333247
2022-11-23T19:00:00.0;0.08948263679435477
2022-11-23T20:00:00.0;0.08975333276023054
2022-11-23T21:00:00.0;0.0885699367464205
2022-11-23T22:00:00.0;0.08624816897937579
2022-11-23T23:00:00.0;0.08273094452164415
2022-11-24T00:00:00.0;0.07572474225639464
2022-11-24T01:00:00.0;0.07199357504375614
2022-11-24T02:00:00.0;0.06894250007361065
2022-11-24T03:00:00.0;0.06611617549238571
2022-11-24T04:00:00.0;0.06406257085746611
2022-11-24T05:00:00.0;0.06350020279348928
2022-11-24T06:00:00.0;0.06451144564934563
2022-11-24T07:00:00.0;0.0654278125672521
2022-11-24T08:00:00.0;0.06392265577693822
2022-11-24T09:00:00.0;0.060630314680970784
2022-11-24T10:00:00.0;0.056926882718573546
2022-11-24T11:00:00.0;0.053877445410147114
2022-11-24T12:00:00.0;0.05347458522835595
2022-11-24T13:00:00.0;0.05460785521627159
2022-11-24T14:00:00.0;0.05806340545009256
2022-11-24T15:00:00.0;0.06306133374680982
2022-11-24T16:00:00.0;0.07048402832737743
2022-11-24T17:00:00.0;0.07965890390471317
2022-11-24T18:00:00.0;0.0832090565337864
2022-11-24T19:00:00.0;0.08577395517349765
2022-11-24T20:00:00.0;0.08671893696714605
2022-11-24T21:00:00.0;0.08557375923019585
2022-11-24T22:00:00.0;0.08340654285515468
2022-11-24T23:00:00.0;0.08006937583122577
2022-11-25T00:00:00.0;0.07492582430402772
2022-11-25T01:00:00.0;0.07086331550534661
2022-11-25T02:00:00.0;0.06780898823711874
2022-11-25T03:00:00.0;0.06490312697725027
2022-11-25T04:00:00.0;0.062171119854573825
2022-11-25T05:00:00.0;0.0600392575514496
2022-11-25T06:00:00.0;0.0591892436738474
2022-11-25T07:00:00.0;0.05881513921952106
2022-11-25T08:00:00.0;0.0575373216526109
2022-11-25T09:00:00.0;0.05556517785388129
2022-11-25T10:00:00.0;0.05303276670448053
2022-11-25T11:00:00.0;0.05055245592337196
2022-11-25T12:00:00.0;0.05092834008550772
2022-11-25T13:00:00.0;0.05233081761206874
2022-11-25T14:00:00.0;0.05577253713980208
2022-11-25T15:00:00.0;0.06101367450787043
2022-11-25T16:00:00.0;0.06888201658088845
2022-11-25T17:00:00.0;0.07668734836494258
2022-11-25T18:00:00.0;0.08040156052688656
2022-11-25T19:00:00.0;0.08201763917251702
2022-11-25T20:00:00.0;0.08245160349992886
2022-11-25T21:00:00.0;0.08224640058712648
2022-11-25T22:00:00.0;0.08121558092752243
2022-11-25T23:00:00.0;0.07797252391682584
2022-11-26T00:00:00.0;0.07665394732581815
2022-11-26T01:00:00.0;0.07255103228362327
2022-11-26T02:00:00.0;0.06949544053379965
2022-11-26T03:00:00.0;0.06641563301986182
2022-11-26T04:00:00.0;0.06399509076790914
2022-11-26T05:00:00.0;0.062157350693042276
2022-11-26T06:00:00.0;0.06194160191504083
2022-11-26T07:00:00.0;0.061613683268988625
2022-11-26T08:00:00.0;0.0602568761549918
2022-11-26T09:00:00.0;0.058804819930747154
2022-11-26T10:00:00.0;0.05647975277198734
2022-11-26T11:00:00.0;0.05394803287319796
2022-11-26T12:00:00.0;0.05468708447890423
2022-11-26T13:00:00.0;0.05633056906803605
2022-11-26T14:00:00.0;0.059352387465651676
2022-11-26T15:00:00.0;0.06336137375839541
2022-11-26T16:00:00.0;0.07024315845240905
2022-11-26T17:00:00.0;0.07839046190971966
2022-11-26T18:00:00.0;0.08232350426963791
2022-11-26T19:00:00.0;0.08456543095110944
2022-11-26T20:00:00.0;0.08545116060798778
2022-11-26T21:00:00.0;0.08471206196891143
2022-11-26T22:00:00.0;0.08368922750441472
2022-11-26T23:00:00.0;0.08006026580462948
2022-11-27T00:00:00.0;0.0748169897815992
2022-11-27T01:00:00.0;0.0708531778120932
2022-11-27T02:00:00.0;0.06777412435228877
2022-11-27T03:00:00.0;0.06489672229398612
2022-11-27T04:00:00.0;0.062209597746956065
2022-11-27T05:00:00.0;0.06026395171623119
2022-11-27T06:00:00.0;0.05987379426951559
2022-11-27T07:00:00.0;0.06009688204974036
2022-11-27T08:00:00.0;0.05899073458090014
2022-11-27T09:00:00.0;0.05662587243487618
2022-11-27T10:00:00.0;0.053668501471059
2022-11-27T11:00:00.0;0.05107115936935094
2022-11-27T12:00:00.0;0.05109462819250903
2022-11-27T13:00:00.0;0.052409330189278916
2022-11-27T14:00:00.0;0.05597285393782891
2022-11-27T15:00:00.0;0.06157006509201377
2022-11-27T16:00:00.0;0.06962455268861059
2022-11-27T17:00:00.0;0.077777378902748
2022-11-27T18:00:00.0;0.08131281750267118
2022-11-27T19:00:00.0;0.08270428315938876
2022-11-27T20:00:00.0;0.08293602228055993
2022-11-27T21:00:00.0;0.0826758310331893
2022-11-27T22:00:00.0;0.08123598743707075
2022-11-27T23:00:00.0;0.07809707845095937
2022-11-28T00:00:00.0;0.0780011370778512
2022-11-28T01:00:00.0;0.07353469772420246
2022-11-28T02:00:00.0;0.07049438201017784
2022-11-28T03:00:00.0;0.06756239412557741
2022-11-28T04:00:00.0;0.06474597446654794
2022-11-28T05:00:00.0;0.062365097876507174
2022-11-28T06:00:00.0;0.06071514191991688
2022-11-28T07:00:00.0;0.05988590401985117
2022-11-28T08:00:00.0;0.059653111069609466
2022-11-28T09:00:00.0;0.05987357621554137
2022-11-28T10:00:00.0;0.058858815026419035
2022-11-28T11:00:00.0;0.0564938629162564
2022-11-28T12:00:00.0;0.05768821375649818
2022-11-28T13:00:00.0;0.05885707687679944
2022-11-28T14:00:00.0;0.060960539302071806
2022-11-28T15:00:00.0;0.06408278081758019
2022-11-28T16:00:00.0;0.07008422494580846
2022-11-28T17:00:00.0;0.07753566508586586
2022-11-28T18:00:00.0;0.0815192037023706
2022-11-28T19:00:00.0;0.08380457071802383
2022-11-28T20:00:00.0;0.08490495387786598
2022-11-28T21:00:00.0;0.08444305367569609
2022-11-28T22:00:00.0;0.08454901866473255
2022-11-28T23:00:00.0;0.08083969741290356
2022-11-29T00:00:00.0;0.07732561781884627
2022-11-29T01:00:00.0;0.07305871362264903
2022-11-29T02:00:00.0;0.07004710812615657
2022-11-29T03:00:00.0;0.06687447622991548
2022-11-29T04:00:00.0;0.06442699974254848
2022-11-29T05:00:00.0;0.0625225163038135
2022-11-29T06:00:00.0;0.061790773032899024
2022-11-29T07:00:00.0;0.06074488040936109
2022-11-29T08:00:00.0;0.059208501746406315
2022-11-29T09:00:00.0;0.05835287527217297
2022-11-29T10:00:00.0;0.05677670987364093
2022-11-29T11:00:00.0;0.054705150335257906
2022-11-29T12:00:00.0;0.05598893188599861
2022-11-29T13:00:00.0;0.057479618622452086
2022-11-29T14:00:00.0;0.05997525111249008
2022-11-29T15:00:00.0;0.06323234709433397
2022-11-29T16:00:00.0;0.06984851467207029
2022-11-29T17:00:00.0;0.0772135354063176
2022-11-29T18:00:00.0;0.0816943541316931
2022-11-29T19:00:00.0;0.08409071093071672
2022-11-29T20:00:00.0;0.0848585611285744
2022-11-29T21:00:00.0;0.08402485934943942
2022-11-29T22:00:00.0;0.08359191995935832
2022-11-29T23:00:00.0;0.07988839652520471
2022-11-30T00:00:00.0;0.07673038937338114
2022-11-30T01:00:00.0;0.07263930400100316
2022-11-30T02:00:00.0;0.06965299628532572
2022-11-30T03:00:00.0;0.06626832282394796
2022-11-30T04:00:00.0;0.06414593769053749
2022-11-30T05:00:00.0;0.06266122430439834
2022-11-30T06:00:00.0;0.06273855686990969
2022-11-30T07:00:00.0;0.06150176065252748
2022-11-30T08:00:00.0;0.058816737762239016
2022-11-30T09:00:00.0;0.057012921678737484
2022-11-30T10:00:00.0;0.05494207940698536
2022-11-30T11:00:00.0;0.05312904040977629
2022-11-30T12:00:00.0;0.05449162312284881
2022-11-30T13:00:00.0;0.056265882190072586
2022-11-30T14:00:00.0;0.05910707222698535
2022-11-30T15:00:00.0;0.062482994153894286
2022-11-30T16:00:00.0;0.0696408204310149
2022-11-30T17:00:00.0;0.07692969339020968
2022-11-30T18:00:00.0;0.08184868654543026
2022-11-30T19:00:00.0;0.08434284111311469
2022-11-30T20:00:00.0;0.08481768252493199
2022-11-30T21:00:00.0;0.0836563707306445
2022-11-30T22:00:00.0;0.08274858001462339
2022-11-30T23:00:00.0;0.0790501652816001
2022-12-01T00:00:00.0;0.07595152646319048
2022-12-01T01:00:00.0;0.07209050193859196
2022-12-01T02:00:00.0;0.06913729664491244
2022-12-01T03:00:00.0;0.06547516448383381
2022-12-01T04:00:00.0;0.06377816493128641
2022-12-01T05:00:00.0;0.06284272523538594
2022-12-01T06:00:00.0;0.06397874235356706
2022-12-01T07:00:00.0;0.06249214670237048
2022-12-01T08:00:00.0;0.0583041103178668
2022-12-01T09:00:00.0;0.05525957779328513
2022-12-01T10:00:00.0;0.05254144543985831
2022-12-01T11:00:00.0;0.05106668338921801
2022-12-01T12:00:00.0;0.05253237828230774
2022-12-01T13:00:00.0;0.054677694835906704
2022-12-01T14:00:00.0;0.05797105069024258
2022-12-01T15:00:00.0;0.061502457661733366
2022-12-01T16:00:00.0;0.06936905025226976
2022-12-01T17:00:00.0;0.07655828301763004
2022-12-01T18:00:00.0;0.0820506321913682
2022-12-01T19:00:00.0;0.08467275620555609
2022-12-01T20:00:00.0;0.0847641924263992
2022-12-01T21:00:00.0;0.08317419935561474
2022-12-01T22:00:00.0;0.081645060502677
2022-12-01T23:00:00.0;0.0779533305607788
2022-12-02T00:00:00.0;0.07840784904722752
2022-12-02T01:00:00.0;0.07383806627633327
2022-12-02T02:00:00.0;0.07078448500179192
2022-12-02T03:00:00.0;0.06803393096822627
2022-12-02T04:00:00.0;0.06497633261460699
2022-12-02T05:00:00.0;0.06229015048438883
2022-12-02T06:00:00.0;0.060000659687645605
2022-12-02T07:00:00.0;0.0592728928726843
2022-12-02T08:00:00.0;0.05985801752781406
2022-12-02T09:00:00.0;0.060721577428400335
2022-12-02T10:00:00.0;0.06009783615771295
2022-12-02T11:00:00.0;0.05753748039724164
2022-12-02T12:00:00.0;0.05864187134792908
2022-12-02T13:00:00.0;0.05956486542942043
2022-12-02T14:00:00.0;0.061441472807217276
2022-12-02T15:00:00.0;0.0644835001615635
2022-12-02T16:00:00.0;0.07004775361659873
2022-12-02T17:00:00.0;0.07751417063503373
2022-12-02T18:00:00.0;0.08123746390375561
2022-12-02T19:00:00.0;0.08355501451670516
2022-12-02T20:00:00.0;0.08496501871974202
2022-12-02T21:00:00.0;0.08477262005457213
2022-12-02T22:00:00.0;0.08520665221124556
2022-12-02T23:00:00.0;0.08148681735172793
2022-12-03T00:00:00.0;0.07765498745223116
2022-12-03T01:00:00.0;0.07316946193760072
2022-12-03T02:00:00.0;0.07010587805185775
2022-12-03T03:00:00.0;0.06732495912460718
2022-12-03T04:00:00.0;0.06431889615467251
2022-12-03T05:00:00.0;0.061734192595913166
2022-12-03T06:00:00.0;0.05976795224315119
2022-12-03T07:00:00.0;0.05922695585087163
2022-12-03T08:00:00.0;0.059542615042147605
2022-12-03T09:00:00.0;0.059867545163057596
2022-12-03T10:00:00.0;0.05879581011765884
2022-12-03T11:00:00.0;0.05620349217432345
2022-12-03T12:00:00.0;0.057129612664613263
2022-12-03T13:00:00.0;0.05816979365462384
2022-12-03T14:00:00.0;0.060379515641152535
2022-12-03T15:00:00.0;0.06394155219918622
2022-12-03T16:00:00.0;0.07002533463471129
2022-12-03T17:00:00.0;0.07766457670457122
2022-12-03T18:00:00.0;0.08124767805870621
2022-12-03T19:00:00.0;0.08328468796483632
2022-12-03T20:00:00.0;0.08441253202864739
2022-12-03T21:00:00.0;0.08422038448399621
2022-12-03T22:00:00.0;0.08435246259678746
2022-12-03T23:00:00.0;0.08075840106308554
2022-12-04T00:00:00.0;0.07849079601059651
2022-12-04T01:00:00.0;0.07387972099935483
2022-12-04T02:00:00.0;0.07081859431023471
2022-12-04T03:00:00.0;0.06806104037158144
2022-12-04T04:00:00.0;0.06497718744951513
2022-12-04T05:00:00.0;0.062250991079281566
2022-12-04T06:00:00.0;0.05993545669882291
2022-12-04T07:00:00.0;0.05926326379674278
2022-12-04T08:00:00.0;0.05997539192805452
2022-12-04T09:00:00.0;0.060975876099709635
2022-12-04T10:00:00.0;0.06036805606341722
2022-12-04T11:00:00.0;0.057790434526501865
2022-12-04T12:00:00.0;0.05891996035150712
2022-12-04T13:00:00.0;0.05985554543226076
2022-12-04T14:00:00.0;0.06167473827852709
2022-12-04T15:00:00.0;0.06469922877778903
2022-12-04T16:00:00.0;0.07025508260758076
2022-12-04T17:00:00.0;0.07776916497945223
2022-12-04T18:00:00.0;0.08139224363254481
2022-12-04T19:00:00.0;0.08359715825820868
2022-12-04T20:00:00.0;0.08493858226640179
2022-12-04T21:00:00.0;0.08474618727957975
2022-12-04T22:00:00.0;0.08524278412642468
2022-12-04T23:00:00.0;0.08152926025094381
2022-12-05T00:00:00.0;0.07848019118924887
2022-12-05T01:00:00.0;0.07387107208310946
2022-12-05T02:00:00.0;0.07080961185469849
2022-12-05T03:00:00.0;0.06805154345511272
2022-12-05T04:00:00.0;0.06497046345446336
2022-12-05T05:00:00.0;0.062249211876972965
2022-12-05T06:00:00.0;0.059943900197171406
2022-12-05T07:00:00.0;0.0592790682483073
2022-12-05T08:00:00.0;0.059987823171352005
2022-12-05T09:00:00.0;0.060978423273270216
2022-12-05T10:00:00.0;0.06036153668317262
2022-12-05T11:00:00.0;0.057781095479976084
2022-12-05T12:00:00.0;0.058906452992325095
2022-12-05T13:00:00.0;0.05984458525731049
2022-12-05T14:00:00.0;0.06167069988999895
2022-12-05T15:00:00.0;0.06470204490118664
2022-12-05T16:00:00.0;0.07026416823886669
2022-12-05T17:00:00.0;0.07778600616391168
2022-12-05T18:00:00.0;0.08140451128147026
2022-12-05T19:00:00.0;0.08360522961912371
2022-12-05T20:00:00.0;0.08494256926906855
2022-12-05T21:00:00.0;0.08474767560341608
2022-12-05T22:00:00.0;0.08523685455594517
2022-12-05T23:00:00.0;0.08152536156002291
2022-12-06T00:00:00.0;0.0779913502637737
2022-12-06T01:00:00.0;0.07352780174330531
2022-12-06T02:00:00.0;0.07048790197828195
2022-12-06T03:00:00.0;0.06755242768205166
2022-12-06T04:00:00.0;0.06474135321219052
2022-12-06T05:00:00.0;0.06236737852929373
2022-12-06T06:00:00.0;0.06073072549000523
2022-12-06T07:00:00.0;0.059898348731247684
2022-12-06T08:00:00.0;0.059646669641440976
2022-12-06T09:00:00.0;0.059851544545530724
2022-12-06T10:00:00.0;0.05882864982276508
2022-12-06T11:00:00.0;0.05646794833686438
2022-12-06T12:00:00.0;0.05766359483481658
2022-12-06T13:00:00.0;0.05883712048376532
2022-12-06T14:00:00.0;0.06094626460568728
2022-12-06T15:00:00.0;0.06407045987095476
2022-12-06T16:00:00.0;0.07008081001337763
2022-12-06T17:00:00.0;0.07753099812302126
2022-12-06T18:00:00.0;0.08152174125354257
2022-12-06T19:00:00.0;0.08380871627127696
2022-12-06T20:00:00.0;0.08490428174719641
2022-12-06T21:00:00.0;0.08443699494374317
2022-12-06T22:00:00.0;0.08453515237304886
2022-12-06T23:00:00.0;0.08082591511906728
2022-12-07T00:00:00.0;0.07807880368110957
2022-12-07T01:00:00.0;0.0735437146646263
2022-12-07T02:00:00.0;0.07046963013068185
2022-12-07T03:00:00.0;0.06769208962638444
2022-12-07T04:00:00.0;0.06471596339924343
2022-12-07T05:00:00.0;0.062181869905079824
2022-12-07T06:00:00.0;0.06026348264471944
2022-12-07T07:00:00.0;0.05987725931848616
2022-12-07T08:00:00.0;0.0604583398926324
2022-12-07T09:00:00.0;0.06107483259642302
2022-12-07T10:00:00.0;0.060114781202320014
2022-12-07T11:00:00.0;0.05742761695445471
2022-12-07T12:00:00.0;0.05839520579014288
2022-12-07T13:00:00.0;0.05942974778218034
2022-12-07T14:00:00.0;0.061517848780577075
2022-12-07T15:00:00.0;0.06480863384937625
2022-12-07T16:00:00.0;0.07060805511656042
2022-12-07T17:00:00.0;0.07842343708732921
2022-12-07T18:00:00.0;0.08186883603259063
2022-12-07T19:00:00.0;0.08391072683956537
2022-12-07T20:00:00.0;0.08509347544776769
2022-12-07T21:00:00.0;0.08480400796172625
2022-12-07T22:00:00.0;0.085012423097735
2022-12-07T23:00:00.0;0.08137779793943468
2022-12-08T00:00:00.0;0.07739638075535198
2022-12-08T01:00:00.0;0.07310281498223503
2022-12-08T02:00:00.0;0.0700843628194856
2022-12-08T03:00:00.0;0.06695291435156461
2022-12-08T04:00:00.0;0.06445201069425166
2022-12-08T05:00:00.0;0.062485218753897454
2022-12-08T06:00:00.0;0.061636767885667076
2022-12-08T07:00:00.0;0.06066625478861203
2022-12-08T08:00:00.0;0.059350099379214274
2022-12-08T09:00:00.0;0.058641509629150594
2022-12-08T10:00:00.0;0.05712291374205152
2022-12-08T11:00:00.0;0.054984269826010915
2022-12-08T12:00:00.0;0.05623140520613105
2022-12-08T13:00:00.0;0.0576761168100482
2022-12-08T14:00:00.0;0.06013441404453927
2022-12-08T15:00:00.0;0.06340057494254926
2022-12-08T16:00:00.0;0.06993579760479379
2022-12-08T17:00:00.0;0.07735447832297353
2022-12-08T18:00:00.0;0.08172260016516118
2022-12-08T19:00:00.0;0.08407825863485473
2022-12-08T20:00:00.0;0.08488650387023389
2022-12-08T21:00:00.0;0.08410809086270231
2022-12-08T22:00:00.0;0.08373670563845287
2022-12-08T23:00:00.0;0.08004207109660826
2022-12-09T00:00:00.0;0.07598435718546506
2022-12-09T01:00:00.0;0.07213982957819319
2022-12-09T02:00:00.0;0.06919150028400495
2022-12-09T03:00:00.0;0.06559807934087632
2022-12-09T04:00:00.0;0.06385343411051095
2022-12-09T05:00:00.0;0.06286600938783816
2022-12-09T06:00:00.0;0.06382214299745996
2022-12-09T07:00:00.0;0.062300882341253735
2022-12-09T08:00:00.0;0.058227780553416965
2022-12-09T09:00:00.0;0.055228072812807
2022-12-09T10:00:00.0;0.05261992621929222
2022-12-09T11:00:00.0;0.05110163967933147
2022-12-09T12:00:00.0;0.05250664713207176
2022-12-09T13:00:00.0;0.054555034842033695
2022-12-09T14:00:00.0;0.057843776538396625
2022-12-09T15:00:00.0;0.06137015529697261
2022-12-09T16:00:00.0;0.06910222364824423
2022-12-09T17:00:00.0;0.07623785236150131
2022-12-09T18:00:00.0;0.08176711299970366
2022-12-09T19:00:00.0;0.08453829457350176
2022-12-09T20:00:00.0;0.08481657463598259
2022-12-09T21:00:00.0;0.08331586507285935
2022-12-09T22:00:00.0;0.08181854481159999
2022-12-09T23:00:00.0;0.07811557737474913
2022-12-10T00:00:00.0;0.07763366008930406
2022-12-10T01:00:00.0;0.0732757662401574
2022-12-10T02:00:00.0;0.07025106865121006
2022-12-10T03:00:00.0;0.06718817237942333
2022-12-10T04:00:00.0;0.06457245480824739
2022-12-10T05:00:00.0;0.06245073222199359
2022-12-10T06:00:00.0;0.0613002765062624
2022-12-10T07:00:00.0;0.06035318019686968
2022-12-10T08:00:00.0;0.059411247210078136
2022-12-10T09:00:00.0;0.05904632725749836
2022-12-10T10:00:00.0;0.05772616673966487
2022-12-10T11:00:00.0;0.05552081780484099
2022-12-10T12:00:00.0;0.05676381822500176
2022-12-10T13:00:00.0;0.058107750777788444
2022-12-10T14:00:00.0;0.06042455053205228
2022-12-10T15:00:00.0;0.06362015178160303
2022-12-10T16:00:00.0;0.06995600047195627
2022-12-10T17:00:00.0;0.07736042915737965
2022-12-10T18:00:00.0;0.08161448411288766
2022-12-10T19:00:00.0;0.08396022866894223
2022-12-10T20:00:00.0;0.0848797165991758
2022-12-10T21:00:00.0;0.08421555935989126
2022-12-10T22:00:00.0;0.08402836474509245
2022-12-10T23:00:00.0;0.08032219745897369
2022-12-11T00:00:00.0;0.07699532968800087
2022-12-11T01:00:00.0;0.07282598613617323
2022-12-11T02:00:00.0;0.06982841820257547
2022-12-11T03:00:00.0;0.0665381259143553
2022-12-11T04:00:00.0;0.0642710403617132
2022-12-11T05:00:00.0;0.06259948441008516
2022-12-11T06:00:00.0;0.06231669170220442
2022-12-11T07:00:00.0;0.06116486800016565
2022-12-11T08:00:00.0;0.05899111463218321
2022-12-11T09:00:00.0;0.057609344328436646
2022-12-11T10:00:00.0;0.055758686168221085
2022-12-11T11:00:00.0;0.0538305778828486
2022-12-11T12:00:00.0;0.0551580856513353
2022-12-11T13:00:00.0;0.05680612470487505
2022-12-11T14:00:00.0;0.059493504677961516
2022-12-11T15:00:00.0;0.06281653635153936
2022-12-11T16:00:00.0;0.06973326658003406
2022-12-11T17:00:00.0;0.07705603344271031
2022-12-11T18:00:00.0;0.08177999211631978
2022-12-11T19:00:00.0;0.08423061621802008
2022-12-11T20:00:00.0;0.08483587787529327
2022-12-11T21:00:00.0;0.08382038757382648
2022-12-11T22:00:00.0;0.08312395648056975
2022-12-11T23:00:00.0;0.07942326782919616
2022-12-12T00:00:00.0;0.07529779821085472
2022-12-12T01:00:00.0;0.07162987220716656
2022-12-12T02:00:00.0;0.06870445099229942
2022-12-12T03:00:00.0;0.06480943755201543
2022-12-12T04:00:00.0;0.06346947974418068
2022-12-12T05:00:00.0;0.06299506563426666
2022-12-12T06:00:00.0;0.06501967558866621
2022-12-12T07:00:00.0;0.06332341409619602
2022-12-12T08:00:00.0;0.05787384327224929
2022-12-12T09:00:00.0;0.053787931860498614
2022-12-12T10:00:00.0;0.050526505163085274
2022-12-12T11:00:00.0;0.049335671380427
2022-12-12T12:00:00.0;0.05088791211406867
2022-12-12T13:00:00.0;0.05334467084691427
2022-12-12T14:00:00.0;0.05701754608228939
2022-12-12T15:00:00.0;0.06067945736349747
2022-12-12T16:00:00.0;0.06914094355767246
2022-12-12T17:00:00.0;0.07624654464802862
2022-12-12T18:00:00.0;0.08222013259055076
2022-12-12T19:00:00.0;0.08494966606219326
2022-12-12T20:00:00.0;0.08471929622172235
2022-12-12T21:00:00.0;0.08276949520781114
2022-12-12T22:00:00.0;0.08071883603810913
2022-12-12T23:00:00.0;0.07703271688697044
2022-12-13T00:00:00.0;0.07639485720555114
2022-12-13T01:00:00.0;0.07242675121094543
2022-12-13T02:00:00.0;0.06946041869926438
2022-12-13T03:00:00.0;0.06600817241240993
2022-12-13T04:00:00.0;0.06404196467914477
2022-12-13T05:00:00.0;0.06276760382708789
2022-12-13T06:00:00.0;0.06317776123381726
2022-12-13T07:00:00.0;0.06179216842780086
2022-12-13T08:00:00.0;0.05850665292798823
2022-12-13T09:00:00.0;0.05616152861336564
2022-12-13T10:00:00.0;0.053887196919743606
2022-12-13T11:00:00.0;0.052193218637352684
2022-12-13T12:00:00.0;0.05354888096050818
2022-12-13T13:00:00.0;0.05540891686156671
2022-12-13T14:00:00.0;0.058458062350606486
2022-12-13T15:00:00.0;0.06190235723831877
2022-12-13T16:00:00.0;0.06927015739253613
2022-12-13T17:00:00.0;0.07646343154296706
2022-12-13T18:00:00.0;0.08168508392260099
2022-12-13T19:00:00.0;0.08437511177339231
2022-12-13T20:00:00.0;0.08484031787110646
2022-12-13T21:00:00.0;0.08355922483929809
2022-12-13T22:00:00.0;0.08238888694320728
2022-12-13T23:00:00.0;0.0786833685887492
2022-12-14T00:00:00.0;0.07507989625868713
2022-12-14T01:00:00.0;0.07147989379281368
2022-12-14T02:00:00.0;0.06856458583288752
2022-12-14T03:00:00.0;0.06459969583471376
2022-12-14T04:00:00.0;0.06337470992070525
2022-12-14T05:00:00.0;0.063050047761028
2022-12-14T06:00:00.0;0.06535246499537414
2022-12-14T07:00:00.0;0.06358017578705735
2022-12-14T08:00:00.0;0.057717117018615136
2022-12-14T09:00:00.0;0.05328307555465388
2022-12-14T10:00:00.0;0.04985179520958642
2022-12-14T11:00:00.0;0.048751624062377485
2022-12-14T12:00:00.0;0.05032505623081068
2022-12-14T13:00:00.0;0.052874579234018455
2022-12-14T14:00:00.0;0.056675919608500734
2022-12-14T15:00:00.0;0.060381538178632344
2022-12-14T16:00:00.0;0.06902709478715564
2022-12-14T17:00:00.0;0.07609696460257026
2022-12-14T18:00:00.0;0.08223926009071844
2022-12-14T19:00:00.0;0.08502558395213212
2022-12-14T20:00:00.0;0.08471114316263438
2022-12-14T21:00:00.0;0.08265108751156397
2022-12-14T22:00:00.0;0.08042735890670288
2022-12-14T23:00:00.0;0.0767416211815463
2022-12-15T00:00:00.0;0.07756998965240065
2022-12-15T01:00:00.0;0.07325191940745725
2022-12-15T02:00:00.0;0.07023495955376649
2022-12-15T03:00:00.0;0.0671951270388254
2022-12-15T04:00:00.0;0.06459034281219332
2022-12-15T05:00:00.0;0.06249038946265977
2022-12-15T06:00:00.0;0.06131795773020483
2022-12-15T07:00:00.0;0.06031417987219573
2022-12-15T08:00:00.0;0.059290762316603546
2022-12-15T09:00:00.0;0.058818419705344356
2022-12-15T10:00:00.0;0.05751169812628307
2022-12-15T11:00:00.0;0.05531052213169748
2022-12-15T12:00:00.0;0.05651674766031711
2022-12-15T13:00:00.0;0.0578257936231756
2022-12-15T14:00:00.0;0.06019114712796904
2022-12-15T15:00:00.0;0.06340068316316422
2022-12-15T16:00:00.0;0.06971050963619775
2022-12-15T17:00:00.0;0.07706041498973075
2022-12-15T18:00:00.0;0.08141034663107653
2022-12-15T19:00:00.0;0.08389047366575035
2022-12-15T20:00:00.0;0.08491556267315414
2022-12-15T21:00:00.0;0.08427349848571658
2022-12-15T22:00:00.0;0.08404002501365294
2022-12-15T23:00:00.0;0.08032561409702689
2022-12-16T00:00:00.0;0.0770716362855317
2022-12-16T01:00:00.0;0.07287975325944047
2022-12-16T02:00:00.0;0.06987894222213391
2022-12-16T03:00:00.0;0.06661583306081897
2022-12-16T04:00:00.0;0.06430707171916493
2022-12-16T05:00:00.0;0.06258170243804471
2022-12-16T06:00:00.0;0.06219518850398196
2022-12-16T07:00:00.0;0.06106783810091545
2022-12-16T08:00:00.0;0.059041337663180274
2022-12-16T09:00:00.0;0.05778112257650806
2022-12-16T10:00:00.0;0.05599388058761327
2022-12-16T11:00:00.0;0.054032630702508605
2022-12-16T12:00:00.0;0.05535003638561141
2022-12-16T13:00:00.0;0.05696172227108631
2022-12-16T14:00:00.0;0.059604802747309005
2022-12-16T15:00:00.0;0.06291260127194147
2022-12-16T16:00:00.0;0.06975989239232921
2022-12-16T17:00:00.0;0.0770924211836701
2022-12-16T18:00:00.0;0.0817602071388532
2022-12-16T19:00:00.0;0.08419829384414801
2022-12-16T20:00:00.0;0.08484111839627229
2022-12-16T21:00:00.0;0.08386762676903514
2022-12-16T22:00:00.0;0.0832320702682001
2022-12-16T23:00:00.0;0.07953072669583941
2022-12-17T00:00:00.0;0.07842270615674733
2022-12-17T01:00:00.0;0.0738241893290139
2022-12-17T02:00:00.0;0.07076092110060495
2022-12-17T03:00:00.0;0.06800006398799367
2022-12-17T04:00:00.0;0.06493401502582694
2022-12-17T05:00:00.0;0.062239567442693135
2022-12-17T06:00:00.0;0.0599896694525959
2022-12-17T07:00:00.0;0.059364738660101585
2022-12-17T08:00:00.0;0.0600552085993159
2022-12-17T09:00:00.0;0.06099223061147211
2022-12-17T10:00:00.0;0.060326197399938566
2022-12-17T11:00:00.0;0.05773047177067733
2022-12-17T12:00:00.0;0.058833234316013984
2022-12-17T13:00:00.0;0.059785173977046024
2022-12-17T14:00:00.0;0.06164880919630561
2022-12-17T15:00:00.0;0.064717310122517
2022-12-17T16:00:00.0;0.07031341827266252
2022-12-17T17:00:00.0;0.07787729634262207
2022-12-17T18:00:00.0;0.08147100992148315
2022-12-17T19:00:00.0;0.08364898164750056
2022-12-17T20:00:00.0;0.08496418141795535
2022-12-17T21:00:00.0;0.08475574328709504
2022-12-17T22:00:00.0;0.08520471242544043
2022-12-17T23:00:00.0;0.08150422811826513
2022-12-18T00:00:00.0;0.07693371324315114
2022-12-18T01:00:00.0;0.07260981950820374
2022-12-18T02:00:00.0;0.06949971997314662
2022-12-18T03:00:00.0;0.06666662885887736
2022-12-18T04:00:00.0;0.06398991793499079
2022-12-18T05:00:00.0;0.06198975468842656
2022-12-18T06:00:00.0;0.0611751971286181
2022-12-18T07:00:00.0;0.06158379691779826
2022-12-18T08:00:00.0;0.06180064424319711
2022-12-18T09:00:00.0;0.06134987203296174
2022-12-18T10:00:00.0;0.059410829694342145
2022-12-18T11:00:00.0;0.05641920271287925
2022-12-18T12:00:00.0;0.05693670429026897
2022-12-18T13:00:00.0;0.058246286871101144
2022-12-18T14:00:00.0;0.061081790507010736
2022-12-18T15:00:00.0;0.06511271402847746
2022-12-18T16:00:00.0;0.07158910601476076
2022-12-18T17:00:00.0;0.08024191932821417
2022-12-18T18:00:00.0;0.0831934757431788
2022-12-18T19:00:00.0;0.08478225856104882
2022-12-18T20:00:00.0;0.08552398516407218
2022-12-18T21:00:00.0;0.08496471461935905
2022-12-18T22:00:00.0;0.08437215823756322
2022-12-18T23:00:00.0;0.08095682397412768
2022-12-19T00:00:00.0;0.08002585675255298
2022-12-19T01:00:00.0;0.07619714094331612
2022-12-19T02:00:00.0;0.07300289137679379
2022-12-19T03:00:00.0;0.07007180081989182
2022-12-19T04:00:00.0;0.06778209295660192
2022-12-19T05:00:00.0;0.06705336095586314
2022-12-19T06:00:00.0;0.06920726179239929
2022-12-19T07:00:00.0;0.07268644410599194
2022-12-19T08:00:00.0;0.07376208066468393
2022-12-19T09:00:00.0;0.07184321167307103
2022-12-19T10:00:00.0;0.0683416180612825
2022-12-19T11:00:00.0;0.06563610410848261
2022-12-19T12:00:00.0;0.06471268550339399
2022-12-19T13:00:00.0;0.06494384887817557
2022-12-19T14:00:00.0;0.066759532595992
2022-12-19T15:00:00.0;0.07085343713159879
2022-12-19T16:00:00.0;0.07708161140635378
2022-12-19T17:00:00.0;0.08661934216807718
2022-12-19T18:00:00.0;0.09025995113118557
2022-12-19T19:00:00.0;0.09157192422108619
2022-12-19T20:00:00.0;0.09132816370815167
2022-12-19T21:00:00.0;0.0898996536652271
2022-12-19T22:00:00.0;0.08717500759753245
2022-12-19T23:00:00.0;0.08384137075582954
2022-12-20T00:00:00.0;0.0784672332552862
2022-12-20T01:00:00.0;0.07458744911357029
2022-12-20T02:00:00.0;0.07140181530861746
2022-12-20T03:00:00.0;0.0684739114175207
2022-12-20T04:00:00.0;0.06621189397086066
2022-12-20T05:00:00.0;0.06534784129558475
2022-12-20T06:00:00.0;0.06711397464343734
2022-12-20T07:00:00.0;0.07001746313400667
2022-12-20T08:00:00.0;0.07063697110790898
2022-12-20T09:00:00.0;0.06864755865013937
2022-12-20T10:00:00.0;0.06514984810175604
2022-12-20T11:00:00.0;0.06220023542834039
2022-12-20T12:00:00.0;0.061508175189791986
2022-12-20T13:00:00.0;0.06222037219142266
2022-12-20T14:00:00.0;0.06473614262216676
2022-12-20T15:00:00.0;0.06918244134222495
2022-12-20T16:00:00.0;0.07583010351070457
2022-12-20T17:00:00.0;0.08550802872368833
2022-12-20T18:00:00.0;0.08868122572289282
2022-12-20T19:00:00.0;0.08985316535796349
2022-12-20T20:00:00.0;0.0897006200487534
2022-12-20T21:00:00.0;0.08841253978110974
2022-12-20T22:00:00.0;0.08596230732060944
2022-12-20T23:00:00.0;0.08271305034639638
2022-12-21T00:00:00.0;0.07759469295757845
2022-12-21T01:00:00.0;0.07325146813998397
2022-12-21T02:00:00.0;0.07014469326845153
2022-12-21T03:00:00.0;0.0673197913224567
2022-12-21T04:00:00.0;0.06458534645795172
2022-12-21T05:00:00.0;0.0625381941874946
2022-12-21T06:00:00.0;0.061659220518803265
2022-12-21T07:00:00.0;0.062111270872497994
2022-12-21T08:00:00.0;0.0625263525221155
2022-12-21T09:00:00.0;0.06227284049838401
2022-12-21T10:00:00.0;0.06049395927662283
2022-12-21T11:00:00.0;0.057626470587529156
2022-12-21T12:00:00.0;0.05814804408064527
2022-12-21T13:00:00.0;0.059266544964884135
2022-12-21T14:00:00.0;0.06176674772812128
2022-12-21T15:00:00.0;0.06556891966675685
2022-12-21T16:00:00.0;0.07180664046431476
2022-12-21T17:00:00.0;0.0802789656498356
2022-12-21T18:00:00.0;0.08345353490415618
2022-12-21T19:00:00.0;0.08515942058185744
2022-12-21T20:00:00.0;0.08594618905577861
2022-12-21T21:00:00.0;0.08538883129948646
2022-12-21T22:00:00.0;0.08484512665566281
2022-12-21T23:00:00.0;0.08136808583527061
2022-12-22T00:00:00.0;0.07736879610839598
2022-12-22T01:00:00.0;0.07298369187918463
2022-12-22T02:00:00.0;0.06989996406921356
2022-12-22T03:00:00.0;0.06703518524286108
2022-12-22T04:00:00.0;0.0642935517894465
2022-12-22T05:00:00.0;0.062131513938004555
2022-12-22T06:00:00.0;0.06096537055269419
2022-12-22T07:00:00.0;0.06089786330240543
2022-12-22T08:00:00.0;0.0609765973579215
2022-12-22T09:00:00.0;0.06081794245576871
2022-12-22T10:00:00.0;0.05925496888083839
2022-12-22T11:00:00.0;0.05649915467774497
2022-12-22T12:00:00.0;0.057277817106659086
2022-12-22T13:00:00.0;0.05852342326957483
2022-12-22T14:00:00.0;0.06106256815360174
2022-12-22T15:00:00.0;0.06473562981868601
2022-12-22T16:00:00.0;0.0710094993834931
2022-12-22T17:00:00.0;0.07919670903638654
2022-12-22T18:00:00.0;0.08253619026202634
2022-12-22T19:00:00.0;0.08439320970681599
2022-12-22T20:00:00.0;0.08528412665905563
2022-12-22T21:00:00.0;0.08477336467293442
2022-12-22T22:00:00.0;0.08446828009161074
2022-12-22T23:00:00.0;0.08093824213728969
2022-12-23T00:00:00.0;0.07679676734431229
2022-12-23T01:00:00.0;0.07249813128919672
2022-12-23T02:00:00.0;0.0693837245775747
2022-12-23T03:00:00.0;0.06654398994593647
2022-12-23T04:00:00.0;0.06390308728353829
2022-12-23T05:00:00.0;0.061966778869091174
2022-12-23T06:00:00.0;0.06128423267318567
2022-12-23T07:00:00.0;0.061787888505408374
2022-12-23T08:00:00.0;0.06196117573460589
2022-12-23T09:00:00.0;0.061382765088046604
2022-12-23T10:00:00.0;0.05932664134658956
2022-12-23T11:00:00.0;0.05629860246146097
2022-12-23T12:00:00.0;0.05676227632175483
2022-12-23T13:00:00.0;0.058104752095474735
2022-12-23T14:00:00.0;0.06102964057173914
2022-12-23T15:00:00.0;0.06514908018093642
2022-12-23T16:00:00.0;0.07170643377561452
2022-12-23T17:00:00.0;0.08045939881869398
2022-12-23T18:00:00.0;0.08335189465035923
2022-12-23T19:00:00.0;0.08488648848997733
2022-12-23T20:00:00.0;0.08557547152541435
2022-12-23T21:00:00.0;0.08498393416477604
2022-12-23T22:00:00.0;0.08429558642815445
2022-12-23T23:00:00.0;0.08090647803099893
2022-12-24T00:00:00.0;0.07432970878931439
2022-12-24T01:00:00.0;0.07039809051532285
2022-12-24T02:00:00.0;0.06727940271158334
2022-12-24T03:00:00.0;0.06437284426440305
2022-12-24T04:00:00.0;0.06194400123521338
2022-12-24T05:00:00.0;0.06039438194289219
2022-12-24T06:00:00.0;0.060685931762358536
2022-12-24T07:00:00.0;0.061520853387834994
2022-12-24T08:00:00.0;0.06050759371298414
2022-12-24T09:00:00.0;0.05794804907876319
2022-12-24T10:00:00.0;0.05455384475750829
2022-12-24T11:00:00.0;0.05150830730978425
2022-12-24T12:00:00.0;0.051387191949086725
2022-12-24T13:00:00.0;0.053026412176744725
2022-12-24T14:00:00.0;0.057084696438185145
2022-12-24T15:00:00.0;0.06279047740584548
2022-12-24T16:00:00.0;0.07091033494858129
2022-12-24T17:00:00.0;0.07997211567643306
2022-12-24T18:00:00.0;0.08278657677782927
2022-12-24T19:00:00.0;0.08384587081345013
2022-12-24T20:00:00.0;0.08391793819308054
2022-12-24T21:00:00.0;0.08335172079401816
2022-12-24T22:00:00.0;0.08161487204057924
2022-12-24T23:00:00.0;0.07857331793875567
2022-12-25T00:00:00.0;0.07609101429145665
2022-12-25T01:00:00.0;0.07183241246698108
2022-12-25T02:00:00.0;0.06877090053180838
2022-12-25T03:00:00.0;0.06595106980542247
2022-12-25T04:00:00.0;0.0630511722200279
2022-12-25T05:00:00.0;0.060661755401592174
2022-12-25T06:00:00.0;0.05922137624860677
2022-12-25T07:00:00.0;0.058800219545676005
2022-12-25T08:00:00.0;0.05833744495633914
2022-12-25T09:00:00.0;0.057427226100446135
2022-12-25T10:00:00.0;0.05555756496933709
2022-12-25T11:00:00.0;0.05299583330449563
2022-12-25T12:00:00.0;0.05357635847928077
2022-12-25T13:00:00.0;0.054785346732092816
2022-12-25T14:00:00.0;0.05768244643725716
2022-12-25T15:00:00.0;0.06224959278628928
2022-12-25T16:00:00.0;0.06933070166088669
2022-12-25T17:00:00.0;0.07706809305832175
2022-12-25T18:00:00.0;0.08066608800519774
2022-12-25T19:00:00.0;0.08243448507332932
2022-12-25T20:00:00.0;0.08319299525096081
2022-12-25T21:00:00.0;0.08305649895153214
2022-12-25T22:00:00.0;0.08256809408874749
2022-12-25T23:00:00.0;0.0791862082883151
2022-12-26T00:00:00.0;0.07512370324589394
2022-12-26T01:00:00.0;0.07112671386482816
2022-12-26T02:00:00.0;0.06796545652486082
2022-12-26T03:00:00.0;0.06504871843060163
2022-12-26T04:00:00.0;0.06281120337663995
2022-12-26T05:00:00.0;0.06159490486467823
2022-12-26T06:00:00.0;0.06241463051071338
2022-12-26T07:00:00.0;0.0639708795419896
2022-12-26T08:00:00.0;0.0635803691789903
2022-12-26T09:00:00.0;0.061467651476562746
2022-12-26T10:00:00.0;0.05804183880918779
2022-12-26T11:00:00.0;0.05461920645019087
2022-12-26T12:00:00.0;0.05445556287878925
2022-12-26T13:00:00.0;0.05617661122793534
2022-12-26T14:00:00.0;0.06015598060979691
2022-12-26T15:00:00.0;0.06535616846099711
2022-12-26T16:00:00.0;0.07291081250037282
2022-12-26T17:00:00.0;0.08276963269947635
2022-12-26T18:00:00.0;0.08501818491408052
2022-12-26T19:00:00.0;0.08593017738967426
2022-12-26T20:00:00.0;0.08600102233414543
2022-12-26T21:00:00.0;0.08506302480216629
2022-12-26T22:00:00.0;0.08325769313365165
2022-12-26T23:00:00.0;0.08017915509086704
2022-12-27T00:00:00.0;0.07512034812362352
2022-12-27T01:00:00.0;0.07113090321843735
2022-12-27T02:00:00.0;0.0679637703307012
2022-12-27T03:00:00.0;0.06504270927523582
2022-12-27T04:00:00.0;0.06284015239995205
2022-12-27T05:00:00.0;0.061685521047780106
2022-12-27T06:00:00.0;0.06261898810727438
2022-12-27T07:00:00.0;0.06428626971398389
2022-12-27T08:00:00.0;0.06392631729784591
2022-12-27T09:00:00.0;0.0617854244611202
2022-12-27T10:00:00.0;0.05829605214656885
2022-12-27T11:00:00.0;0.05482227800624378
2022-12-27T12:00:00.0;0.054627021439920966
2022-12-27T13:00:00.0;0.056372158273624115
2022-12-27T14:00:00.0;0.060391248662319034
2022-12-27T15:00:00.0;0.06559425537407187
2022-12-27T16:00:00.0;0.07314269813316976
2022-12-27T17:00:00.0;0.08312166764921179
2022-12-27T18:00:00.0;0.08529117507547289
2022-12-27T19:00:00.0;0.08616241612058413
2022-12-27T20:00:00.0;0.086205740313959
2022-12-27T21:00:00.0;0.08521920966862934
2022-12-27T22:00:00.0;0.08335823485980387
2022-12-27T23:00:00.0;0.0802901696387042
2022-12-28T00:00:00.0;0.07544408248113445
2022-12-28T01:00:00.0;0.07146524473914917
2022-12-28T02:00:00.0;0.06829632231209126
2022-12-28T03:00:00.0;0.06537459936925613
2022-12-28T04:00:00.0;0.06316629104774267
2022-12-28T05:00:00.0;0.06203976651656119
2022-12-28T06:00:00.0;0.06305377493773309
2022-12-28T07:00:00.0;0.06484063120134101
2022-12-28T08:00:00.0;0.06457541910869885
2022-12-28T09:00:00.0;0.06244917852361242
2022-12-28T10:00:00.0;0.058958999676220473
2022-12-28T11:00:00.0;0.05553592613333049
2022-12-28T12:00:00.0;0.05529261520860873
2022-12-28T13:00:00.0;0.05693783880964073
2022-12-28T14:00:00.0;0.06081151747920718
2022-12-28T15:00:00.0;0.06594133005196878
2022-12-28T16:00:00.0;0.07340264295321665
2022-12-28T17:00:00.0;0.08335249333902295
2022-12-28T18:00:00.0;0.08561908470639792
2022-12-28T19:00:00.0;0.08651941144193338
2022-12-28T20:00:00.0;0.08654378975426338
2022-12-28T21:00:00.0;0.08552809110065225
2022-12-28T22:00:00.0;0.08361011913184997
2022-12-28T23:00:00.0;0.08052452776525296
2022-12-29T00:00:00.0;0.07543623439411062
2022-12-29T01:00:00.0;0.07145713950938487
2022-12-29T02:00:00.0;0.06828826046499552
2022-12-29T03:00:00.0;0.06536655356787675
2022-12-29T04:00:00.0;0.06315838467503211
2022-12-29T05:00:00.0;0.06203117876798806
2022-12-29T06:00:00.0;0.06304323467593176
2022-12-29T07:00:00.0;0.06482719216685333
2022-12-29T08:00:00.0;0.06455968334454314
2022-12-29T09:00:00.0;0.062433087554198775
2022-12-29T10:00:00.0;0.05894292825907174
2022-12-29T11:00:00.0;0.05551862561370438
2022-12-29T12:00:00.0;0.05527647964036279
2022-12-29T13:00:00.0;0.05692412537462421
2022-12-29T14:00:00.0;0.06080132916841529
2022-12-29T15:00:00.0;0.06593291614033814
2022-12-29T16:00:00.0;0.07339634127555474
2022-12-29T17:00:00.0;0.08334689757799561
2022-12-29T18:00:00.0;0.08561113540086472
2022-12-29T19:00:00.0;0.0865107570304258
2022-12-29T20:00:00.0;0.08653559463575244
2022-12-29T21:00:00.0;0.08552060308369538
2022-12-29T22:00:00.0;0.0836040128609489
2022-12-29T23:00:00.0;0.0805188463695987
2022-12-30T00:00:00.0;0.07653929791755884
2022-12-30T01:00:00.0;0.07259634493295186
2022-12-30T02:00:00.0;0.06942136837217659
2022-12-30T03:00:00.0;0.06649740621917512
2022-12-30T04:00:00.0;0.06426964036235103
2022-12-30T05:00:00.0;0.06323820312574731
2022-12-30T06:00:00.0;0.06452468847293405
2022-12-30T07:00:00.0;0.06671607396552831
2022-12-30T08:00:00.0;0.06677137485625391
2022-12-30T09:00:00.0;0.06469470383893622
2022-12-30T10:00:00.0;0.06120179643587354
2022-12-30T11:00:00.0;0.05795024647600323
2022-12-30T12:00:00.0;0.057544364375609384
2022-12-30T13:00:00.0;0.058851574688321154
2022-12-30T14:00:00.0;0.06223331558319181
2022-12-30T15:00:00.0;0.06711550738596361
2022-12-30T16:00:00.0;0.07428205402877508
2022-12-30T17:00:00.0;0.08413339240870528
2022-12-30T18:00:00.0;0.08672842537787485
2022-12-30T19:00:00.0;0.08772715099012078
2022-12-30T20:00:00.0;0.08768743409322881
2022-12-30T21:00:00.0;0.08657305807597535
2022-12-30T22:00:00.0;0.08446226082313804
2022-12-30T23:00:00.0;0.08131737730961754
2022-12-31T00:00:00.0;0.07558538018195403
2022-12-31T01:00:00.0;0.07161117206218133
2022-12-31T02:00:00.0;0.068441468569457
2022-12-31T03:00:00.0;0.06551945673802732
2022-12-31T04:00:00.0;0.06330863812957709
2022-12-31T05:00:00.0;0.062194381153850134
2022-12-31T06:00:00.0;0.06324354280779418
2022-12-31T07:00:00.0;0.06508258884892815
2022-12-31T08:00:00.0;0.06485872729438702
2022-12-31T09:00:00.0;0.06273888185834925
2022-12-31T10:00:00.0;0.05924835099013107
2022-12-31T11:00:00.0;0.055847406324456464
2022-12-31T12:00:00.0;0.05558312150493918
2022-12-31T13:00:00.0;0.057184736790294
2022-12-31T14:00:00.0;0.06099494879001717
2022-12-31T15:00:00.0;0.06609281491250871
2022-12-31T16:00:00.0;0.07351609895367017
2022-12-31T17:00:00.0;0.08345323994964277
2022-12-31T18:00:00.0;0.08576220475483065
2022-12-31T19:00:00.0;0.08667522628499741
2022-12-31T20:00:00.0;0.08669133544278901
2022-12-31T21:00:00.0;0.08566290606594126
2022-12-31T22:00:00.0;0.08372005701050571
2022-12-31T23:00:00.0;0.08062681614979243
